0,1,2,3,4
0.41955984,0.3680032,-0.72745353,-0.71964353,-0.9775498
-0.58149916,-2.3731856,-0.2440962,-1.3153199,0.23414122
-0.5639745,-0.6676525,-0.59804577,0.31830624,0.22156498
-0.43814516,-1.2413735,-0.07029135,0.5452251,0.5109227
0.22086465,0.71653545,2.0164037,0.26346847,-0.19672132
-0.47346237,-0.11691013,-0.47887748,1.1642228,0.014176942
0.033495795,0.60239494,1.4541324,0.8989671,1.5148001
0.7266244,0.5374196,0.26370415,2.0069113,0.5696643
2.4998324,0.85942656,0.32501504,0.89451104,-1.4355638
-0.25709322,0.62665063,0.65213555,-0.811669,-1.7051512
-0.5006635,0.08238401,0.3044944,0.24043404,-0.15908638
0.492089,0.46180126,-0.43128195,0.1988469,-0.5145532
-0.51047426,0.48448563,-0.022794874,-0.4775568,-0.8847007
-1.0452261,0.49020463,0.665501,0.079262026,-0.87719184
-1.0879917,-0.2152712,-0.45658836,1.5220094,0.12775153
-0.5736365,0.15305588,-0.6846224,0.3791244,-1.1624143
0.6275442,1.5933106,-1.6265242,0.9913036,0.42484924
0.96080005,1.0022081,0.9217531,1.2807149,-1.942921
0.24052224,0.48116672,1.6379894,-0.13568197,-0.76239336
0.64855975,0.63711923,-0.3412489,1.7034578,0.522254
0.027886445,0.60323095,0.88481635,0.17671596,-1.041996
-0.56146365,0.17558832,0.10108058,1.3575885,-2.3067033
-0.8428125,-0.6180201,1.2287551,-0.39170894,-1.0103977
-0.67464703,0.7437499,0.12888986,0.6186918,1.6936707
0.69877565,1.0491936,-1.017799,-0.50647527,0.75552106
0.51483613,1.130195,-0.10653718,-0.46612564,-0.6320966
1.0419356,0.8194956,0.12833051,0.50732285,0.57439536
-1.3622037,0.2927407,-0.5060286,-0.18783075,-0.2789465
-0.8059663,0.03646126,-0.5102419,-0.61451906,-0.34681085
-0.52431613,0.42369282,0.36253995,-0.24667558,0.53950197
0.83339155,0.8345872,0.71107554,-0.600465,-0.07832723
-0.8818332,0.24612993,2.6167264,1.4409486,-0.49774042
0.9501557,1.2775238,0.5332905,0.92089176,-0.5079598
-0.9076822,-0.56272256,0.27662167,-0.62937516,0.07595816
-1.0096462,0.0181353,-0.18573612,-0.05424705,-0.5286105
-0.90168303,-0.75429535,1.5300446,0.42685997,1.0213201
-0.7700409,-0.91484237,1.1706697,0.9990095,0.70017093
-0.58225095,-2.5773878,0.29056787,1.472324,-1.0927908
-1.2432071,0.2739459,0.46477374,-0.6696586,2.3204958
-1.5016922,-0.79751945,0.6775637,-0.2785844,0.8981552
-0.68004555,-0.36559284,1.2646952,1.2825582,-0.4672509
-0.7706942,0.68472767,-0.13439223,0.22627603,-1.4844446
-0.93612564,0.046171945,0.82006013,-0.9752045,0.68371904
-1.366406,-0.1396519,0.92450917,0.11835952,-0.04435012
0.60956293,-0.74246645,0.9194582,-0.58419216,0.08239919
-0.2547793,0.8999815,0.6212367,0.22332482,-0.85222393
0.780892,1.1716952,0.21050087,1.660131,-0.12952627
-0.9084829,0.24459037,-0.03327092,0.1118625,-1.755084
-0.44608206,0.81279325,1.278373,0.03829452,1.7550062
-0.4713593,0.47041225,-0.24422322,0.38767445,-0.8711929
-0.7570898,-0.0720561,0.022756085,-0.9922793,0.20357637
-0.9823095,-1.207115,0.49572977,-0.1325056,0.20851223
-0.54708546,1.2979811,2.5853329,0.9536192,0.37992263
-0.2125388,0.3669969,1.8801427,0.08910329,-0.25637752
-0.18578508,0.3315916,-0.0851771,-0.7897441,-1.2797383
-1.366483,-0.0016848492,0.9822145,-0.0743583,-0.4752646
0.59585506,0.8883774,0.090509415,0.536532,0.8894106
0.5352197,1.2230321,0.09592798,-0.9522096,-0.56619126
-0.4279363,0.09689979,-0.7416992,0.590458,-0.09068566
-1.0502161,-1.2780454,0.91261154,-0.26646912,2.43635
-0.65932095,-0.051387694,-0.5303873,-1.6788665,0.36036494
-0.60583967,-0.0892283,2.0889833,0.8279725,0.31820646
-0.91519743,0.03586415,-0.45417148,0.21967219,-2.5578506
-1.0679083,-2.5768845,0.31746668,0.6596461,2.0755808
-0.6049897,-0.2912771,-1.1762525,0.5030942,-1.5059469
-0.17948014,0.3285157,1.3777959,0.3475896,-0.4700329
-0.923954,-1.10355,-0.23232296,0.54328954,-0.6283588
0.093390934,0.3479808,-0.48722428,0.40196708,0.3874402
0.039210748,0.4844115,0.13703997,0.299872,-0.25283268
-0.8446324,-0.7404864,-0.4549356,0.6006721,-1.1943226
-0.86803854,-1.1735561,-0.667711,0.2236086,-0.90591437
-0.029751807,0.6033611,1.7661331,-1.7618097,-0.0638718
-0.96799296,-1.1508197,0.95158625,0.6233659,1.2830087
-1.9099066,0.07344148,-0.86359024,-0.640792,-0.5570408
-0.29764608,0.56887054,1.4538653,-1.1073426,-0.89214116
-0.35549274,-0.023950074,-1.5138049,0.27540204,1.2096999
0.8315011,0.73283905,0.66573787,-1.0204443,-0.42876622
-0.1933887,1.5154994,1.3215536,0.8612184,-0.31603432
-0.28247103,0.53520936,0.33362502,-1.4643056,2.2085514
-0.6460133,-0.05934263,0.6373308,1.1331764,0.75828373
1.1828978,1.4979427,1.5340391,0.8818753,-0.6060199
-0.25239384,0.82262707,2.6652832,1.779154,-0.25803927
-1.117925,-0.6727689,0.24562491,-0.94017935,-0.8784333
-0.8592017,-0.39983943,1.0054818,1.4524624,1.9978331
-0.8289932,0.6123339,1.2015423,-0.825022,-0.27154812
-0.41221493,0.4847203,-1.6248026,-1.2812036,-0.7252432
-1.4220313,-2.3270206,-0.30704543,-0.46777356,-0.5376015
0.0009542458,0.8370462,-0.5229654,0.6749036,-1.0002676
-0.45880413,0.44801,-0.27129307,0.25079936,-1.0194415
-0.9243257,0.049845017,0.072386034,-1.0226713,-1.3554341
-0.76970327,0.64531165,2.122211,-0.65586346,-0.48136103
-1.0253577,0.95706147,-0.5509563,1.1256983,-0.9832656
-0.18356305,0.62599325,-0.20292264,-1.6232443,-0.67531437
-0.49688366,0.068913564,2.0582087,2.1478336,0.71834403
-1.1408621,-0.25663725,-0.6393806,-0.8550359,-0.027499728
-0.92395556,-0.6076563,-0.33690295,0.43945467,0.25200307
-0.25057644,0.28771952,1.1170355,-0.94717485,-1.9527715
-0.75245184,0.88805854,-0.1535165,-0.45072484,0.88840556
-0.81758976,0.8755567,-1.1761241,-1.1339214,-1.5134553
-1.2016729,-0.059442215,-0.1495005,-0.27476737,0.40946594
-0.7260015,0.06851943,0.08269511,-0.9510324,0.50254804
1.2835792,1.5052006,-0.12331165,0.83496857,0.9962698
-0.596171,-0.34133583,1.1403018,1.3631355,0.6643164
-0.9263947,1.1619188,0.03267886,0.66546464,0.26251063
-1.5962794,0.038667716,-0.9474086,-1.6627599,-0.018062051
-1.2225386,0.5778277,1.7134669,-0.85182685,-1.0481726
-1.4007984,0.2170636,0.2500818,-0.42369443,-1.1507592
-1.0808159,0.18113558,0.08213518,-0.52198774,-1.0429219
-1.1069326,-0.57752234,2.1310616,1.3137133,-3.065554
-0.8406872,0.25230753,0.491331,1.1661191,-0.79098135
-0.9778112,0.46173018,0.88244355,-0.38247383,0.555639
-0.4665095,0.27302918,0.12998581,-2.7852309,-1.835915
-1.2753955,-0.0020154358,1.2640702,0.52019143,-0.146794
-1.9773221,-0.27959657,0.4424104,-0.081913605,0.20726584
-1.6098194,-0.8146461,0.26126617,0.30660596,-0.046749018
-1.3473417,-1.4451821,0.724561,0.9187133,-1.7004873
-0.9672433,0.43591663,2.1151514,0.084879115,-0.29042435
-1.304942,-0.5340596,-2.6090884,0.26874357,0.20466419
-1.3577232,-0.05792502,-0.18659258,-0.28982198,0.12461196
-1.5165153,-0.99335,-0.35776916,1.3096688,-0.17845933
-1.0270499,0.2707648,0.0003198457,-0.33818075,0.25069258
-1.1478072,0.7330596,-1.2077923,-1.192051,-0.23299226
-0.8971535,0.52102,0.2648091,-0.7797334,-1.498485
-1.0403789,0.037835628,1.7103101,-0.24285777,-0.42061085
-1.28914,0.35450378,0.5742807,-0.25423792,-2.634855
-0.025212454,1.0130162,0.17252664,-0.18445325,-0.037901577
-0.497355,0.61600345,0.7567113,1.6202723,1.5136986
1.0727559,1.6235704,-0.12644297,0.8722348,0.6107996
-0.8226113,-0.7797588,-0.9572749,0.3792131,0.652048
0.54262835,-0.08996545,1.1213949,-0.65780157,-0.29832706
0.3052438,0.44360554,1.965701,-0.038184084,-0.10017138
1.5298535,1.3607881,-0.13724674,0.95548457,-0.26735836
-0.6015116,0.4147295,1.3503648,0.76498276,-0.7614389
-0.0133841345,-0.7666135,-1.325993,-2.4454098,-0.24925257
-0.48787612,0.0887765,-0.4144696,-0.8248626,-0.8403638
-0.3215538,0.26888537,0.60607207,-0.15621126,1.7777004
-1.7400342,-0.9618713,1.4592686,3.0127068,-0.4170096
-0.9213251,1.7777334,1.655471,0.2932184,-1.3445904
0.45302626,1.1680193,0.010101232,-2.109992,0.3820675
-0.7484416,0.7457217,0.6271045,0.30687484,0.1159636
1.4583304,1.0536275,0.39010286,0.16648753,0.23248485
-1.0638441,-0.068175316,-0.7324058,-0.9142313,-1.1902356
-0.52114034,0.6165152,0.7474549,-0.052789204,1.0555317
0.68850577,1.7800522,-0.71442336,0.9667257,-1.7982252
-0.29833356,0.7670191,0.18470499,-0.52184683,1.0244732
-0.77867377,0.69654536,0.27425662,0.5983561,0.77373797
-0.680136,0.96301323,-1.0212612,1.932383,1.1363055
-1.1079017,-0.9404585,-0.68378323,0.08455266,-0.02224558
-0.9948601,-0.08210387,0.9485148,0.64963245,-2.326808
-0.5408892,0.41001204,1.2901481,-0.4525936,-0.7144913
-0.03870918,0.4988734,0.31261012,0.54268295,0.40384018
-1.1206057,-0.99941474,-0.25838917,0.0016333319,-1.2328736
-0.40230966,-0.42479897,-2.0962956,0.32310194,-0.843131
-1.0184164,-0.036443595,-0.32653758,-0.32540834,0.3412505
-1.1435498,0.3161503,0.4797193,-0.046683054,0.6952928
-1.2161386,0.22682942,0.7408289,-1.2555432,0.8951985
0.408374,1.2218953,1.6989647,0.00032657475,-0.1196852
-0.92289186,0.39980823,0.3152963,-1.2126485,0.059132032
0.9862019,0.80890703,1.6695882,-1.6539688,0.3038619
-1.0248972,0.7766586,2.0145504,-1.2999355,-0.7941087
-0.9477155,-0.1757519,-0.9965287,0.7729917,1.0241542
-0.74824244,0.8312354,-1.3390421,1.4739441,-0.611488
-1.3163323,0.2937538,-1.2956619,-0.57662207,-0.028097635
0.9630387,1.0215319,0.6010502,1.7000426,1.7652291
-0.9722394,0.79162407,-1.1177723,1.3245122,-1.4807901
-1.4915918,0.0101392595,1.1885532,1.1592588,-1.6256397
-2.3966804,1.2487628,0.312775,1.2996967,-1.729612
-0.74812883,1.5791205,0.9250802,-0.18497129,1.4225569
-0.6636689,0.2612543,1.5941732,0.33940598,1.1949285
-0.3451352,-1.2245746,0.7144922,-0.61093944,-0.84676194
1.1660693,1.3749757,0.8533406,0.17326716,0.5196872
-0.29988948,0.81803507,0.8005637,0.2509845,-1.1979346
0.09688264,0.4996025,1.1808048,-0.5517466,1.5859774
-0.9554372,0.32215136,0.7762299,0.3127436,0.048252836
-1.1667769,0.4357635,-0.60785013,0.42377365,2.330168
-1.5393654,-0.15989394,1.0111377,1.3133487,-0.9761026
0.37098408,1.2624589,-0.26562768,-0.34582552,-0.65198815
-1.4790486,0.11879171,-0.45942992,0.91770124,1.346289
-1.0124315,1.361127,0.60859036,1.0405445,1.270884
-1.3544923,0.05975088,-2.6910357,-0.8820359,-0.37822622
-1.0085382,0.64870375,1.5540973,-1.09623,-0.22965762
-0.3811697,1.720904,-1.0478612,-0.2997267,-0.3335515
-0.5795662,0.19996898,0.4229571,-0.73213184,0.06539701
-1.1559415,-1.6624287,-0.2909377,0.11639779,-0.10743958
1.288422,0.9583942,1.4044557,0.30752888,0.5199197
-0.19275717,0.9524405,-0.7638171,0.6622652,-0.55763054
-1.3312142,-0.5258424,1.7158058,-0.2467476,-0.05252176
-0.7085473,0.7374346,0.43083084,0.27016598,-0.20399942
-0.9416379,-0.97516274,1.1530665,2.3291984,-0.70966375
-1.1118697,-0.05911159,-0.7049578,0.41576064,0.6250313
-0.4492358,0.84221506,-0.7996306,-0.796709,1.9722779
-0.894237,0.06782413,0.56882393,-1.7193958,-0.19214016
-0.992533,0.25613,0.5980207,0.8373594,-0.65369266
-0.8736901,0.5177642,-0.12717246,0.6310518,-0.8234103
-1.3484124,-1.1376326,1.8719403,-0.7892118,1.1095716
-1.0070051,0.5137076,-0.029477365,0.18660578,-0.36029556
0.8182692,1.207529,-1.273823,-1.0077984,-0.35503325
-1.3371847,-0.73535174,-0.57628626,0.2736111,-0.64514637
0.76515204,1.0177033,0.6606405,-0.9394423,-1.2760882
-0.9774966,0.20305732,0.95948285,-2.4495003,0.5987192
-1.2287871,-0.076836124,-0.8625298,-0.17010447,2.6857715
-1.299035,-0.78690135,0.7100485,1.3858753,-0.6047876
-0.9504024,-0.1266824,-0.44680977,-0.5469783,-1.2145557
-1.290611,0.070778154,1.5382638,0.08836269,1.8346732
-1.4521761,-0.16271588,-0.8554554,1.2177764,-1.119586
-0.98499364,0.48567012,1.2874415,-0.8518089,0.512711
-0.66591233,0.43515608,-0.4807551,1.4362714,0.22368708
-0.8070242,-0.077932484,1.2962699,0.08525804,-0.4767999
-0.5980583,0.23516211,0.7667499,0.5792623,-0.07605226
-0.12393888,0.5505993,1.1536189,0.1145754,0.49314174
-0.6164692,0.85682315,-0.14868031,1.2721647,0.89091897
-0.78732455,-0.441705,0.83135515,0.64254665,-0.068309665
-1.3922046,-1.1459494,-0.9578071,0.046969544,0.5226969
0.5059901,1.064628,-0.33163527,-1.4506248,0.94010276
0.5490774,0.8109931,1.5778807,-0.15593034,-0.2604985
-0.28735897,2.3232057,0.81501347,0.24737948,-0.30738568
2.4420385,1.163159,1.7866634,1.6179233,0.9957971
-0.5652195,0.42623383,-0.8204408,-0.3305769,-1.5934576
-0.851321,-0.21338938,1.3217484,0.15509339,-0.7103356
-0.7626707,0.624311,-1.1921161,-0.54009056,-0.55668306
-0.6230054,0.6256429,0.1443299,0.73723906,-0.24321716
-0.6302571,0.63200474,0.61212957,0.3302745,0.29669598
1.2535325,1.1338966,-1.6125587,0.45731914,0.23788661
-0.98247886,0.27917355,-0.5957997,-1.8743031,1.0271786
-0.79673773,0.88882744,0.99813616,0.75840956,-1.9608269
-0.3244641,0.5909198,-0.47701722,-0.9788284,-2.9476552
0.22212113,1.0512818,-0.10931118,1.1465677,0.18675548
-0.59338677,1.7913015,-0.43323544,0.23242033,0.2311773
-0.93072206,0.48273617,1.6231165,-0.21690446,-0.6787664
3.2265263,1.1923658,-1.3753065,-0.27638754,1.853891
-0.8357276,0.4349655,0.70756507,-1.8421861,0.19236676
-0.732743,0.36470428,-0.08580817,-0.48235178,0.09604696
-0.42494065,0.27586353,0.79802626,-0.04932221,-1.3245108
-1.3647137,0.4221218,0.36183712,-0.3747672,-0.3078411
-1.5381286,-0.9940307,0.11756492,0.75993484,-0.4924817
1.1137935,-0.9169447,-0.4722436,0.4624208,0.8089904
-1.0503192,-0.07690395,-1.7718297,1.3801756,-2.6612713
-1.135596,0.6958041,1.6319395,1.2472895,-0.60701853
-0.41891965,1.2690095,0.1691218,-0.9301851,-0.41374373
-0.63704365,0.5564562,-0.00748477,1.0633827,-1.1336476
0.42913538,0.8828963,-0.34192288,0.13220331,0.9272593
-1.0905244,0.30732504,-0.76260626,-1.2577991,-1.213102
-0.88825345,0.18400331,0.12012126,0.6435466,0.015314804
-0.6526858,0.87722033,-1.2192335,-0.8245046,-0.08838903
-1.4327877,0.6178222,-1.5796403,-0.97109365,0.36776024
-0.060343027,0.8309401,-0.576119,0.18358509,-0.5221798
-1.0809021,0.8198787,0.6059885,0.45666194,-0.12555024
1.5575631,-1.2226753,-0.48045927,1.484214,0.29815078
0.7893076,1.263854,-0.8933384,0.25436383,0.0788529
-1.449884,-0.008645343,-0.20167692,-1.3732435,-0.80538946
-0.07413524,1.3555132,0.7116616,-2.0905802,-0.96106446
-0.6156403,1.8917338,-0.085216224,0.89576983,0.8086113
-0.75427675,-0.7471023,1.0400003,-1.2205693,-1.4355052
-1.0779243,0.067436814,0.6475122,-0.8818732,-0.21598628
-1.7721323,-0.5016963,-0.6924048,-0.024944965,-1.0726645
-0.11377416,0.7187409,0.21236297,-0.71124965,-0.809517
-1.7346493,-0.018899491,0.37676388,0.65030336,0.6375741
-0.7268588,0.09473682,0.3384228,-0.12110625,-0.12998064
-1.2130399,0.16534781,-0.06761807,0.691839,1.5986127
-1.4097098,-0.09493872,-1.2575881,1.4405433,0.9194955
-0.8587792,1.0387197,1.4047619,-0.62012976,-0.032895524
-1.3441101,-1.2570425,-0.4729699,-0.81168276,-1.3414192
-0.68007696,0.2757517,-0.9059323,0.12033043,0.86693704
-0.95049495,-0.016493162,0.8166049,-0.18993886,-0.17922485
-1.6271307,-0.00069192465,-1.1979027,1.1279604,-1.2473398
-1.220097,-0.5307377,0.599945,-1.1563897,-0.5315802
-1.8074479,0.07435497,-1.0702791,0.2401932,0.29005963
-1.2205875,-0.39281487,-0.7557161,-0.04363598,0.48352548
-0.1403541,0.94879293,0.6710447,0.05973694,-1.0162272
-0.9484549,0.32120314,0.16379613,-0.09658098,1.1116196
-0.7214234,0.15047008,-0.061523955,-0.6217022,-0.28103057
-0.94387865,0.1541235,1.662831,-1.4519808,-0.7889908
-1.2633897,0.27193728,0.9829389,-1.2470537,-0.90925264
-1.2974799,1.3222737,-1.2198675,0.5791703,-0.38057458
-1.5546236,-0.8707335,-1.4995697,0.9009734,-0.95861894
-1.498163,0.2611526,-1.3046763,-0.23771846,-1.1078392
1.1043394,1.3531688,1.9591548,-1.0456824,-0.08698434
0.40215468,0.98205817,-0.90944123,-0.0599311,-1.1318823
0.3828031,0.791538,-1.1883243,-0.97638804,-0.99343157
-1.2973909,-0.48540744,-0.75092214,-0.23139387,0.5414728
-1.2359474,-0.6371085,-0.169119,1.4417703,0.6406336
0.3301407,0.92285043,-0.17765535,0.6345098,1.3161727
-0.05993898,0.85887897,0.18502519,0.60138214,-0.24828333
-1.1267166,-0.14415818,0.7711954,-0.369533,-1.644762
-0.90145135,0.39977857,0.062479682,0.012450395,-0.025137994
-0.87393105,0.20655042,-0.4194161,0.23056036,-0.01904553
0.11237352,1.2107307,0.065348774,-0.35141182,1.2926065
-0.21023898,0.73223126,0.3522454,-0.18914752,0.38719186
1.7468566,1.5968496,-0.67848384,-1.2712065,0.5265756
0.21950854,1.3157012,-0.14934403,-1.4741427,0.6826981
1.1771479,1.312544,-0.19506083,-0.61178434,-0.63271254
-0.99932986,0.105668664,0.8633525,0.34255195,0.06673882
-1.4930305,-1.2510804,-0.007912168,-0.0066003175,0.065095015
0.33490145,0.9515702,-1.2110795,-0.14420658,0.011591498
1.4236668,1.0794959,0.62205875,-1.0004661,-0.10982477
-0.98985565,0.45157167,-0.33872494,0.93336004,-0.5917561
-0.8136391,0.23473561,-1.80973,-1.0119107,0.86516714
-0.7230683,0.9884261,1.3817718,1.6600201,0.03313823
-1.5331757,0.38665843,0.65944195,0.8067336,0.10234112
-1.2757505,0.17931806,-0.16394596,-1.2812828,-1.0325019
-0.942202,-0.5800519,1.2369809,1.0007426,-0.7381724
-1.465582,0.32136092,1.1358455,-1.6768337,0.29990113
-0.8513963,0.70702434,0.57272834,-0.4370697,0.28113905
-1.1439596,0.7121375,0.6609012,-0.6655917,-1.4085606
-1.2104844,0.7090208,-2.0405743,-1.8048961,1.3004032
0.20897461,1.1644039,-1.2204223,0.82381713,1.0542107
-0.981195,1.3912061,-0.29520124,0.23463145,-1.4278203
-0.5686247,0.6008092,-0.2083798,-0.6445192,0.61102456
-1.1017783,1.0367088,0.80888283,-0.021675615,-0.90038127
-0.84097576,0.9995875,-1.0696042,-0.05552443,0.6300698
-1.0175588,2.5611959,1.2967755,0.6614996,0.43033975
0.35126343,1.422203,0.60735416,0.43060908,1.5979012
-1.8988112,-0.51027656,0.26755726,0.18646586,0.33000734
-1.5192616,-0.92356974,-1.9287151,-1.595229,-0.25462055
-1.1647418,-0.21701542,1.4724276,-1.8016995,-0.7804339
-1.3977987,0.5067828,1.2068702,-0.098273195,-0.8945967
-1.9780599,1.0674571,2.329586,1.1385272,0.0029952284
-0.54135954,0.9466014,0.274202,-0.20031145,-0.65518254
-0.52664673,1.1325473,1.1956304,-0.6304634,-0.19691655
-0.9135224,1.0538731,-0.5225796,0.71474427,1.5220388
-0.76937115,0.72754556,0.08886455,0.87018484,1.133481
-0.77617455,1.2158955,0.3340541,-0.11437154,0.58122
1.9945345,0.8672493,1.4107838,0.10494135,0.8842774
-0.60418624,0.66709214,-0.6546293,-1.7573444,1.230489
0.6283604,1.1134262,-0.46501455,-1.506514,0.03587353
-1.0411451,0.664284,-0.082679115,0.024607288,-0.24201423
-0.6423875,1.0566809,0.44072378,1.4687812,0.4722481
-1.2409612,0.2635703,0.08685674,0.73166627,0.48706436
0.76301706,1.6277633,0.65328604,0.8613089,0.22460103
-0.5312598,0.69975424,0.61829346,-1.3650196,1.6542529
2.230064,1.4184922,1.8962717,-1.1688592,-0.28018773
-1.3799937,-1.4933146,1.5352943,3.1237822,-0.012786837
-1.6573234,-0.76988095,-1.1372457,-1.4518816,-2.0301862
-1.0769935,0.31548044,-0.55259454,1.1485723,-0.49039125
-1.2191242,1.0217335,1.3781036,-0.58575004,-0.12024439
-1.2709781,-0.23302607,1.5852019,-1.4464684,1.188336
0.6984844,2.1914797,-0.47346398,-0.4227651,0.5959282
-0.8877272,1.0471714,0.74989337,0.17079552,0.20375706
0.22787596,1.3846514,-0.14674392,-1.56153,0.0084612435
-1.2384824,-0.9184311,-0.2651877,0.6126639,-0.017244298
1.0988814,1.1919194,0.49741122,1.5312555,-0.5046656
-1.9255545,-1.4073563,-1.3372362,-0.99920315,1.0055387
-1.5604349,0.20854886,0.85726285,-0.12265484,0.18380822
-1.6227472,0.08117019,-1.0188432,-0.27312568,0.009469221
-2.442761,-1.0435166,-0.73672414,-0.80374384,-0.25171626
-1.3644949,0.31978786,1.0544379,-0.62348187,-0.96644753
0.5651575,1.1892751,1.6777904,-0.65842164,0.3743423
-1.071404,-0.25325328,0.28949562,0.63499224,-1.5704597
-1.7897109,-1.1322109,1.2991914,-0.0076999026,-0.20294726
-1.0312544,-0.21055949,0.90297514,0.37341854,1.6941586
0.083791435,0.9556302,-2.1971948,0.17911088,0.14824784
-1.2670372,-0.07414579,-1.0152638,-1.188143,0.02309207
2.0178118,1.5890306,0.6930859,-0.21439001,0.0054672873
-1.9169824,-0.015119854,-0.17484489,-0.32549804,0.77205557
1.7832606,1.6171054,0.49289545,-0.29785788,-0.35969624
0.31727585,0.9890894,1.8122041,-0.8976453,-1.0631065
1.3910947,1.4860184,-0.06430495,1.05177,-1.1049254
-0.8858752,0.4812493,1.0292945,0.17666925,0.5220344
1.9906918,0.8310036,0.10351608,0.32447323,1.0214939
-1.3918957,1.0225874,0.7574629,2.3225427,1.1287413
0.07406499,0.90677094,0.28178474,-0.036037043,0.19811067
-0.0066175973,0.8625423,1.632302,-0.104756646,1.4025121
1.021221,1.7989306,-0.50062287,-1.0553787,-0.9820335
0.6085866,1.5958024,0.11605523,-1.2884845,0.2106832
-0.68939835,-1.5209805,-0.7479468,0.4030119,2.468883
-0.764681,-0.34064424,0.44690284,0.9831311,1.3619583
0.86890346,1.0775946,0.9487352,-0.3212385,-0.34023494
-0.624778,0.33898652,-0.7876914,-0.42992964,0.9438456
-0.38505942,0.32193428,0.23691812,-2.2590678,0.96466565
-0.45823237,0.82330567,-0.9481497,2.447374,0.64090455
-0.059737835,1.1474744,0.18340215,0.27238375,-0.49270767
-0.86054325,0.60144967,-1.0359316,-0.7809229,0.2890707
1.0881333,0.94902307,1.7777809,-1.3746693,0.21835113
-1.3881657,0.4989783,-0.31018624,-2.2075913,0.0024525276
-0.64964944,0.73424333,1.4390743,0.41585892,-1.4202589
-0.8361771,0.3663301,-1.5112383,0.71513027,1.4239923
-0.47236183,1.151473,-0.12947458,1.058462,0.9561867
-0.0797028,1.1595641,1.0495313,-0.2595138,0.95019495
-1.6238505,0.17029816,0.17710981,0.48370183,-0.009116236
-0.9354107,0.6973334,0.60687596,-0.13983212,0.40282828
-0.6088296,0.23823182,0.22091798,0.4887696,1.1755909
-1.1120552,0.110336065,-0.42724404,-0.11642374,1.7624648
-0.8430867,1.2592279,-0.42334273,-0.5143925,-0.50787884
-1.1408069,0.5002205,-0.19293076,-1.323536,-1.4350377
-0.72824126,0.6608515,-0.31823573,-0.5866143,-1.094522
-1.2076695,0.64426905,0.6113937,-1.8930607,-2.0769653
-0.9814206,0.5144131,-0.8676375,0.0036796862,1.547038
-1.2869433,1.0549339,0.56268334,-0.29750898,-0.17787136
-0.8370537,0.7288838,-0.848096,0.25006017,-0.06752722
-0.39651105,0.99077445,2.8438444,-1.4757783,-0.4294888
1.7204064,1.4507291,0.9882603,0.12357199,1.409968
-1.0873704,0.36419612,0.5616032,-0.21221733,0.010212572
-1.0172336,0.8554306,0.54739225,0.71753216,-0.38636062
-1.1783631,0.4080575,0.83979833,-0.6088119,1.7362348
-1.2500062,0.7536465,1.0056366,1.0635289,-0.1410576
-0.96037626,0.75635165,0.035394035,-1.7563192,0.66114706
0.2002815,1.4910567,-0.31818762,0.3379736,-1.699908
0.87616193,1.2533348,-0.08339734,-1.6282744,-0.9618871
-0.730491,0.49322906,-0.58401895,1.27546,0.8533711
-1.0332102,-0.17505796,2.034528,-0.6968139,-0.061814435
0.45479545,1.2457263,1.9011022,2.3317232,-0.469446
-1.1849583,0.31201032,-0.10914102,-1.0917505,0.87032264
-1.1666971,0.49472645,-0.8186044,-0.84543544,-1.0951924
-0.51852256,0.7002755,-0.91745025,0.1318069,-1.6979399
-0.85708904,0.61111534,-0.67902434,0.64310527,0.07852625
-0.25648627,1.0243397,0.5530996,-1.258504,-1.3193452
-0.019335426,1.3638282,-1.219761,0.585227,0.48304954
0.674526,1.3457092,1.7359937,0.4406914,0.8174222
0.46806735,1.7373086,1.8631202,0.40601838,0.920612
-0.2216113,0.81891096,0.30862474,-0.44403026,0.5923133
-1.5867714,0.23126267,-0.63975674,-1.1893692,0.054568145
-1.285671,0.9214968,1.0871774,0.2875105,1.2663502
-1.2143044,1.3077444,1.6538622,-0.59190226,1.8332993
-1.5351623,0.044230834,0.36780635,0.7857823,-0.62833816
0.60420734,1.5816398,1.168841,-0.9926575,0.036010645
-0.82164377,1.1407772,0.77987987,0.27115473,0.45253587
-0.22459038,0.742858,2.6429102,1.7331134,-0.89770174
-0.5720876,0.94586354,0.6755144,-0.39456606,-0.2439972
0.03558304,0.85060817,1.4354088,-0.6744114,1.2186316
-0.7722759,1.2025942,1.9951735,-0.8388131,1.1556435
-0.89652336,-0.8358391,0.5492687,-0.004393257,-0.61936104
-0.66704994,0.35323364,-1.7028673,-1.0857441,1.653764
-1.9258701,-0.19359006,0.2985191,0.06772398,-0.3297715
-1.9767699,0.25133613,-0.34163323,-0.61786056,0.048234805
-0.087964326,1.4802086,-0.11791872,0.6393896,1.6081651
-0.7221111,0.89234376,-0.4640737,-0.78708524,-0.48811173
-0.5796083,0.99688244,0.63012403,-0.24085957,-1.9777111
-1.0602354,1.0420103,-0.77007496,-1.0951158,-1.3646204
-0.9800376,0.5615175,0.2689676,-0.86811066,-1.3543802
-0.63216275,1.6775442,2.5391626,0.82933795,-0.042786904
0.21819592,1.6745113,0.26149392,1.0529132,-0.17413114
-1.030546,-1.0308136,0.53320354,2.2946815,-0.83672994
0.28967932,1.0147607,-0.7713983,1.321442,0.49093372
-1.917785,-0.2562686,-0.10674924,-0.78797185,1.6491563
-1.3039305,0.3784396,-0.66137373,0.20511551,-0.26619375
-1.6094905,0.23044029,-0.25383726,0.77954435,-1.2000504
-1.6195016,0.042279925,2.2115352,0.7331604,0.67449147
-1.3760753,-0.06645537,0.75545126,-2.1363795,2.4174395
2.9459927,1.754326,-1.0041875,-0.5253569,1.5141572
-1.3839506,0.36492133,0.5396515,-0.4533605,0.82841873
0.5971924,1.3703421,-0.33598208,-0.012289014,-1.6849421
-1.130283,1.493989,-0.48255667,0.35927016,0.21159048
0.69044113,1.3358911,-0.56031597,-0.7820531,0.38653862
-2.2058725,-1.5838624,-0.6979736,0.74233866,-0.4927977
-1.0657467,-0.5291932,-1.3699934,-0.81678456,1.3154956
-0.89664173,-1.8552548,-0.5279866,-0.4465219,-0.27486965
-1.2362176,0.45640853,0.9399167,0.24882565,0.77793473
-1.6149229,0.14475498,1.2056425,-0.18005487,-1.2412373
-1.5520326,-0.090286225,0.059803136,0.86441666,0.269607
-1.1194144,1.6629939,-0.87597775,-1.2955147,0.93193805
0.030677103,2.2456887,0.05444066,0.54104215,-2.0641873
-1.3211157,0.56056935,0.06738115,1.4208616,0.27067074
1.0725733,1.4137928,1.4417855,1.3254733,0.60529214
1.7049713,1.9019744,0.17274608,-0.7897176,-1.2471682
1.8165013,1.7179483,-0.671752,-0.50403935,0.7370017
-0.6242798,0.14586373,0.26824465,1.3596462,0.9579046
-1.1446109,0.76636857,-0.0062848954,-0.59274787,1.080068
-1.4213307,-0.12166187,-1.5801611,-1.6329823,-1.9723468
-0.7450546,0.4932514,0.26155245,0.8972766,1.4924445
-1.0984406,0.61439544,-0.8485051,-1.4348856,-0.5172192
3.164156,1.4249697,-0.84764326,0.71856827,-0.21049294
-0.20384932,1.0209897,1.1325525,-0.9896175,0.6324856
0.4713463,1.5051861,-0.7279479,-0.91793764,0.42416567
1.2748438,1.8119268,1.6574407,0.5172742,1.507043
0.53959805,1.2788666,0.8606008,0.98450994,-0.65426576
-1.091563,0.17547534,1.3731314,-0.70384413,-0.8785153
-0.90068895,0.77385163,-0.85313225,-0.21379557,-0.0049340604
-1.6996217,-0.63112754,-1.4310501,2.6009834,-0.24121812
-1.1558125,-0.37017077,1.2530657,0.24640888,0.1587652
-0.7165167,0.54197156,0.21715602,-0.3054934,0.032552052
-1.4397188,1.3737168,-0.28143188,-1.532202,0.96107644
0.44833314,1.2098993,0.9662764,1.2512108,0.019070918
0.861892,1.3018475,0.4156862,-0.04931514,-0.75057536
-0.24643469,0.98199475,0.015339856,-0.14680968,0.6169413
-1.6953682,-0.20097578,-0.95910394,0.5594731,-0.2162483
-1.601355,0.043621104,0.28284252,-0.9365191,2.5624132
0.14190564,1.0393809,-0.7280816,-0.15943979,-0.120719105
0.50669694,1.0708294,0.3671704,0.64444125,-0.47647423
-0.03753892,0.8640612,-0.4677812,-2.1196926,-0.12117974
0.9880059,0.7334295,0.67247593,-1.1568604,0.5914589
-0.4399706,0.82494354,-1.6903156,0.5009371,0.08259176
-0.6964304,-0.109625906,0.36252278,0.3572998,-0.7075484
-0.9211122,0.4469089,-0.9430169,-1.6697967,1.3187003
-0.59533393,0.24225815,1.5224496,-0.32869822,0.6204549
-0.74101293,0.20577312,-0.9070474,-1.082534,-0.07192244
-0.6996309,0.82971877,0.022748876,0.3883072,0.2766229
-1.3584077,0.26134863,1.5570925,1.5432379,-0.19155382
-0.7124295,1.8880347,0.4035644,-0.4429341,-0.11951759
0.7737485,-0.07835296,3.1089666,0.11207408,0.1299336
-0.80088323,0.53217167,-0.23042025,0.51319164,0.8881083
-1.0281055,1.2974229,-0.22500917,-0.18443374,0.720079
-0.50287235,1.0345798,0.7229218,1.4852434,-0.74492043
-0.47463092,1.2088809,0.12140902,0.09429627,-0.2089874
-1.8679358,0.472082,0.62259734,1.0063636,0.23735805
-0.933498,1.0628142,-0.014383949,-0.07375608,0.5845625
-1.7760141,0.17296363,0.7251136,0.8143716,0.712041
-0.49878156,1.9543548,-1.1858028,-0.3446159,0.56773627
-0.9921299,1.411786,1.1515902,1.0910738,0.7317692
-0.64139926,1.3506551,1.481501,0.3374778,-2.2165425
-1.3953435,-0.81290346,1.122669,-1.0910809,-0.9460943
-0.3516451,0.9855681,-1.300285,0.4548783,-0.0031926574
-0.92325175,0.7179369,0.07886757,-1.027268,1.7278855
-0.44328338,1.1461599,-0.1148702,1.593627,0.95937985
-1.0192989,1.8569607,0.935397,0.5025028,0.2569985
-1.0356921,0.3063697,-0.345075,0.4337165,-0.38999128
-0.43162033,1.1214617,-0.078554906,-0.008643204,-0.41013488
-1.7779652,0.6778164,-1.1996397,0.68158185,1.7826564
0.73989445,1.1705872,-0.3563146,0.6143721,-0.6819939
-1.4277154,1.6446586,-0.28685912,-1.0980804,-0.44834575
-1.444747,1.3017496,0.18951908,0.25456017,1.4557437
-0.5165705,1.4904917,0.00667958,0.09573709,-0.3077459
-1.3685263,0.7747253,0.28789717,0.7764723,-0.016723508
-0.27768752,0.8481171,-0.55466515,0.7181177,1.3376529
-1.2348264,-0.040679865,-0.21929939,0.025230866,-1.3812761
0.88996434,1.3466654,-0.20348099,-0.035624444,2.9486184
1.5588723,1.2947904,-0.87144256,-0.3993278,0.6946022
0.1396685,1.4389871,0.48762462,-0.22433838,1.8816041
-0.9589093,0.3600734,0.08579195,1.6502333,0.36798203
-1.0259124,0.5654147,-0.77987635,0.5175299,0.6831438
-1.2396609,0.5388343,0.24655086,-0.07908913,-1.2399784
-1.1910428,-0.085011385,1.8413389,0.9115769,-0.39541596
-0.27746332,0.89459366,0.48863196,0.507136,-1.1397372
-0.1375159,1.1550553,-0.20510343,1.3226886,0.58244646
-1.1441836,0.68204457,0.30376154,1.4105184,-0.36394078
0.74488056,1.4843829,0.020404221,0.36049324,1.1067084
-1.5834856,-0.86217093,-0.48652527,0.8105177,0.9637128
-1.6599149,0.8831332,-0.61817986,0.28332776,-0.7890426
-1.1115156,0.54835635,-3.074091,1.1270037,0.49301332
-0.9383323,1.5059068,0.73876625,0.77510506,-1.6936849
-0.39391315,1.1835729,0.8703668,1.5840011,2.1490986
1.8002228,1.4649659,-0.031232614,0.41517445,0.2209748
-0.73155934,0.017041432,-1.7938755,-1.1803687,-2.5603175
1.2438165,1.4824457,-1.2370191,-1.3120743,-0.030601734
-0.69498956,1.9276837,1.870163,-0.4125338,0.64211863
-0.8169655,0.9992298,-1.6153797,0.6127885,2.1075165
-1.7257117,-0.46446985,0.3116726,-0.4673366,-0.11217939
1.335214,1.8982683,-0.59999365,-1.3260928,-0.8102167
-1.2220398,0.91732883,1.2365773,-0.18741028,0.40123665
-0.40541816,1.1666714,-2.3798044,0.471207,0.049706597
-0.9494772,1.3545384,1.4055738,0.42054108,-1.07301
0.34304774,1.1524007,1.0891409,1.4296097,-0.42929506
0.066272475,1.2680384,0.07493073,0.30740836,-0.9100583
-0.38605714,0.77973616,1.1335313,-1.259663,0.07164494
-1.2767632,-1.7400455,1.7670085,-1.9528288,-1.0356624
-1.2594106,-0.10799062,0.2617315,0.3569093,-0.29096216
-1.1448867,-0.24243525,1.1215472,0.0931365,-1.0958046
-1.2152774,0.48159438,0.4942604,1.739842,0.30612773
-1.7963843,-0.8971979,-0.193662,0.24969463,0.2531286
-1.5784687,0.32207587,0.947795,0.59944874,-0.78237915
1.0877699,1.6766381,-0.6908888,-0.68916786,-1.2974546
-1.3699456,0.9297635,-0.9464858,-1.2537727,1.8085908
1.009624,1.6562045,-0.4869233,1.47328,-0.06782159
1.3552196,1.7883326,-1.1486466,-0.92716837,-0.4714128
0.46411598,1.7487154,0.24577016,-1.94963,0.00058149383
0.47160307,1.1414975,0.4243038,0.5661728,-0.16947049
-1.3917224,0.10633967,-1.1184037,0.060681894,0.03687868
-1.1827669,0.41595736,0.0062028556,-0.77287686,0.05653815
-0.83722866,0.56361943,-0.17420517,0.2404736,0.6150933
-1.5508047,0.41497585,1.3361982,1.0385263,0.34959212
-1.0497615,-1.3725802,-1.7941952,0.7681603,0.9406371
-1.7113223,-1.9647996,-0.9409023,-0.72450984,-1.0431641
0.30643037,1.3502535,0.17437908,1.3873614,-1.9293798
-1.1040457,-0.4373823,1.7672421,1.224754,1.204733
1.7387227,1.706508,-0.16509593,0.53037673,-0.368375
1.7821394,1.6965873,-0.74852824,0.7179515,0.43448624
-2.2240536,0.73667234,1.044961,-0.031011367,-0.07836937
-0.78530335,0.12209029,-1.5164312,-0.35234,-1.7584014
-1.5174092,0.121884495,1.0064754,-1.1176851,-0.3557671
-1.5853679,-0.07196071,-1.5491056,-1.0241299,0.12950993
-1.2950685,0.5724086,-0.08872863,0.7774522,-0.6237451
-1.1594522,0.65014786,-0.34097272,-1.0031699,-1.875232
-0.44682282,1.0142027,0.82488763,-1.9055675,-0.6439268
-1.1547936,-0.39641201,-0.86840874,0.4864056,-1.752137
1.0591351,1.765353,-0.26590216,-0.21304253,-0.74611455
2.2135267,2.272766,1.348917,1.1717708,-0.9554535
0.80665433,1.6177223,0.12326076,-0.42618757,-1.3606168
-0.44382787,0.82874703,-1.2510277,-0.724151,0.8767693
-0.7204722,0.5392569,0.21290742,-2.009283,1.191898
-0.95919657,0.122978486,0.32717645,0.061950177,2.2293844
-0.7594707,3.6051688,1.2967966,-0.0321767,-0.54429924
-0.48086,0.7751291,0.053224787,0.25017017,-0.08387796
1.51468,1.8168997,-1.1197091,-0.3559732,0.39043015
0.80357975,1.2951534,0.03563423,0.9633428,-1.4200611
-0.6350885,-2.0700603,0.7823272,-0.5637667,-0.7391093
2.188401,1.8475755,0.38284567,-1.6078231,0.8134696
1.1012775,0.93348294,-0.46221414,1.371351,0.39054877
-1.0045049,-0.967268,-1.3135216,0.6565551,1.7820804
-1.0915704,-0.3480698,-0.15699388,-0.040858142,0.47355694
-0.23555754,1.1540816,-0.037930712,1.2637802,-0.93160486
-0.53462785,1.3663819,0.5705136,-0.21342091,0.356528
1.2493087,1.7151866,-0.7830268,-1.703244,-1.1454285
0.45362508,1.0834066,-1.7421389,1.1079059,-0.5057707
1.9739287,1.582392,0.14465871,0.7241746,-0.35684314
-0.3127026,0.54499537,-0.04824036,0.32993183,1.4479738
2.0077488,1.8287189,-1.0233945,0.18079734,-0.14234683
-0.45214972,-1.1494832,-0.46271607,-0.18994625,0.5900081
-0.80575025,-0.09629299,-0.2110038,-0.892799,1.1973274
-0.6021919,1.6163615,1.0558244,-1.3221279,-1.1947305
0.7281099,1.0326158,1.4675293,-0.6424807,0.40900478
0.7567932,1.0017135,-0.4946541,-0.45571426,-0.3921084
0.3369768,1.1251049,-2.3119576,-0.95817095,1.2146969
0.15611784,0.35314175,-1.06634,-0.6373888,0.15791248
-0.18636328,1.5092847,0.20677355,-1.7935754,0.65917605
-0.7185007,0.14784636,0.5224114,-0.13852435,-1.5934923
-0.31474945,0.4655419,1.6103966,-0.31460872,-0.11132385
0.6131228,0.5191397,0.8819733,1.5773648,-0.7566171
-0.44564506,0.48385736,-0.020220319,0.03496261,-0.44439608
-1.6473482,0.7445681,-1.1436844,1.1094803,0.38626137
-0.46392927,0.609074,-0.8628839,-0.33590153,0.91599697
-0.9635231,0.5254313,-1.0411361,-0.682522,-0.3270295
-1.5874873,0.8789259,0.3702174,0.42930079,-0.031661045
-0.2868708,1.1176534,-0.27822042,1.2508172,-0.18231276
-0.62335736,0.9818661,-0.5086752,-0.6548161,-1.553882
1.8864235,1.1458309,0.34738782,0.3105907,0.07119077
-0.5030685,1.3434281,-0.21773909,-0.42416218,0.5990355
-1.3630677,0.9249512,1.2222667,0.54453963,-1.7429501
-0.27701825,1.1348562,-0.16831757,1.0814325,-0.009526819
1.0192732,1.1466036,0.23211314,-0.2560118,-0.7677853
-0.5656861,0.6287378,-0.9658541,0.6547453,0.6105244
-0.45688948,0.9267226,0.074193045,0.53190917,-1.1796529
-0.7435122,0.6897651,0.22600439,0.5070338,0.7589158
0.06520122,1.0542186,0.9379752,0.26758572,0.27403653
0.38422477,1.2171065,0.8524726,2.2983747,-1.6282767
-0.18332578,1.1035225,-0.49207276,0.2911468,0.5247645
-0.6446698,0.7315275,0.31491372,0.47222996,-0.44632676
-0.8137532,1.1698074,-0.9240048,-0.87524295,-0.9152048
-0.68042123,0.84325296,1.1606035,-0.7920479,-0.42037025
-1.0873928,0.66734976,0.2871361,-0.016123407,-0.94487375
-0.7482608,2.3376412,-0.4878548,1.2262317,0.1844849
-0.453131,0.78077173,0.07019656,-0.2790176,-1.2322437
0.05016645,1.9509455,-0.9762008,-0.5048666,-1.0936751
-0.86776745,0.6884456,-0.96063626,-1.268376,1.4278198
-0.5385238,0.28869984,0.2851871,1.521662,-0.4881778
-1.1027578,-1.6208458,0.61472756,-1.3847269,-0.39857063
-1.4149215,0.54453015,0.083126865,-0.2330616,0.025813531
1.3416739,2.1662898,0.53532195,1.0667149,-0.704689
-0.65760356,1.0213064,-0.3465679,0.6100273,1.089133
0.50224966,1.3928632,-0.30151147,-1.15637,0.53255177
0.0866069,1.0499889,0.050083965,-0.15446372,-0.44530714
0.23579459,1.1199142,1.442965,-1.5272646,1.5868317
-0.6943165,0.18841718,-0.32109043,-0.37009537,-1.2150548
-1.3899667,0.0038103403,1.2902647,-0.61028314,-0.25194013
-0.7278882,0.35024032,-0.07444646,-0.9785187,-0.6352734
-0.8861856,0.5417408,1.0245936,-0.15818584,-3.2867815
-0.96052814,0.43806517,0.11393721,-0.6503811,-0.18043111
-1.0979071,-0.19595575,0.29734415,0.84137386,-1.2142271
-0.64479995,1.3096496,2.0385532,1.7370028,-0.1542163
0.29087147,1.1041125,-1.0390893,0.52384436,0.019573174
-1.3342967,0.8277818,0.09615016,0.22328357,0.7019136
-1.0857034,-1.0705816,-0.78622514,0.1760015,0.4991728
-1.3098335,-0.0056679463,0.05492357,2.6968887,-0.109944366
0.73140687,1.4667277,1.0562845,-0.9705983,0.5279714
-0.5949242,0.700538,-1.3589487,0.0908621,-0.8528434
1.5934346,2.0312562,-0.55954814,0.055842742,-0.25652424
0.45083323,0.81189626,0.58780545,2.148429,0.6933366
0.43362615,1.4529411,0.40274078,-1.6500181,-0.29995692
0.15914106,0.78114164,0.6322859,0.019340547,0.5427753
-0.5860431,1.4882535,-0.33040443,-0.8595546,-1.1836566
0.5572809,1.5783828,-0.61310905,0.5329672,-0.50986445
0.20043242,1.0755017,1.780243,0.054309193,0.83383244
0.8622856,1.8186407,0.93589616,-0.69133574,0.6379577
2.6293728,1.2835866,2.4959571,0.44804135,1.2086922
0.2325059,0.9539665,0.49572408,-1.1278844,-1.1525828
0.034557603,1.0011543,0.48146287,0.81500554,-1.9559836
0.14063504,1.1339527,0.85217047,-1.4184446,-0.19691908
1.264281,0.9001872,0.77156717,0.31244096,0.54214615
-1.938929,-0.50359046,-0.1605344,1.8052452,-0.105681084
0.024651304,1.2150623,0.011453911,-0.646855,0.82005674
-0.6083566,1.275073,-0.23717238,0.5274778,0.2911131
-0.30697158,1.2622938,-0.549044,0.39774665,0.98441225
-1.1482855,-1.9286374,0.25226772,-0.50476384,-0.117243975
-1.5760359,-0.13136657,0.1872318,1.2830355,-0.03266037
-0.24508052,0.970669,0.43708318,-0.2679678,-0.72974944
0.93635607,0.9097486,-0.55871546,-0.14333908,-0.7208777
0.24147691,1.1488267,-0.95431083,1.3553861,-0.36562103
-0.71019757,0.08930083,1.4355191,0.5354063,1.2706556
-0.92038006,0.45341563,1.2763895,0.71485853,1.2376915
1.6411813,1.1481698,0.76725954,0.77636254,-0.37850147
-1.1798722,1.0911368,-1.3433821,0.012014192,-0.96676576
-1.0083665,0.6172056,-0.57362044,0.7049843,-0.6376848
-1.1783429,0.65725553,-0.8198663,-1.052609,-0.27143556
0.87056863,1.4798474,0.7263771,1.1733891,-0.6551937
-0.03614731,1.4609029,0.08212179,-2.038211,0.4690705
-0.33652192,2.124089,0.8447251,0.9402801,0.5223196
-1.2301598,1.1472827,1.3069923,-1.2118886,-1.3030167
-0.8297289,-1.8341486,-0.103852786,-1.1253685,0.06703333
1.8133522,1.9349782,0.72615284,1.3951756,-0.22761855
1.7152395,1.9429339,1.6741234,0.12213615,-1.0664957
-0.8013708,0.24963093,0.27995288,0.350826,-0.9205651
-0.8601294,0.4408162,0.6076513,-0.5407512,0.695282
0.98038447,0.99696326,-0.894572,0.52015406,0.6519746
-1.3747003,0.40070042,-0.31618908,-0.089234285,-1.3761948
-0.844838,0.7398089,0.4141451,2.2869558,-0.041905124
-0.048922542,1.1951402,0.5752411,0.009647384,0.635837
-0.78155977,1.3476706,0.51235086,-1.5219898,-1.0209904
1.003469,1.9852021,1.8572283,0.1635297,-0.5861239
1.1050018,1.6773103,-0.31795463,2.002177,-0.69458044
-0.506861,-1.5489041,-1.1699914,0.41031995,-0.27504352
-0.77134013,2.312049,-0.8950396,-0.29949945,1.4488175
1.1315612,1.0909351,1.5399276,-0.72527736,-0.6185962
-0.030437708,0.56482387,0.2998271,0.80125517,0.21200204
0.6477603,0.48238465,1.4393638,0.41866866,-0.596404
-0.28879836,0.9538661,1.4125192,0.61745304,-0.46610746
-1.3498496,0.2849645,-0.6369491,-1.9388927,0.63753307
-1.2622577,-0.021553319,0.97927785,0.25430277,-0.3406725
-0.8505583,0.4303177,1.5015875,1.0592413,-1.4220378
-1.0523746,0.43722984,-1.0137528,1.7967257,1.1385007
-0.872679,0.76288116,0.9852389,0.5773727,-1.4530448
-0.7850331,0.6729324,-1.7899219,0.74321485,0.5717234
-0.23258252,0.66048956,0.9020473,2.1045632,-1.0392737
1.451722,1.683228,-0.03789398,0.78857374,-0.7307626
1.4748641,1.6450998,-1.5387055,-0.81956476,0.5312866
-0.62748736,-1.0019174,1.5389016,0.54670435,0.4670187
1.8905542,1.639884,0.6272401,1.2878867,0.4663387
1.6069885,1.0371068,0.40884566,0.31637722,-1.596442
-0.9041623,-0.1967194,1.1218438,0.7761337,0.62956065
-0.8303121,0.10916765,-0.5179659,0.27095255,0.7195324
-1.2079297,0.40118667,-0.27576905,0.7173422,-0.3783186
0.043540355,1.4998256,0.7942922,0.9903627,-0.6919152
-0.8025778,0.7110023,1.6419446,0.7178879,1.9682132
0.7047229,1.3379637,-0.056558505,0.31467792,1.0837774
1.316573,1.7447776,-0.9314102,3.014399,-1.1398164
1.1257257,1.4412019,-1.1614736,0.04757594,-0.4130858
1.4191729,2.5694084,1.5239744,-0.6876523,-0.70014286
-1.2831889,0.37728378,-1.641861,-1.5304508,-0.8461316
1.4691558,1.0545821,0.6200395,0.50442976,-2.047723
-0.9289216,0.21818079,1.3763376,0.5329022,0.54276353
-1.1182982,0.4981695,0.2697716,0.31372565,-1.3335408
0.75928324,1.0682273,0.5245117,-0.09756845,0.60741836
0.58958197,1.1974885,-1.7281705,-2.4003925,1.3239615
0.6472555,1.7288867,-0.23386341,-0.77333546,-1.2906973
0.9407532,1.6385393,0.29428786,0.7621341,0.7954551
2.0745103,2.1890984,0.96619666,-0.110174626,0.3366111
1.4520069,1.2533945,-0.07468912,-0.854255,-1.263324
-0.8996696,0.5745082,-0.018730158,-1.0199057,0.92112136
-0.9104314,1.577701,1.7086973,1.0115349,-0.36084402
0.54391026,0.881018,0.37131566,-0.21701898,0.7856669
-1.0909368,0.33423582,0.51829153,0.50966763,0.33856857
-0.8665994,0.84613764,0.81008005,-0.024610525,0.53771454
-0.8194821,0.65453553,1.1016419,2.7349746,0.083873965
-0.58274186,0.71003807,1.0463096,-0.6480414,0.044705767
-0.6279434,0.84517676,-0.42541987,-0.21365355,-0.68635505
-1.0527532,-0.9089882,1.1891211,0.20073983,-0.9109778
-1.1607381,-0.5364022,-0.43777752,-0.547601,0.045876347
0.8283318,1.2504786,0.29699647,0.016992845,-0.58629143
-0.7234469,0.56709635,-0.013385076,1.4679145,-0.45015687
-0.8997861,0.8364518,0.31035468,0.16494007,-0.16412815
0.8688835,1.3223712,0.22345293,0.751805,0.28035054
-0.93069464,0.16949758,1.6516932,1.1124746,0.17634211
-0.33623034,0.81768364,1.2354641,0.11481497,0.4112975
-0.7044277,0.7587919,-1.1548004,0.0426884,-0.56157863
-0.5517659,1.6577713,1.243694,1.4853739,-1.3305774
-0.8215226,-0.3161916,-0.6027934,0.6994391,0.97020745
-0.956661,0.49129608,0.063143246,0.10198856,-1.0637176
-0.6399672,0.4597288,2.2090354,1.3548285,-0.52379066
1.3512825,1.606677,-0.97890157,0.8388566,-0.849778
-0.44264206,1.0409334,0.092893235,0.870534,-0.7595861
-0.6180975,1.0043963,-0.13341661,-0.2824155,-0.79480046
-0.98291135,0.23162785,-1.3468436,-0.40541747,-1.0137786
-0.7927997,0.49794942,-1.9517896,0.16580316,0.50725305
-0.82336247,0.42574295,-0.6268651,-0.52424806,0.19884962
-0.14353412,0.66442704,-1.6073579,-0.69174856,0.25117522
-0.8243578,0.70448595,-0.87248296,1.3916477,0.05835017
-0.9054282,0.97715664,-1.1442349,-0.4400363,-0.79209197
-1.8740746,-0.54173094,0.6608324,-1.8108265,0.49666268
-1.4005523,0.40339485,-0.24409656,-0.654618,-0.66117543
-0.8706146,0.59929395,0.37643287,-1.187066,-0.5777167
-0.24548699,1.4289757,0.4145997,-1.1820033,-1.9169446
-1.1177914,-1.0845811,0.008858307,1.0737293,0.47099966
-0.42515993,0.9480643,0.101452276,-0.4163445,-0.11965873
-1.1851636,0.28262526,0.27386233,-1.2842549,0.070854954
-1.6632017,1.0067406,0.733111,-0.73442143,1.4235727
-0.8945457,0.5544023,1.1075567,0.26301283,1.031523
-0.6256243,0.8570517,0.20080775,-0.34636927,-0.49771628
0.15281057,1.3257146,-0.79933524,-1.385614,-0.14687914
-0.28974783,0.77951205,-1.7894498,0.19672969,0.66381145
-1.6284859,-0.44760677,0.39778262,0.77316356,-2.1472716
-1.1083332,-0.33706683,0.10231492,-0.76572055,1.1539402
0.15442719,1.8743056,1.458559,-0.9203685,-0.72497565
-0.9233001,1.397764,1.0506979,-0.37114853,0.19126105
0.06324254,1.0829165,0.48245922,0.46368387,-1.0096245
0.15806423,1.6652249,0.4911651,-0.7012618,0.9470569
-1.6082985,2.0353,0.74108267,0.09350395,-0.71644557
-0.026062457,0.8763482,0.12804712,1.3628143,0.12709075
-0.43996775,0.51290005,2.2526305,-0.6677432,0.28721765
0.5094683,0.771245,0.18349744,-0.5539905,1.5493673
0.41919532,1.8984246,0.81590325,0.8451569,0.6380595
-0.7011567,1.1234729,-1.2703472,1.0382634,1.5286244
0.64520866,-0.314918,0.530925,0.5315844,0.5842243
1.1498872,1.2616436,-0.30299032,0.78737855,-0.63124377
-0.12696707,1.0985782,-0.2715588,0.31801215,1.4323485
0.6115302,1.1985116,-1.710195,-1.4218931,0.21784113
-0.38327518,0.4478547,-0.58978105,-0.8167553,1.6251981
-0.7878239,1.7308675,2.2651749,0.62731004,-1.2379658
1.8951818,2.241376,0.061246675,0.93971074,0.72354925
-0.50073516,0.8747067,0.35170776,-0.43466723,-0.25200894
-0.4908708,1.957345,0.35676473,-0.23162308,0.123641945
0.67937624,1.3372879,0.111768186,-0.70170975,-1.6520995
0.5690673,1.1196591,-0.35103962,-1.1542109,-1.3611119
0.29498702,0.6637412,0.38974917,-0.8237729,-0.1278676
0.68801385,0.8037696,-0.40843728,-0.18149576,0.84956336
-1.6002684,1.1753638,1.180169,-0.17327477,-1.2645209
0.61493284,2.1608226,1.0090492,0.7762041,-0.5687522
1.6690958,1.750979,-0.06488506,0.80374026,-0.0779464
0.6925501,1.5158516,-0.110016584,0.613588,-1.9992605
0.12099158,1.3106747,-0.9067756,0.0965207,-0.8804345
0.83491737,-1.1594974,-0.6351558,-1.8413709,-2.614447
1.0874358,1.6584166,-0.7931614,0.7043997,0.79342276
1.3953439,0.6920911,1.1334563,-0.45548823,2.045239
-1.330728,-0.90495265,0.9099158,-0.41305795,0.9351619
-0.4579502,1.1199738,0.2518015,-0.20775492,-0.5949418
1.018753,1.8908606,0.43712884,0.024256151,0.28994772
1.3792274,1.8875678,-0.89196,0.17841196,-0.37639117
0.13060924,0.9102043,1.4825171,0.83933985,-0.9303671
0.84290045,1.3312262,0.6129375,0.32457948,0.51801014
-0.6062876,0.73336154,0.007047358,-0.85903305,-0.40594634
1.2269574,1.1820639,0.5461195,0.0050814277,1.180865
1.5160275,1.2449393,-0.031021958,0.27265456,-0.42599514
0.6585133,1.1688708,1.3358533,-0.63904876,-0.7748174
-1.2334412,0.17599119,1.5322796,-2.9369514,-0.46983144
-1.0218309,0.4843498,-0.40172008,1.2631778,-0.03405365
-0.28334582,0.902877,-1.5025636,2.1810007,-0.7414886
-0.08923156,1.8155454,0.15389551,-1.8819436,2.0711672
1.0364624,1.5923575,-0.19962803,-0.96053666,-0.47458962
1.184169,2.2989445,0.66283196,1.3058363,-0.2755439
2.0465646,1.8710923,0.18489592,1.1083941,0.124383904
0.7486884,1.3113853,-2.3788073,-0.25893518,-0.1835851
1.8792938,1.8942001,-1.7823868,0.57264537,0.881995
1.1630541,2.012338,-0.06687857,-1.0566295,0.5609871
-1.5396715,-0.006369904,-0.67525494,0.51417935,1.0572205
-0.8818846,0.8568549,-1.1899114,0.8385391,0.7162064
-1.4164305,-0.373042,-1.220117,-0.1382644,-0.53368115
0.5890687,1.1380972,-0.14704037,1.1576152,1.3267026
1.2667984,1.688092,-0.74164444,1.0122728,-0.041894335
1.1474983,1.3854717,0.4165375,-0.2900201,1.6699985
-0.703975,-1.6913184,-0.38843775,-1.2762052,2.1863244
-1.1679344,0.4147606,-0.78370064,-0.25372812,-0.25978792
1.8798649,1.6300396,-0.3039278,-1.9630303,-0.06213289
1.1313982,0.67028344,0.16919999,0.15965733,0.39896852
0.8915591,1.2135051,-1.1529133,-1.0872004,0.012287134
0.03268669,0.69468194,1.578294,-2.4762936,-1.1996237
-0.054641202,1.3367712,-0.44611445,-1.0923829,-0.7359635
1.783334,1.517503,0.07220337,0.9666467,-0.20333384
0.015417086,0.8494585,-0.74498147,-0.4025899,-0.9125079
2.544171,2.0537598,-1.2457904,0.35533386,-1.0629473
1.7589217,1.7939373,1.181868,-0.15154865,0.34014642
-0.112805255,0.40816692,0.023685725,-0.7769041,1.0154774
-0.54650825,0.49698836,0.47447303,-0.053853627,0.03975579
-0.22228223,1.0947953,0.22321315,-1.3140209,-0.8057736
-2.0856652,0.92860895,-0.19170907,-0.13597742,0.19388816
-1.1080897,0.5531327,0.6019622,0.21947931,-0.8522719
-1.3775841,-0.085355766,0.37970063,1.9273087,0.8757428
-1.1998768,0.47075015,0.8002643,-0.97457993,-0.4653595
-1.0172281,0.5430848,-1.8866177,0.24731101,1.2278771
-0.3472054,1.651941,-1.0189651,-1.3387872,-1.2462679
-0.93201935,0.6908085,1.3966343,2.6060073,0.15983698
-1.1299806,0.82278055,-1.3695486,1.8684015,-0.08320554
0.25083286,0.9917764,2.0703175,-0.56501687,-0.12512185
0.5334676,1.058015,-0.089905,0.9008836,-1.3601543
-1.1973338,0.6663985,-0.9291606,2.1669898,0.047648653
-1.4260292,0.0013209529,1.354627,-0.75554657,1.24678
-1.0596932,-0.11331461,0.73363626,-0.15325941,-1.7452066
-0.48213944,0.74258107,-1.6014813,-2.5062277,-0.71895427
0.110932305,1.142378,1.6417669,0.40590656,-0.3454764
-0.4358258,0.7062791,0.49683738,-0.54191506,1.2643582
-1.3423352,0.12543643,0.15810038,1.3101121,0.9335926
-1.2812921,-2.1203752,-0.2891665,-0.49000025,-1.1996326
0.18774018,1.1506702,0.43271658,-1.1782727,0.5093144
-2.0210662,-0.4516203,1.2285222,2.3258045,-0.6904433
-0.21597676,1.1887753,-0.74868,0.689861,0.59171283
-1.5136716,-0.31589198,-0.7806437,0.055032887,-1.6201353
-0.4332482,0.80569094,-1.4876282,0.36569875,-0.67790544
-1.0387771,-0.9713966,-1.5468193,-0.7961902,-0.48788202
-1.3875388,1.2457461,-0.7980131,-1.1239768,-0.27811348
0.39850545,1.3922378,0.8507063,-0.04489954,-0.03155666
-0.7419687,1.0027725,-0.013753848,1.4059359,-0.29722714
-1.1693019,0.8703983,0.19473322,-2.3943107,-0.8505311
-0.80829525,1.0619229,0.50835943,-0.50943506,-2.412113
-0.2750965,0.7861876,-0.4329286,-0.33715656,0.15571998
-1.5225154,-0.22476195,-0.623214,0.55714196,-0.21630567
-1.4901069,0.909569,-1.5591358,-0.07013124,-3.205882
-1.0591024,-0.6230695,1.0943645,1.7854024,-1.496846
-0.16839348,1.2081463,-0.03593055,1.4688114,0.3497693
-0.6677187,0.5427926,0.37751892,0.89450014,-0.7597496
1.433264,1.3253195,-0.6528633,-0.103228584,-2.0432184
1.1643885,-0.31973043,1.313319,-0.13615067,0.9423205
-0.3639332,0.3693589,0.6903991,-0.43878865,-0.6408298
-0.5297517,0.8638402,-0.4322343,-0.9850624,1.2209849
0.57049745,1.4888109,0.8445657,0.4770434,-0.07836618
-1.1411226,-0.29274842,0.124372534,-0.13822956,-1.2366521
-0.6689335,1.0985379,-1.1834066,0.46209076,-0.06061063
-0.67063624,0.07995154,0.9567682,0.6537298,-0.48516464
-0.09425535,0.051400043,-0.27433586,-1.6191653,-0.14542495
0.7709516,0.44856784,-1.9622303,-1.3134904,-0.69253874
-0.3658682,1.5758585,1.1172538,-0.5390083,0.3343088
0.07127084,1.2999458,-0.8820021,0.42433876,-1.6438514
0.98796487,2.3155944,1.2159204,-0.56482816,1.8208107
-0.50890404,0.7912012,0.2514915,-0.7064234,-0.35942036
-0.487731,1.0103447,-0.3949098,0.5286953,-0.76134014
-0.16557954,1.4053899,0.6458534,-1.1263702,-2.1327398
0.27016145,1.6843016,2.2379363,0.5476403,-0.95598966
-0.53898656,-0.4189645,0.16513737,1.0412065,0.26636794
-0.5697436,0.9602792,0.26089296,1.6268597,-0.48822373
0.031199941,1.1215936,-1.2455455,0.16874881,0.41214153
0.6982277,1.4946764,0.74039215,1.1932161,1.9318876
0.6474567,1.3956305,0.18686804,-1.2966841,-0.71340847
3.6503408,1.5656565,0.4319469,0.560319,0.79877347
1.053422,1.1302708,-1.6687078,0.9719377,0.4656166
-0.548213,0.19946654,-0.38847017,1.0512567,-0.045689393
-0.62600213,-0.53073156,0.69644594,1.890849,0.098130114
-0.9731269,1.5804248,1.2579844,0.4538487,-0.8227306
0.5697091,1.3474116,-0.48718855,1.0203426,-1.5473233
0.6638676,1.3359432,1.4843656,1.252271,0.6274255
1.3449122,1.7522454,-0.5949141,0.5962592,0.2996956
0.8089904,1.6342708,0.10274266,-1.03791,-1.7480149
-0.119223006,1.434768,0.620979,1.2691978,0.42168698
0.76651806,1.304722,0.4922346,1.4558533,0.32204106
0.0023268282,1.5157045,-0.5242146,0.67313254,-0.7596009
0.40032822,1.7648925,-1.1343077,0.0040777503,0.30664355
1.4672564,1.8771049,-0.08963455,-1.4840759,0.349313
1.4006721,1.5647955,-0.3458916,-0.33122048,-0.1551226
1.6137831,-0.7126118,-2.2682617,0.95500284,-1.6677965
0.67000675,0.9494675,-0.7298636,1.6313014,3.0054967
1.4338111,1.5267484,-1.44869,0.84403265,-0.82494557
0.30382827,0.6737038,-0.5495485,0.23346768,-0.11258793
-1.3773894,-0.8666964,1.847119,-1.1852825,-0.32938412
0.31510937,1.6606857,0.12203022,-1.3180462,1.2154541
1.1786507,1.7282028,-1.1496935,-1.4360578,-0.7826874
-0.8287757,0.87670183,-0.45058993,-0.015149409,0.5372393
0.53740597,1.8245554,-1.0424508,0.5653324,0.6743484
1.2862729,1.1809112,-0.71656775,-0.3648671,1.1051549
1.3985546,1.6229091,0.108054034,-2.583011,-0.35586396
1.6680304,1.2144883,1.7471389,0.6057522,1.8504176
1.3438233,1.1760967,0.77249384,-0.5194428,0.20326985
0.16344884,1.0706763,0.6263509,-0.73742825,0.5757121
0.28871042,1.5270063,-1.2292808,-1.0430614,0.82838124
-0.2951427,1.4977138,-1.2783872,-0.6185048,0.67933005
1.907285,1.4080348,0.232643,0.14634168,-0.17208843
1.4433604,1.5923091,-0.7886138,1.071661,1.8252395
1.454634,2.109375,1.4743776,-0.31475118,1.96889
0.38193786,0.6040966,0.6686923,0.24870579,1.2192736
-0.08090331,0.21246246,0.39960694,-0.88474864,0.7482164
0.03993403,0.6361535,0.3877361,1.4694794,2.0940957
0.5549962,1.2843404,1.5795974,0.29140535,0.56330085
0.5580646,1.4873294,1.4129435,0.054183245,0.27981618
0.6215117,1.1441646,-0.5637644,-1.8003213,-0.18638979
0.67913395,1.1771361,-0.75070417,-0.27605537,0.30628198
2.051507,2.1694977,-1.9158905,1.0312546,-1.8983663
1.8128624,-0.49556857,-1.2912165,-1.3410015,0.7180289
0.09428729,0.9068244,0.9723401,1.3728902,0.8268223
-0.62482446,-0.7571509,0.37575075,-1.2410438,-1.6531576
-1.4947549,0.07670696,-0.58678764,-0.3988857,0.5979459
-0.6003598,0.061782394,-0.11618974,0.1162841,-0.16533217
-0.80064726,0.12245125,1.0479189,-2.4266279,2.0120585
-0.46955493,0.8701131,-0.1513797,-0.29096124,1.3273091
-0.7529964,-0.07722766,-0.6293428,-1.0573413,1.0852944
-0.17533457,0.17519012,0.3794853,0.44361848,1.9416881
0.37147707,1.6806499,-1.4378936,-0.55424994,1.8469725
-1.1052679,-0.116850905,0.5962429,0.26338452,-0.12157783
-0.09488367,-0.7114417,0.8918592,1.0298662,1.0928742
-0.6742393,0.24504389,0.26241305,1.5742171,-1.3701403
-0.4646427,0.4402793,0.27836984,0.92093533,-0.21607912
-0.301705,0.54630625,-0.8670059,-0.3151828,-0.8810337
0.49437997,2.0055795,2.1351833,1.2898612,0.5807108
-0.9120163,1.7572889,-0.3122884,1.0060441,-1.8140339
-0.76208806,0.41611195,0.110701665,-0.31897336,0.8278854
-0.2460421,0.7931788,1.3080196,-1.246045,-0.5144019
1.4703146,1.0944285,-0.5731876,0.19980414,1.0777627
-0.64602345,0.30109072,0.11796988,0.6623042,-0.09753311
-0.5426796,0.6599533,0.22281349,0.08033545,0.98454535
-0.23569047,0.7826325,-0.1866879,-0.8884691,-0.5242307
-0.18817881,-0.53323025,-0.11155099,-1.3853556,-1.0418446
0.97712445,1.1123817,0.46063033,-2.4151976,-0.3963345
-1.8438646,-0.8923724,-0.38822043,0.3682104,0.46532193
-0.81869024,0.7432712,2.1153595,1.2808485,0.26332057
-0.3080232,0.7850653,0.6189087,0.40106016,0.15641847
-0.33055463,0.4210856,0.5423385,0.66745627,-0.17353511
1.5265003,0.81616205,0.7720886,0.9015605,-0.5680463
-0.21647148,-0.5223911,-0.74342704,0.43187866,-0.5158966
0.51020914,0.7723699,0.05143259,-0.011767586,0.31783885
-1.0941586,-0.78743523,1.2402464,-0.619433,1.1019238
0.40196145,0.9237907,0.0409089,-0.85460246,0.008476644
-0.44770327,0.33480227,1.2431153,0.008658786,0.40646797
-1.9271756,-0.56477064,1.0802803,-0.16768904,0.12769176
-0.61110586,0.27152032,-0.8602403,-0.7183995,3.0026424
-0.5619101,1.2712934,0.54458,0.94900364,0.942741
-0.5819329,0.86637723,-0.79782695,-0.34561568,-0.31130034
0.24167654,0.7184981,0.23338392,0.02979614,0.34792867
-0.70464206,0.43525362,-1.2031156,-0.7007454,-0.23936063
-0.73713964,0.605502,-1.2152774,-0.0272854,-0.047183733
0.4663158,-0.6847895,0.15617548,0.03434417,0.29628432
0.82526654,1.2504442,1.0195053,-0.85481405,-0.31220663
0.49583903,1.2363019,1.1561627,0.44139493,-0.1667739
-0.08106583,0.9412808,0.16222112,-1.3267695,0.9171226
-0.4504753,0.4975829,-0.5115917,0.6128892,0.72329736
-0.6395612,0.39653954,0.031699747,0.9571145,1.5041658
-0.5099634,0.6445605,0.765076,1.1724359,-0.034874436
-0.8495502,1.1713009,-0.262751,-2.5354483,0.9692882
-0.43659866,0.9333155,0.93473685,-0.49148,-0.76734114
-0.9057625,0.32397306,1.0983458,0.050957836,1.7330639
-0.005824914,0.7425076,-1.63469,1.1361485,0.12331162
-0.9277857,1.1200341,-0.43942487,-0.39710277,0.4851722
-0.38680857,0.38218862,0.5901224,-1.2727277,-1.5167172
-0.17198291,0.8469081,-0.580587,0.76432633,-0.98749155
0.047308512,0.7656331,0.51079035,1.4343551,0.32335198
1.431772,0.22864418,1.6857762,-2.6593819,0.66505986
1.3975126,0.471057,1.8434063,-0.5521216,-0.33006865
-1.4176883,-0.47212216,1.4564314,-0.7194491,-0.40039194
-1.5387955,-0.26277316,1.9825743,0.0035296918,0.21769455
-0.8845077,-0.5894074,-0.24317822,-1.0572642,0.38925236
-0.5700867,0.7363568,0.7726866,-2.158771,0.8503718
-1.1296468,-0.07299441,-0.25698462,-0.12183615,2.672632
-1.1524427,-0.26145536,0.26740542,0.58446467,1.2617415
-0.83088726,0.21450111,0.75377834,-0.17936495,-0.5453222
-0.92313355,0.27960694,0.3262729,1.5529288,-0.89335525
-0.9454071,-1.0993547,2.2276993,1.1194706,-1.2511369
-0.8584691,-0.0046588574,0.8082407,-0.23996444,-1.0796798
-0.674501,0.14932364,-0.57361925,-1.0536661,-0.8175054
-0.7031786,0.5332256,-0.58950174,-0.26771456,0.6192174
-0.50408196,0.5111994,-3.1403215,0.212972,-0.48693404
-0.7854176,0.43851155,0.48667726,0.6636907,1.5114876
-0.562062,0.34722337,1.3912973,0.73459905,0.9460435
-0.8181039,0.40454575,-0.9632144,0.09280616,-0.7574492
-0.95433414,-0.17578211,0.7818931,0.2792076,-0.3798138
0.5248238,1.2961372,0.98770744,0.0949263,0.7709551
-0.85043204,-0.7913917,-0.058767527,0.93246293,1.5901662
-1.8036734,-1.8642274,0.905143,-0.06286736,1.0954005
-0.4196479,0.7260989,-0.0017472244,-0.45826685,0.7450877
-0.5705352,0.43809175,2.2192729,-0.08684311,0.22245175
-1.2096987,-0.12875825,0.638175,1.3492607,-1.2822489
-0.6168713,0.6384959,0.66592586,-0.757382,-1.6864334
-1.0871589,-0.63335085,1.0438464,-0.33132088,0.54807997
-0.8531855,-0.2884403,0.20098504,-0.99821293,0.16773301
-1.2239969,-0.8651235,0.27848423,0.06894005,0.96575147
-0.5730448,1.1450498,-0.5531414,0.5135448,0.19608805
-0.7797547,0.10295067,0.30419466,0.6136781,0.7343149
-0.5873505,0.30554774,0.19754957,-0.6341336,0.43941885
-0.6674978,0.37099025,-1.5567508,0.3785082,-0.5945378
1.8231359,0.96993256,-0.27959827,0.028380841,0.5458445
0.88727516,1.1011478,-2.4470162,1.0433002,-1.7298126
-0.27411506,0.5042932,0.4174599,-0.8207494,0.42237318
-0.086321585,0.6961353,-1.0823308,0.1514348,-0.53801453
-0.5680352,0.43647745,1.5740523,-0.07172652,0.6725842
-0.8057003,0.096729614,-0.9062248,-0.4994826,-0.10731492
-1.4876627,0.16397038,-1.3085711,1.6836116,-1.8021249
-0.90020657,-0.39021835,-0.5860058,1.3382871,0.2766445
-0.76902056,1.3548553,-0.67374134,-0.36178237,1.5741127
-0.8127044,0.9727453,-1.4172698,-0.5477147,0.6598374
-0.90506315,1.2152575,0.14981952,-0.7856524,1.2954841
-1.6999598,-0.57278043,-0.4107335,-0.25746047,-0.34515005
-1.3663707,-0.51427966,0.2077833,0.37363282,1.2473062
0.94429284,0.99802166,0.025881868,-1.1267807,0.516004
-0.9627457,0.69164926,0.34357566,-0.08985888,0.2675141
-0.760298,0.7088695,-0.47264847,-0.31889662,-0.054608926
0.009202373,0.69056535,0.76437175,-0.5181853,-0.98265326
-1.1989713,0.03866533,-1.0811337,0.8452094,0.15523109
-1.2262897,-1.8101997,2.4662545,-0.08206771,0.49473366
-1.8153214,-0.07565636,0.23171301,0.19716576,-1.6723205
-1.2732427,-0.3251211,-1.3442849,-0.52814287,0.26393256
-0.9994115,0.65159714,0.07756501,0.17633733,-0.8035328
-0.080056876,1.6582359,-0.1768032,0.8064018,0.43648568
-0.8918747,0.76771766,0.33271497,1.0716131,-0.36692458
-1.1264087,0.43388924,1.1000518,-1.4946887,1.3153692
-0.41194296,2.0896037,-2.084102,-0.49890566,-0.19023283
-3.1141534,-0.01558793,0.9709825,-1.4221454,1.1939219
-0.69280314,0.46624964,-1.0991234,-1.4418238,0.4453953
-0.89337844,0.41945493,0.71788883,0.5313987,1.1632992
-0.64259136,0.3997364,-0.26625636,0.7321917,0.7379219
-1.145336,0.48256624,0.9543484,-0.18340884,0.73198456
-1.0165253,-0.62898237,-0.028353952,2.1951127,0.82766104
-0.16813682,0.15477148,0.86111706,0.94521004,-2.1359859
1.3488393,0.33600837,-0.2153571,-0.46463954,-0.918878
-0.65602046,1.5885471,-0.025138894,-1.0794041,0.17233178
-2.2407277,0.49242872,1.2368295,1.197526,-0.85114354
0.28914645,-1.5852857,-1.6635468,2.1850386,1.1546421
-0.8857845,0.602459,0.52214956,-1.2365179,1.019756
-0.54807776,0.5017687,-1.7642547,0.081226796,0.5569989
-1.3189217,-0.21301223,0.9472043,-0.60483074,0.95300967
-0.6553505,0.373386,-0.15009831,1.1578382,0.014750708
-1.0681509,-0.042116076,1.4510838,0.0708089,0.83067006
1.1905757,1.2942654,1.7312632,-1.6834947,0.774319
-1.0259956,0.6077922,0.1473626,0.6307624,-0.72201693
0.76375186,0.8785258,0.105600774,0.6068003,-0.29597014
-1.729969,-0.13438633,1.0161641,0.8262714,1.285078
-1.0138803,0.8788599,1.2348467,0.42207408,0.40431318
-0.3500561,0.75566506,1.6989057,0.4839885,0.41243267
-0.44892076,0.89561236,-0.33417445,0.57912475,-0.6119005
-0.5342708,0.24677898,-1.6068724,0.5280142,0.44793332
-0.82664144,0.23894365,-0.15584381,0.33269894,-0.28037983
-0.58097965,0.4849681,-0.7864185,2.3171613,0.36573115
1.5227234,0.85830957,1.1084524,1.2111036,1.5473871
-0.911408,0.19945332,-0.57481986,-1.2189114,-1.3295919
-0.8951496,0.4246053,0.23124053,-0.66778725,-1.6497538
1.5724415,1.3438572,1.4242349,-2.743061,-0.3479865
-0.660744,0.29571828,0.18125415,-0.055090602,0.033256043
1.1876153,1.0548086,-0.7000951,-0.59323865,0.04097103
-0.83876735,0.4376362,0.41291586,-1.053574,-0.6786659
-0.41647932,0.937188,-0.63447344,0.03641807,1.4807491
-0.35124788,0.5378579,1.8946751,-0.4842506,0.34467703
-1.1110703,-0.22478257,-0.41365665,0.45542493,2.3162742
-0.6272392,-1.0592152,-1.349473,-1.8240262,1.2892894
-1.0621145,0.105487645,-0.10635141,-0.5701843,1.4281685
-1.0445577,-1.2620628,0.41669926,1.5318863,-2.2440743
-1.2036728,0.54463226,-0.81441,0.41022786,-1.1846296
-0.8277111,0.6071433,-0.18069947,-0.8732726,0.69873357
-1.2332373,0.06841074,0.21548103,0.3323214,-0.15325128
-1.6160182,0.056941394,0.775209,0.96944827,-0.32583222
-1.3896313,0.16312858,0.48999923,-2.0108614,1.933173
-0.9572015,0.38593006,1.3477614,0.7151068,0.64035636
-1.5115933,0.10367878,-1.072396,-0.83199394,-1.7368532
-1.3809639,0.28164375,0.0062736827,1.0356854,-0.32220185
-1.2543104,-0.1956995,0.23933369,0.65022165,-1.1106697
-0.052558895,0.7208691,1.1663648,-1.8491378,0.6647481
-0.30225813,0.5490318,1.2375364,-1.7330928,0.6246011
1.1358726,0.66682976,0.7121988,-0.53359413,-1.8790582
-1.1362692,0.28816053,-2.9884317,-0.25102815,1.2764388
-1.1821066,1.9864216,-0.013225087,-1.0719341,0.14130454
-1.3927144,0.4045537,0.1747337,0.74162704,0.22180256
-1.3236237,0.45524484,0.021353742,0.25375134,-1.0991642
-0.933787,0.37999472,-0.028195132,1.9438671,0.9563696
-1.094103,0.9002636,0.998861,-0.49851596,-1.1664593
-0.6974176,0.7070975,0.7753512,1.3896644,1.4866091
-1.6638341,0.24307537,0.16161154,0.54220366,-1.2810988
-1.1584302,-0.27967486,0.39513397,-0.7663269,-1.2911065
-0.52082634,1.6386124,-2.2144682,0.4812088,-0.7758694
1.5892165,1.295952,-1.1470916,-1.0333875,-0.7417715
-1.2851516,0.11951655,0.7059143,-1.3922074,-0.88147956
-0.8824959,0.8631166,-1.1020777,0.5262137,2.381329
-0.98819304,0.67062265,1.0250108,-0.23963523,-0.08226483
-0.93077534,-0.008178268,0.02179192,-0.4623152,1.3945284
-0.9259555,0.44811177,1.8872796,0.38187495,-1.2500064
-0.3674647,1.0776261,0.96493435,0.69226253,-1.0272743
-1.1751443,0.5573417,1.1546924,3.0377555,-0.48131502
-1.1928312,-1.3272597,-0.9277392,1.2333006,0.13764401
-1.8845023,-1.1499337,1.7292219,-1.7325559,0.94399333
-0.1507752,0.6530041,0.033667773,0.07376019,-1.9879466
0.049712174,1.1985573,-0.26070097,0.05977672,-0.925893
-0.7701664,0.65929216,-1.5311711,-0.7024876,-0.24270615
-0.69311124,0.5566705,-0.51981485,0.9442892,1.6974283
0.22933406,1.3392707,0.8122253,0.040030643,1.8060858
-1.4314144,-0.46892428,0.83652216,0.43509287,-0.28680238
-0.6527479,-0.9344014,-2.3473482,-0.16551027,1.0418055
-0.707909,0.7899338,-0.3244466,0.6156901,0.08261284
-0.4095483,0.9813182,0.23422472,0.31874996,1.4216734
-0.95977664,0.72672904,0.16847947,-0.39330214,1.1656102
-0.9212702,0.30715486,0.22027436,0.66772664,0.5891861
-0.95236564,1.1433134,-0.19004297,0.44564673,2.1878273
-0.8391536,1.259677,1.5176729,-0.84781814,0.49454722
-1.3175863,0.6920037,-0.4811237,0.30991542,0.053471882
-0.9326906,0.35784766,-0.8136003,-0.40202346,-0.03774961
-0.4490679,0.89275,0.394735,0.19389243,0.002026324
-1.127253,-0.26848096,-2.0206797,-1.4065192,-0.79291254
-1.1223946,0.04700229,-0.14084886,0.20525792,1.0730181
-1.3790152,-0.8395071,-0.75633925,-0.26083264,-0.32924563
-1.135067,0.883269,0.524994,0.17875996,1.6722394
-1.2848524,0.09933768,-0.8226416,1.4202788,-0.33261585
-1.8435311,0.0573685,-0.6730079,-0.07941495,0.043322213
-1.2129505,0.2796053,0.23580018,1.9102687,-1.4956912
-0.19509253,0.5492785,0.031936288,1.0879345,1.2539811
-0.99682367,0.8442764,0.52269363,2.1664543,-0.582355
-0.8499993,1.2906686,0.07309733,-1.5998802,0.6770777
-0.5163815,0.8788622,0.71507496,0.8669282,-1.6731795
-1.113134,0.80153334,-0.97380644,-0.17519109,-0.8970469
-1.3890162,0.16976695,0.9321789,2.2713401,0.17545137
-0.9146542,0.7857746,-0.8131616,-1.0406797,0.12428666
-1.3526648,-0.36411187,0.72582585,-0.62732977,0.33482075
-1.0465013,0.2416942,-0.48171705,-0.8328005,0.378255
0.2553696,1.4259682,0.57791156,0.075348586,0.14071076
-1.3478416,-1.2978858,0.36427155,-0.006130132,-0.33701402
-1.2702519,-1.3971815,-0.34567013,0.25613868,-1.1136725
-0.3751274,1.027555,0.440124,0.30954218,-0.028968869
-1.2868761,-0.4326028,-0.4638061,0.013745982,-0.6640396
-1.1553205,0.33418196,1.0944043,0.8839126,-0.35368586
-1.720104,-0.07054321,-0.959444,0.30098695,0.03621792
-1.7278066,0.0960089,-0.5655652,-0.7125572,-0.15537448
-1.0645503,0.30743805,0.7007658,1.3244426,-2.0597472
-0.6556466,0.9925915,0.7206875,-1.887247,-1.4008322
0.7395371,1.5463332,0.55344456,-0.31809714,0.3723332
2.0601497,2.1464841,-0.035969663,0.21074101,1.3260713
-1.1166786,0.79896986,-0.6415194,0.24135104,-0.7899705
-1.8663216,-0.12348333,0.18848585,-0.06063812,0.39831105
-0.51851577,0.7200965,-0.17378178,0.4326144,0.1187769
-1.2435403,0.572078,0.87878376,0.7054294,-0.65757257
-0.75896055,2.086401,0.54728013,0.81739295,-0.27451003
-1.1952463,0.13979504,-0.063463226,0.85759133,-1.5627354
-0.94366986,0.408412,0.4016905,-0.009429904,0.7187708
-0.7764372,0.44116536,-0.9062398,0.09240751,0.54977787
-0.6713744,1.1093982,0.52358574,-0.029434282,0.5386591
-1.6759084,0.34475535,1.3903873,-0.30082384,-0.4744001
0.9953064,2.512437,-0.6023996,-0.8874015,-0.8113802
-1.5754198,0.5295643,0.34607664,0.114985555,1.0340168
-0.72029877,0.9356314,0.21608351,-0.6599837,-1.2130275
-1.4591668,-1.5422733,-0.1687588,1.71828,-0.8234119
-0.6775525,0.43994644,0.5896937,0.09311067,1.4367287
-0.90715224,0.6084605,2.2328253,0.012237757,-0.7279884
-0.67056644,-0.8403081,-0.67117333,-0.027514966,-0.7698252
0.34686145,1.3384851,1.9541119,-0.64012223,0.25188723
-1.3056493,0.59592414,0.21778022,0.7926241,0.3464114
-1.0520145,0.5685874,-0.35930318,1.3078656,-1.841088
-1.0925667,0.45711058,-0.19166484,0.09066196,-0.11916144
-1.1205157,0.83353686,1.0372723,0.22709873,0.38456026
-1.1415957,0.77952456,-0.36389136,0.1238616,-1.0269971
-0.63062584,0.64654493,0.06971911,-0.8068824,1.0068251
0.23850703,0.32953584,1.4188095,-0.5882979,-0.7884924
-1.2080455,0.69072175,0.6705273,-1.3097168,-0.31955385
-1.2621495,1.2504393,0.2165142,-0.60788065,-0.11905393
-1.1549842,0.7826772,0.58285207,0.8548099,-1.1469765
-1.1745517,0.97600013,-0.4220182,-0.73743206,-0.97009903
-1.1213437,0.46661055,-0.42926255,0.21354267,1.1434828
-0.38763896,1.4760655,-0.29743817,1.2128048,-1.1735332
0.81642354,1.9217831,0.27523336,-2.0584753,-1.1342759
-0.65140754,0.16920517,0.52799207,1.1766403,-0.664276
-1.4868699,-0.06777712,0.68794024,-0.7897035,-0.7757445
-1.1103121,0.28461257,1.2666078,1.6672801,-0.49188417
-0.48804885,0.9090858,0.23626496,-0.61610377,-0.0061649154
-1.21367,0.33803272,2.1502135,0.6948725,0.40454817
-1.3177936,-0.43492138,0.06905069,0.1055609,0.6509223
-2.3397377,0.13061805,1.565692,-1.4379644,-0.6802084
-0.7181699,0.15936305,2.378192,-0.045002114,0.27327862
1.7653433,1.1694312,-0.13197346,-0.64738506,0.27266073
-1.4373695,-2.0310788,1.0264012,-0.14657995,-0.2722778
-0.9176879,0.7699417,-0.41468614,-0.07620135,2.3078322
-1.172488,-0.10277391,-0.6843721,-0.20124966,-0.082935795
1.5640672,1.3506043,0.15500966,-0.017601058,-0.9385601
-0.88379645,0.14158802,-0.74182624,-0.5307372,0.5121294
-1.0007652,0.9348766,0.70237327,-0.008404162,0.92406094
-0.4836489,0.7427891,1.7529103,0.7006048,0.6523552
-1.1792557,0.42971313,1.1780272,-0.15197282,0.6056776
-1.9024364,-0.010022675,0.40585575,-1.0381682,-0.3666242
-1.4723006,0.16813408,-0.34521657,-0.1929725,-0.45867416
-1.0697578,-0.43013722,-0.42522988,-0.36866304,-1.2262927
0.47645727,0.7738566,-0.5357684,0.08808923,-0.05466218
-1.4107314,0.51195437,0.79947954,-0.4570917,0.46995094
-1.0117491,0.5847122,1.6053088,1.3110017,-0.16868486
-1.4007195,0.2133676,0.06755571,-0.014341037,1.030407
-1.5816435,0.8100992,0.5241188,0.5956466,1.3475844
1.1090952,1.7126855,0.53073233,-1.2299087,0.41385692
-1.2189155,0.21144551,0.9562166,-0.39754206,1.4564112
-1.5282514,0.21394388,-0.08785384,-0.69853044,0.79748076
-1.4150921,-0.4744273,-0.8530671,0.32765576,-0.755474
-0.22635846,0.922122,-0.03781544,-0.27548373,-0.57998085
-1.2617387,0.2708421,0.1894408,-0.910941,1.5536141
-1.382689,0.41490853,0.14030798,-0.5184198,-0.7580453
-0.80046475,0.75308955,-0.491701,0.38920715,0.06164368
-1.6129571,0.31897774,-0.9245744,-0.5730059,-0.5139291
-0.8295639,0.599545,-0.2069445,-1.2742144,0.3373527
-1.0239115,0.66363186,0.6247547,0.67317206,-0.520258
-1.4955467,-0.6796532,1.2923262,-1.2047487,-0.45027077
-0.96680844,0.56696856,-0.06409717,-2.3403955,-0.2943083
-1.0729147,0.10009343,0.31853607,-0.7789057,-1.4863199
-1.011575,0.7373162,-0.277501,1.9564905,-0.48148972
-0.90172625,1.2368228,1.4589978,-1.1322792,1.0392725
0.99770427,1.0687789,0.74858683,1.1603581,-0.53284276
-1.6447675,0.6252703,0.29765385,-0.8239148,-1.0979552
-1.2146368,0.43082386,0.36457792,0.04749033,0.66120076
-1.6076876,-0.8484189,-0.4459515,-0.42246404,0.7840706
-1.288402,-0.06430769,0.4674518,-0.4331861,-0.56101465
-0.7994648,0.48670077,-0.85629433,-0.3785115,0.9581572
-1.1222274,0.19202833,0.59602654,0.20201378,-0.71890277
-0.6200558,1.5517316,0.7308052,-0.5229981,-0.6002101
0.06426532,1.5250589,0.47397274,-0.4637417,0.23651576
-0.99659795,1.8967642,-1.4658421,-0.9477972,0.5499652
-1.9395477,0.13032536,0.6968584,0.5957644,-0.11612859
-1.361017,0.81149876,1.7312279,0.56364214,-0.066806145
-0.9909895,0.92349505,1.1684779,-1.010748,1.9241996
-0.77226543,1.0202653,-2.1896207,0.050129708,0.7744589
-0.70622265,0.34987453,-0.65466505,-0.3115413,-0.36781195
-0.57643056,0.21912467,-0.9997334,1.0469903,0.96182626
-0.8217853,1.3443182,-0.7907836,0.806085,0.97352797
-0.5410376,1.4447974,1.1561975,1.099518,0.17904986
-1.7455833,0.12139119,-0.020676257,-0.2811456,0.72168356
-0.9801403,1.0804683,0.94555247,0.40209207,0.8685391
1.0562717,-0.3129128,0.6578916,-0.6043401,-0.7457739
-0.8032408,1.2306486,-0.20988841,-0.37752342,-1.2068688
-0.6535388,0.82772726,-0.27484888,0.5877391,1.0193274
-2.0917473,0.14952515,1.7729312,0.67336184,-1.5721754
-1.6366676,-0.38215128,1.7470362,1.5969636,-0.40370303
-0.11296822,0.85653496,-0.30187574,1.5956202,0.5490231
0.07152692,1.6864971,-1.5214617,-0.7912028,1.2582916
-1.4526751,1.7701744,0.43866396,0.71835715,0.35810515
-1.5300252,-0.4793553,-0.98875314,-0.9907395,-0.50823593
-0.74367523,0.6193052,-0.1593781,0.47198552,0.08923367
-1.0483625,0.59185183,-0.3726039,-0.20543674,0.47546887
-1.8836558,0.8976419,1.0780888,1.3496727,1.7082554
-0.81823623,0.32271633,1.5614067,1.983675,0.41453114
-0.25385845,1.1013211,1.654535,0.019775735,1.2796707
-0.12782699,1.9487089,-0.15945314,-0.34900874,0.31617013
-0.7678383,0.6703642,1.113608,0.5595223,0.074186556
-0.96035206,1.1773252,1.3673254,-0.8175342,0.8771616
-0.9812088,1.7517167,0.036767595,-0.6465881,1.7084491
-0.44610023,0.65859854,-1.1585348,-2.5619752,1.0283439
-0.60963637,1.4855322,1.2211323,1.017013,-0.7095797
-0.57041556,1.4944118,-0.04512331,2.0813472,-0.55666935
-0.98273444,-0.017609887,-0.22584726,-1.5197664,0.5267151
-0.2138823,-0.006321909,1.2707082,-1.652124,-2.576859
1.030402,0.028610693,0.2552626,-0.63652265,-1.5054702
-0.28824428,1.0620844,1.5764481,-1.8900043,0.6458402
-0.17443256,0.24788189,0.078354694,0.6726906,0.68556005
-0.60969776,0.14203395,0.8521989,1.4199244,-0.7931717
1.0219193,0.7498643,-0.1639654,-0.8456093,0.36854273
1.8575816,0.67587113,-1.5127106,1.9349169,-0.014208971
-0.34014183,1.2151859,0.6372231,-0.51836485,0.62418485
-1.4520475,0.035505068,1.2927772,1.2824094,-0.53011876
-1.3986578,0.18954197,1.4098891,-1.0417212,1.7403332
-1.5160642,-1.223435,-0.34109357,1.4067799,1.291541
1.5136185,1.0639026,1.6038296,0.41587168,-0.312182
-0.23448987,1.2012383,1.7912894,-0.48721573,-1.4361609
-0.9999093,0.7256743,-1.5987321,-0.603052,-1.46617
-0.7247129,1.2420735,-1.5871043,2.4199817,-0.38846046
-0.61874306,1.1118853,0.92628247,0.033438977,0.4399337
-0.9302736,1.0798103,-0.4183926,-0.44367135,1.0175853
-0.7942463,0.7029513,1.9667655,-0.846345,1.461618
-0.97696626,1.516384,-0.80573565,-0.09637257,-1.6165893
-0.8164045,1.0432417,0.08944576,0.32010671,-0.5560108
-1.441187,0.43234828,-0.75240946,-0.91023505,-0.78428745
-0.7925008,1.5535028,-0.38148373,0.051894832,0.46462417
-1.0992279,0.8614186,0.09915617,-0.2481913,-0.9830259
-1.9271754,-0.14989491,-0.68734705,-0.7814119,-1.3198712
-1.2816967,0.5252427,-0.032658175,-1.746246,0.31753585
-0.9863199,0.7438499,0.2847503,0.49300277,-0.70948356
-1.3444064,-1.0126268,-0.71125793,0.5573716,-2.3424668
2.1268306,1.8283716,-0.73436207,-1.1064059,-0.7191502
-1.2036356,0.29854083,-0.037721522,-0.023200788,0.44111508
-1.3070892,0.84012336,-1.5463675,-0.20816976,-0.6388794
-0.35888734,1.234327,-0.1970286,-0.65010977,0.49962625
-1.5222023,-0.32624972,0.634785,-0.006596254,0.82901543
2.3341143,1.4500779,1.7486876,-1.8888217,0.9202011
-0.77852494,0.5577654,0.2968994,-0.34579945,-0.4840206
-1.1210811,-1.3394494,0.012636007,0.18367444,1.3701806
-0.5099891,0.83452994,0.7510921,-0.23310441,-1.0410496
-1.0437006,0.59717566,-0.1127947,-0.46862143,0.4289276
-0.43605366,1.213387,0.5068013,-0.025821893,0.56616235
-1.5393955,-1.7274071,-0.38125253,-0.43422273,-1.119651
0.09263136,1.4538453,-0.9157853,-0.53466433,-1.5541221
-0.9242084,0.6323809,0.8932273,0.5832494,1.2255806
0.37334684,1.8222733,-0.9147387,0.9970796,-0.3368373
-1.2735047,0.45602944,-0.74345183,0.8690409,-0.047354747
-1.1320132,0.4934938,-0.30848518,-0.094597355,-0.8974487
-0.8464915,1.2006192,0.35038632,0.040066198,-0.0598789
-0.52577215,0.86914814,-0.16830723,1.8046205,0.63242203
-0.83448666,0.8244011,-0.055977713,-1.3471409,-0.3100329
-0.11319574,1.7675247,1.0204133,0.64225274,-0.26407138
-1.4238185,0.97410864,-1.8982084,-0.16266666,-0.5829452
-0.3908008,1.257008,0.4334736,-1.2192649,-1.493515
-1.4352373,0.72107,0.89908487,1.2197244,-1.9874218
-0.702532,-0.5215215,0.42349806,-0.9876892,0.3131021
-0.854344,1.3712559,0.22123657,0.14483905,0.013644715
-0.47289404,1.5245434,1.6780351,0.65288436,1.0297288
0.82278204,1.4125023,2.3805697,0.8010509,1.207202
-0.7044488,1.5896727,-0.53058594,-0.13645364,0.059510976
-0.6992074,1.4252032,-0.37957755,-1.9317093,0.85428065
-1.2255719,1.3051829,-0.20356674,-1.2043858,0.0036850763
-1.1300011,1.0937227,1.3098892,-0.7785452,0.16389093
-1.1035165,0.4989066,0.3548524,2.624403,-1.0962095
-1.20836,0.44675297,-0.38009113,0.40818933,-0.28278342
0.44399893,1.4785675,-0.22656031,0.44627553,1.9629166
0.97790766,0.7303145,0.20104368,0.30125555,-0.33120766
-0.6590983,0.82080865,-0.50861216,2.1343334,1.4075042
-1.3474076,-1.3306141,1.1363087,-0.3953509,1.8780538
1.0336924,1.3946764,-2.3585544,-0.84580714,0.568265
-0.40856192,1.3127811,-0.24154525,-0.57050353,1.0821068
-1.2461834,-1.9512762,1.300909,0.3616498,0.002502594
-0.16579656,1.2717991,0.84680593,-0.22179793,-0.13973038
-1.1660599,1.0450199,-0.15864404,-0.77451336,2.1385615
-1.443949,0.5153064,-0.010342054,1.4412904,-0.9105207
-1.2402977,1.117202,-0.59936494,2.0843608,1.6389071
-0.1421396,0.28388533,0.9809183,2.204897,-0.47576752
-0.46294007,1.2123885,0.41018194,-1.019467,-0.33908048
-2.1124005,-1.7879524,0.555652,-1.3565782,0.04933174
0.2993825,1.5597881,-0.026754675,-0.67891157,-2.395424
2.1469288,1.6045146,0.76012975,-0.5777708,2.031195
-1.4323035,0.32973555,0.8640982,-1.5812495,-0.59357446
-1.0535643,1.1978643,-0.52647686,1.2333872,1.1372527
-1.2136705,0.79378915,1.3560015,-0.7023703,0.5900184
0.98923284,1.0377591,-0.32936695,1.0282576,0.82939947
-1.4473697,1.3160115,-1.6275874,-2.6399992,0.27054504
0.22237675,1.5364714,-1.024917,0.9427394,0.93907094
-0.47287667,1.1507124,-0.5747405,0.20361723,-1.7687352
-1.3528987,1.6237117,-0.069265835,-0.3883962,-1.023658
-1.1553097,0.68714345,0.5968073,-0.2725947,-2.6134183
-0.683152,0.33209255,0.57647073,-0.236516,0.33041224
-0.75431603,0.42778063,-0.62638074,0.15833277,0.78467923
-0.4553387,0.85954183,0.29889527,1.0619435,1.0354328
-0.71671474,0.4593232,-0.5688028,-1.5829555,1.2619913
-0.4749457,0.52165335,-0.77724123,-1.0552291,-1.5360903
-0.62866396,-0.21896425,0.50232816,0.58768713,-0.698877
-0.89727074,-0.054688435,0.47005454,2.0150096,-0.5093773
-0.85358584,0.61306787,0.0845622,1.0861214,-0.74312764
0.47819906,-2.1492248,-0.59932524,-0.5704522,0.99321526
-1.6258409,-0.037330333,-0.49979445,-2.1486995,0.8495838
-1.1621851,0.70318717,1.2194728,-0.7329815,-1.3980931
-1.2277886,0.18096922,-1.300499,0.5104044,-0.76483417
-1.6761286,-0.87398916,-0.5919174,-1.2772322,1.070407
-1.6135966,0.2516263,0.74235576,0.9850817,-0.26743218
-1.9045782,-0.61865175,1.2066457,-0.84779876,0.77458936
0.434572,1.0853468,2.2451708,-0.7914888,-1.0337319
-1.4590558,0.27537167,1.9836597,-0.33414814,-0.25077617
0.31860998,1.2733921,-0.23135701,0.5231457,0.91642433
-1.6514379,-0.8880323,-0.43182173,-0.58544916,-1.0219963
-1.9846239,-1.0864553,-0.40453193,-1.8605208,-0.6557804
-1.6244892,0.3528845,0.14225486,-0.286878,-0.3579746
-1.1827307,0.16999833,0.45515177,0.7264292,0.761422
-1.2059103,0.15494755,-0.729109,0.009385291,0.014097308
-0.4150618,1.9215008,-0.9783209,1.2326845,0.086086564
-1.1273375,2.2859514,-2.4127443,1.2326922,2.0638072
-1.3300619,0.4330891,-0.31820697,-0.14401117,-1.1367459
-0.69568336,1.2727547,0.876781,-0.71451294,1.7883086
-1.330715,0.37198728,1.3233926,0.040076107,-1.526598
-0.72660536,0.67982,0.95581466,-1.2061744,0.4465035
-1.1504444,0.7117701,0.37531027,1.9338483,-1.2355384
-0.6021232,0.8485008,0.042381357,0.6722652,-1.3762854
-1.1571705,0.47728413,0.21904786,-0.24741673,-1.1319368
-1.0889603,0.79632294,1.4351767,-0.33099082,-1.9557443
-0.2084119,1.493287,0.14906663,0.08871642,0.086555116
-0.88224554,1.9766477,2.4029348,-0.10783434,-1.5210655
-1.527828,0.099040285,-0.28652406,-0.7043733,0.0443647
-0.57836354,2.049119,-0.4106896,-0.66088504,1.1605453
-0.9936531,1.0637493,0.07045513,0.0038185064,-0.021618042
-1.3609376,-0.8747641,-0.9791943,-0.26537117,-0.94670546
-1.1427935,1.0685806,-1.8464346,-1.017486,-0.6509949
-1.2270515,0.77559465,0.7780329,-1.5534067,-0.08707793
-0.3346447,1.0554519,0.33361268,0.41102552,0.28334644
-0.6956259,1.0591586,1.5552808,2.3572364,1.6834749
-0.6844688,0.7525744,1.0378028,0.6070819,-0.18505494
-1.1544096,0.23680452,0.17429388,-2.0437398,0.5992625
-1.0248098,0.85640407,-0.9239972,-0.2808399,-1.8199632
-1.5720106,-0.130394,-1.7152315,-0.14010236,-1.2703215
-1.1563399,0.6937268,-0.19579862,-0.4955857,0.9195622
-0.41392043,1.012177,1.3026106,-1.0539097,1.3184507
-0.8099258,0.8188239,-0.2736039,0.77464664,1.5672789
0.95069706,1.5790213,0.120729394,0.08318546,1.4960493
-0.15380314,0.9643853,-0.24388751,0.1470054,-0.9684074
-0.872679,0.5485767,-0.8215715,0.20634893,0.48102942
-1.4403632,0.39236495,-0.26188344,1.4279943,0.66665554
-0.7222637,0.9087386,-0.928872,1.6962361,-0.04615874
-1.0838469,0.8244944,0.3590693,0.09846453,-1.213636
-1.3336265,0.940078,1.3347031,0.19764149,0.26191533
-1.2925906,1.047001,-0.42030182,2.9104855,-0.84765184
-0.049477402,1.9881334,-0.019234536,0.6275224,0.44097614
-0.7087117,1.3303125,-0.6797188,-0.25288552,0.86928517
-0.41285393,0.7911697,-0.55794096,0.37333047,0.20984726
-0.92120284,1.0654516,-0.47761092,0.6275976,0.55097795
-0.68612117,0.7752654,1.07661,-1.4205253,1.5349951
-0.67484075,1.1039922,-1.1847972,0.5523095,0.3945675
-0.62409353,1.0864596,-0.16172403,-0.69097906,-1.8250731
-0.7245015,0.8852736,-1.089367,-0.21607237,0.060103424
0.13496862,1.200968,-0.15185465,-1.1130059,0.5854388
-1.6117125,-0.34994224,-0.40242007,0.5927295,-0.86930317
-1.2335942,0.9167576,1.1341964,0.78178656,0.16345389
-1.2056808,0.9343788,-1.9107306,-2.9592996,1.1718451
-0.6952717,0.813762,-0.08502443,-0.07199815,1.6568058
-0.24289958,1.3866712,0.18214454,0.7125385,0.29361433
0.61370647,1.0516555,0.67668015,-0.16125423,1.1288223
-1.1812515,0.48068914,-0.4177818,0.9024797,0.3920582
-0.53847784,1.3815076,0.07336484,-0.22182436,1.9224255
-0.7151128,1.1222259,-1.0831995,0.18007043,-1.3341322
-1.3637565,-0.06481749,0.6149836,1.6778026,-0.15225846
0.07875186,1.655542,-0.6742323,-2.7650392,-1.1189957
-1.402585,0.8156744,-1.4870585,-1.6770264,0.79154253
-1.771642,0.3187205,-0.23430167,-0.73207426,-0.8642224
1.5668396,1.9956532,0.5556387,0.4424344,-0.14748956
-1.3504705,1.0219966,1.7801119,1.9307716,0.005833733
-0.10765019,1.6401615,-0.19726612,-0.8113206,1.0221831
-0.24140911,1.2563132,1.2372059,-0.43976578,0.25919098
-1.0390153,-0.38470334,0.28513223,0.83186805,0.8877803
-0.6887465,1.0223362,0.669083,0.5697288,-0.35949084
-0.4297956,1.3153112,0.27195933,-1.0374817,0.6859876
-0.08190267,1.0394202,-2.468121,-0.20990543,-0.53895754
-1.4983218,-0.48840162,0.265904,0.6953657,-1.5776988
0.6505314,1.2883854,0.057932444,-1.2306453,1.1744121
0.08346361,1.2559594,-0.77718973,-1.3762482,0.89870065
1.3441839,1.990563,1.2238564,-0.6455558,0.7431387
1.5568343,1.6079224,0.09525594,-0.07403196,-0.82325363
-0.0091608735,1.129714,0.3717288,1.1582178,-0.46811974
0.15995347,1.3135853,0.31039527,0.7860452,-1.0161008
-0.5948177,1.8442526,-0.25625685,0.2447045,-0.52638686
-0.84859943,0.40660232,0.09112645,-0.9625223,-0.28245768
-0.94888276,0.0909688,0.44173515,0.18754241,-0.71942157
1.3509864,1.5407656,0.026409708,0.11448954,1.0134102
1.1126266,1.7927992,-0.981167,-0.53348637,0.17713405
0.5138955,1.3435767,-1.0401028,0.68359417,2.0321798
-0.46644366,0.91663754,-0.9042046,-0.9886652,-0.8213612
-0.60281587,0.90584135,-0.6685898,0.31644472,-0.30055338
-0.2930154,0.5386662,0.107788354,-0.20644456,-0.37026882
-1.0489576,-1.0161693,0.0660921,-0.058651578,1.0979171
-0.96137226,0.6565531,-0.48874232,-0.8555351,-1.228872
-0.56289136,0.77291596,0.81997544,0.8211049,2.05061
-1.2229382,-0.013173459,0.69144917,-0.44147962,-0.570432
0.3579399,0.7046007,0.9739939,-1.9347769,0.92922634
-0.799141,0.2171644,1.4655839,-0.061078645,-0.60132986
0.44855854,1.4481332,-0.28399512,-0.18136396,-1.50942
-1.2687498,0.17424813,-0.039642915,-0.80719984,-0.28660005
-2.263692,-0.47331482,-0.7325097,0.066877276,0.773633
-1.2709805,1.4575603,0.22539194,0.1822199,0.15387961
-1.5183268,0.22606389,0.07814197,-1.5544193,0.0706747
-1.311665,0.9210935,0.38916743,-1.3568474,-0.9982469
-0.56122035,1.3943172,-0.28436476,0.60525435,0.020021994
-1.1900592,0.4719202,-0.37851274,1.5450404,0.41038668
-0.6434436,2.0615466,0.8837508,0.019876786,-0.13888389
-0.9474719,0.6130094,0.19263,0.08623474,-1.1599977
-0.8541787,0.9002338,-1.3799337,-0.23482081,-1.6547219
-1.6804707,0.21443571,0.016594507,0.51079077,1.5399051
-1.0500968,0.7843645,0.46810022,0.986558,0.10729035
0.52543473,1.2680405,0.26138327,-0.7083372,1.240774
-1.4446381,0.6402062,1.3359239,1.0175902,0.7739473
-0.9796883,0.61321187,0.64314073,1.1873767,-1.6371026
-1.3861413,0.16529408,-0.35949904,-1.0798143,-0.8826831
-0.7576755,1.4847125,-1.0524528,-0.64072084,-0.31077522
-0.9313348,0.6234985,0.31476107,0.580127,0.7093603
-1.6252856,-0.08021576,1.519879,0.32351753,0.4321429
-1.6958272,0.9248853,-0.1658009,0.0021440203,0.20625493
-1.0419263,1.0530432,-1.32225,-0.3787332,-1.9506087
-0.9520899,1.3609585,-0.048092037,-0.50134546,-1.8276751
-0.52352846,1.7799574,-1.3680218,-0.81165224,-0.020059977
-1.1549896,1.2209812,-0.07802986,-0.19975479,0.6007656
-1.4583482,1.6360666,0.5648789,-0.3049706,1.143706
-0.43400213,0.54430264,2.1980703,-0.34977797,-0.033395495
-1.9155092,0.21296318,-0.28727308,0.027253611,0.16426045
-1.2403662,-1.9877111,-0.21722451,0.27979746,-0.27194124
-1.2121304,-1.2145078,0.67875004,0.6619621,-0.18120347
-0.7850904,0.7608153,0.24870794,-0.5440304,-0.04803557
-2.132366,-0.54234344,0.15729763,0.47269052,0.87877846
-1.1629251,1.1311234,-1.1577048,0.2848224,-0.40890685
-0.1094974,1.3151624,-0.49823713,-0.75988185,-1.0200205
-0.7831718,0.6373494,-0.41162702,-1.9963292,-1.4969712
0.36394173,1.3901309,0.32954898,-1.376135,-0.7419752
0.003960671,1.0346147,-1.0582303,0.6825956,-0.87113076
-0.16328284,1.1285298,1.0556988,-1.0071328,-0.43047592
-1.2528272,0.10817191,0.008490289,0.2387123,0.45959646
-1.3706231,-0.8897474,-0.41213912,0.8474424,1.7612196
-0.14436404,1.2229732,-1.725647,0.051214945,-0.40936136
-1.0607302,-1.0477389,-1.2103345,-0.96060723,0.060731646
-0.34884858,0.93988323,0.31028485,1.2461965,1.3214366
-1.2948753,-0.010205534,-0.42752767,1.2970353,-1.5328265
-0.8551536,1.4769567,-1.1727799,0.9772833,-2.5588155
0.5981022,-1.050854,-0.425729,0.56066746,-0.96390045
0.40945712,1.538339,-0.81461954,-0.99651676,0.7690802
-0.9663124,1.563148,-1.3299776,-0.46812928,-0.32376668
-0.2919161,1.484154,-0.72725606,-0.6335442,-0.004021235
0.941943,1.3921818,-0.81690365,-0.102284655,0.850171
1.0289412,1.3433032,0.6475117,0.73529243,-0.68128145
-1.3249863,0.27129102,0.41167676,1.0902004,1.2466512
-1.1383557,0.9219423,1.789348,1.1287596,0.59314424
1.3633492,-0.59493834,0.1479616,-2.5221906,-0.69274503
-0.8205288,0.81461823,0.19089493,0.28947097,0.6293245
-0.84794474,1.2975872,1.0519474,0.5743833,-0.21010996
-2.3396523,-0.94767,-0.00029563098,1.5208946,0.43341842
-0.8933947,1.4845456,0.14827688,-1.8991852,0.25434825
2.4690542,-0.9121756,0.08547543,1.4643174,-0.7282471
0.36857814,1.102336,1.18355,-0.86603725,1.5359715
0.023612088,1.502699,-0.44145736,0.7555204,-0.26267397
1.3168834,1.5781832,0.14972857,0.10695568,-0.3268645
-1.112188,-1.1191974,0.0075803893,-0.277982,1.313175
-0.85563964,1.320103,-0.29325783,-0.84597707,1.41974
-0.56017226,1.0228589,-2.7498221,0.429767,-0.43893087
-0.7605198,1.1639085,-1.8331354,0.48679414,0.5400287
-0.43231907,1.3314129,0.5354182,-1.8949163,0.5874893
-0.5899467,0.19558817,-0.53795856,1.9224769,1.4900986
-1.3495488,0.21738121,0.087812655,0.018292688,-0.07589174
-0.14674377,1.2945231,-0.11094378,1.3306524,-0.56288666
0.21482672,1.1564065,0.13214293,0.91578233,-0.72161406
-1.0315901,-1.0923228,1.5403453,0.2745346,1.0516392
1.558,1.70383,-1.0754915,1.2891121,-1.8905339
0.48507625,1.4538065,-0.73366123,1.0906106,-1.4479573
0.99757046,2.2625704,0.4630033,0.18352228,0.63659716
-1.261567,-0.1958276,2.2148879,1.3319937,-0.45950142
-0.9178194,-0.069572516,0.086905584,0.6897166,-2.19668
-0.6873689,1.2412572,-0.4444338,-0.09714329,0.5261971
-0.7676671,0.7528947,-0.43652308,1.1475662,-0.9147501
1.5069264,2.2095654,3.1189146,0.19817458,0.86763847
-0.79661286,1.616221,0.47311875,-1.4747735,-0.61708874
-0.5483794,1.3516251,-1.1228366,0.2894684,0.42205456
-0.38868913,1.1260314,-2.0780845,-0.20055234,-0.38062543
-0.76023227,1.048552,1.3480436,-0.5150059,-0.40386978
0.18975413,0.953106,-0.74941397,1.1193359,-0.35335615
-1.0586653,0.51422405,0.3142905,-1.1135045,-1.4677198
-0.4328508,0.8123123,-1.8967432,1.6011453,-0.7345641
-0.9000192,1.0321679,0.58403724,0.2675875,0.6851117
-0.37212867,0.56796366,0.32698292,-0.027137684,-0.1838421
1.3231621,2.1396074,-0.85339105,-0.5434654,1.5915692
0.34742585,1.1952751,1.0339178,0.35845956,1.0602291
-0.7558533,0.5930224,-0.4135614,1.9286617,-1.1069705
-1.165893,0.44605163,-0.77442175,-1.0022001,0.081090234
-0.81267136,1.3424554,1.1341804,1.0595891,0.057446383
-0.34994918,0.1176802,1.6619195,-1.1002662,0.29222772
-1.4728521,0.76207095,-0.4653453,-0.92394596,-0.87513256
-0.7459487,0.26797596,0.4238926,0.41694224,-1.9715477
-1.2990799,0.1040814,0.53403085,0.6520618,-0.64947206
0.8647251,1.2770319,0.67955494,0.6061145,0.11754088
-0.25461793,1.0532892,-0.8870733,-0.82164955,0.047925632
-0.90353626,0.01620842,0.7196253,-0.31393594,-1.6524947
-0.85042816,0.80245554,1.1856605,-0.056564424,0.41996956
-0.84778166,1.0532708,-0.0820717,-0.60433877,-0.5469446
-1.1879152,0.5655268,-0.6055058,-0.18461165,0.20647705
-1.6669674,0.040501185,-0.26309377,-1.1811016,-0.9014112
-1.1048462,0.255465,1.503263,-0.5711186,3.1657453
-1.5544267,0.8809146,1.2312895,-0.93504554,-0.23679937
-1.7465006,-0.5552375,0.9299161,-0.765435,-0.33496004
-0.38246682,0.82785743,2.1712441,0.8652049,-0.31844318
-0.7020479,0.795293,1.1005948,-1.0755677,-0.32929894
-1.1472266,0.7823356,1.7348372,1.037731,-0.2794264
0.19481492,1.0712184,-0.51940936,-0.30198163,-0.05822545
-1.976304,-1.2444456,0.03872345,-0.9400702,-0.8767744
-0.5364695,0.8977769,1.249807,-0.88052094,0.006798049
-0.97333604,0.7971591,0.65151834,1.2409276,-1.1568028
-0.8544959,0.93029535,1.2161568,1.0771875,-0.9289656
-1.0385379,0.33176747,-0.08610491,0.6627442,-0.2679839
-0.37127113,1.0801048,0.6394667,-0.07037,0.65635324
-1.3768841,0.64925885,-0.26960674,0.26767725,-0.07521884
-0.49709278,0.8929859,1.3412231,-1.7736073,-1.1355737
-0.41054067,2.4300265,0.16688825,1.2272364,0.19579297
-0.96347976,-0.71061414,-1.452306,1.2522005,0.8838742
-0.53291833,0.7624156,2.3889732,-0.11700106,-1.2100035
-2.0557535,0.29488024,-0.6332155,0.40220448,-2.07751
-0.6640301,1.1242658,-0.27161348,-0.62177676,-0.36190078
-1.3528253,1.3871003,0.57012343,-1.0103793,0.5014685
-1.2483145,0.8181316,1.8229847,1.444813,-0.9140967
-0.7626556,0.53243405,0.45448774,1.1275665,0.77683085
-0.82223225,0.58959866,0.59407693,-0.8657922,1.7196139
-1.5032713,-0.11887534,0.717294,-0.25309816,-1.9969614
-1.6752272,0.018763563,-1.158084,-1.6597774,-0.75438213
-1.209998,-0.67622215,-1.0001196,1.1248688,-1.9756685
-1.3600128,1.0355396,-0.14324851,-0.40841815,-0.95711493
-0.24217546,0.82250124,-1.4290557,-0.5721298,1.445768
-0.9209274,0.11634878,-1.60223,0.42393076,0.4544501
-0.88291585,0.6336065,0.845894,0.96910197,-0.0007446285
-0.73685575,1.0183342,0.5793635,-0.9663375,0.45959356
-1.2002969,1.0699381,-0.4292782,0.49349922,-0.33507824
-1.0919583,0.7401979,0.22054742,0.014716561,0.46251437
-0.8909416,1.0758687,0.48152363,-0.11297411,0.68614006
0.32421637,1.0568827,1.368545,0.25559035,-0.37322655
0.43164983,1.1447339,-1.3328905,-1.4293711,-1.4272193
0.067779,1.2691778,0.8608036,0.8008645,-1.1618507
0.5115598,1.6406372,-0.5404615,-0.4781417,-0.37909803
0.23028275,1.8763207,0.69509315,-1.1063229,-1.4765929
0.1491329,1.6030086,-0.72588664,-1.8243897,0.19320239
-0.18051504,1.2345184,-1.1808892,-0.53674453,0.08816964
0.21789995,1.7814444,-0.50040823,1.0020696,-1.0155146
0.04469332,0.5198902,0.40531802,-0.0029913676,-0.700983
1.3775299,1.492324,-0.29741448,1.9272059,0.93712854
0.7752828,1.3200134,-2.0883746,-0.20316951,-0.24589714
-1.2269391,-0.48767054,-0.8715966,1.6518625,1.9119347
-0.6263523,1.4482414,0.5598669,-0.65095633,0.45431134
0.017831948,1.5134006,-0.5772331,-0.30354097,-0.1618739
0.5199564,1.9152969,1.6693499,1.3812919,0.73588055
0.12443689,1.2787863,0.8631163,1.5272824,0.29777217
-0.7566918,0.98654336,0.12018298,0.6804147,-0.07082143
-1.129455,0.99856806,-0.13138507,-1.4143884,-1.7403675
0.47850662,1.1929827,-1.2993102,-0.44690624,-0.77483857
-0.26869702,0.49024484,1.6505404,1.2957748,-1.0883025
0.40939993,0.8051741,0.8058339,-0.40471616,-1.4295745
-0.4218908,1.0233229,0.11483002,0.33588576,-1.01247
1.8851464,1.9693097,-0.72186697,-0.010466253,0.7306666
-1.0540433,-0.28514564,-0.51762563,-0.19254209,-0.16099443
0.68953484,1.9674045,1.4825878,-0.13546835,0.94739753
0.53881997,1.1920286,1.2112906,0.9759266,1.9375255
0.72853166,2.1166754,-1.0778712,-0.8921075,-0.33216682
-0.48467276,1.0021567,0.88238454,-1.2762425,-0.94042623
-1.2009156,0.7016316,0.037172906,0.3460671,0.32584462
-0.7823569,-1.4686668,0.12095468,1.404273,-0.7536465
-0.79078937,-1.8760142,-0.43722582,-1.258025,0.2604286
-0.65152174,-0.36550817,-0.2467722,1.2350323,-0.18112046
0.049715113,1.1892276,0.38737062,0.10404973,-0.5599538
0.28181806,0.7721767,0.13836622,-0.8007189,1.2155997
0.3267946,1.6250687,-0.18817219,-1.708107,0.61309975
-0.09672029,0.9091755,-0.37199467,-1.2574239,-1.1263033
0.59073937,1.6004515,-1.6194762,0.0915987,-0.36802006
1.3766496,1.2415762,-0.78731513,1.2244258,-0.16097389
-0.81498086,1.4691991,-1.5517608,-1.3823326,-0.4731027
-1.1567242,0.6263535,-0.7035165,0.22968759,-1.871112
0.33919585,1.8097566,0.13256098,1.0178729,-0.18784331
-0.64805126,2.2201133,-0.49814388,1.540085,0.8403969
-0.58479035,0.4866998,0.16872641,-0.12665497,-0.23900478
-1.4610106,-1.4542807,-0.66784745,1.9063929,-0.37216702
-2.0044127,-0.2958902,0.39108792,-0.07792308,0.33685306
-0.31717354,1.1648483,-0.712164,-0.6035194,-0.77740896
-0.26680776,0.8589583,-0.6071671,0.90261126,0.89439166
1.3612002,2.4378386,-0.24664505,1.2753876,0.015844675
-2.7750704,-0.8912098,-1.0758439,-2.3643277,-0.24162489
-0.58176756,1.1286311,1.3168837,0.028741203,1.4301775
1.0859251,1.5874112,-1.2593054,0.52368253,-1.3064548
0.2716295,1.7338792,0.13286301,0.13079673,-1.4724562
0.14561844,0.79646695,-0.8007527,0.5971725,0.93120384
-1.0034021,0.8030387,0.83118397,0.2937813,0.25143352
-0.6059877,0.3747757,-2.0191798,-0.385821,-0.6458622
-0.8507069,0.55154204,1.3085755,0.36477718,0.27076516
0.56322503,1.0977521,-0.9888438,-0.17592075,1.2099429
0.8452042,1.3184063,-1.1240622,0.36485475,-1.3590896
0.5448508,1.124848,-1.4887869,0.7353591,-0.9568918
-1.496736,2.5532258,-0.7393655,1.3376749,0.20698507
-0.6164178,0.78476995,-0.6478643,0.6933354,-0.6113357
-0.80254096,0.07658866,-0.45049864,0.032872412,-1.7230539
-0.26619428,0.8706201,1.2854639,-0.301065,-1.3823472
1.687635,1.2042847,-0.8460736,1.6741225,0.3376803
-0.8102878,0.6045745,1.7547898,-1.5196781,0.05185646
-0.2583675,1.0079371,-0.105311185,0.5165812,-0.8602786
-0.43497348,1.6707658,-1.0814846,-0.8122063,-1.7293038
-0.38218576,0.59544986,0.57155734,0.4981367,-0.8844351
-0.82625556,0.49530485,-0.092569284,0.36618963,-1.5479784
-1.2893175,-0.007819582,0.3213739,-0.40136665,-0.14755635
-1.3248428,0.7262923,0.74898857,0.4608419,0.45094094
-0.84524804,0.85206586,0.14065275,1.0489854,-1.1323512
-1.2415953,1.0254427,0.6592121,0.7252548,0.7526049
-0.54158676,0.6935483,0.21549797,-0.4753334,3.1678536
0.3682225,1.151451,-2.1019971,0.6052677,-0.06609217
-1.2992227,0.2520785,0.86627936,-2.1587062,-0.5759763
-0.9238821,0.30827358,1.0559509,-1.7184334,0.9048094
-1.139646,0.36177498,-1.3048866,0.5180654,-0.11035949
-1.0459474,0.6768053,-1.1715184,-1.8905746,0.34565616
-0.88772815,0.684395,0.27117464,-0.35872945,-0.16406128
-1.0296977,0.9622331,-0.5940391,0.04730822,-0.9863912
1.0470579,1.3746549,0.17748313,1.5889952,-0.10022619
0.07649257,1.0400015,-0.2393407,-0.4184505,-0.414297
-0.51282316,0.83955216,-0.45177296,1.6267821,-0.74183583
-1.0219064,0.29123247,-0.5387454,1.2499547,-0.35802314
-0.32545733,1.0475903,1.6382284,0.06259722,0.6348056
-1.4203073,-0.34619114,-0.19006714,0.27107844,0.11496303
-0.8494603,-0.024667112,1.051893,0.2568119,0.121832944
-2.2818522,0.61025846,1.77239,-1.4586587,-2.5384958
-1.175193,0.9604931,-0.5536222,-1.3078296,-0.59571
-1.1957518,0.18347922,-1.3103762,1.3831309,0.24817686
-1.3816563,0.14647645,0.06553693,0.84477234,0.09360343
-1.259345,0.471066,-0.69288945,1.3620312,-1.7800473
-0.41741708,0.5046147,0.8285154,-0.8287811,-0.2900171
-0.85927176,0.33569664,-1.1173962,0.85189027,0.23309617
-0.8310141,0.85593,0.43324447,-0.7493306,-0.050552826
-0.9159904,1.0982003,-1.7691982,0.30551025,1.0462817
-0.917418,0.9359328,-0.5381003,-0.39650485,-0.009289605
1.6996881,1.2986485,0.6582892,-2.0521054,-0.09181777
0.88402337,1.4043021,-0.17493132,0.9354597,0.052435506
-0.4295787,-0.92570513,-1.682896,-1.5435257,-1.2246692
-0.48710898,-1.1399964,-2.3223155,0.4952458,0.5167786
-1.0046834,0.093062535,-0.5527448,0.15727119,0.08414644
-1.0464115,-0.41089693,1.5454537,0.73981297,-0.32483736
-1.8148288,-0.43133584,0.7337921,-1.6164429,-0.4475354
-0.20297316,2.1377614,0.23656838,1.3476669,0.6140314
-1.2634426,1.1679373,-0.96384263,0.7705334,-0.73637766
0.3955074,1.9661149,-0.14743339,-1.1140132,-0.24412568
-0.57922596,0.15359497,0.19018534,-0.6640576,0.45318002
-0.4487559,0.44704473,1.458031,0.3015399,0.13773648
0.32789716,1.0673728,0.8976681,-0.842323,-0.40553468
-0.16541117,1.0352691,-0.7326956,0.24862519,1.1184256
0.5979485,1.598985,0.3659848,-0.24644597,-0.95334756
-2.5045636,1.1289624,-1.4981372,-0.86395514,-0.3131255
-0.24067414,1.3313926,0.051907014,0.39505714,1.5748593
-0.5967776,1.7028997,0.056796778,-0.27868995,0.54233354
-0.32848534,0.04290735,0.77039635,-0.47165614,-0.14570841
-0.680321,0.74880534,0.5514752,-0.75506574,0.14086045
0.5481984,1.0201179,-0.6910894,0.6314167,-1.7222899
-1.0718348,1.002981,-1.311418,0.06276235,-1.6407291
0.22370201,1.4207672,1.4279002,-1.912373,0.15095787
-0.09159618,1.9936328,1.0239589,-0.5443992,0.0713953
-0.28146487,1.0803665,-0.6944466,-1.3581967,-0.15024416
-1.2798663,0.13746606,-2.4169161,-0.08482488,0.9915877
-0.5457599,0.7392541,0.029161757,-0.7811816,-0.47125655
-0.67513627,-1.3981198,0.49117947,0.20957784,-1.5329446
-0.78037596,0.6884662,0.29245773,0.32194483,-0.7074638
0.033234227,1.0937142,0.12070272,0.8853644,0.042159453
0.5475584,1.8137903,-0.8160761,-1.0689564,-0.2820418
0.081942365,1.7240379,-0.85689455,-0.007668722,1.4736677
0.769107,1.377501,1.2660347,1.2504715,0.16252989
-0.35803252,1.143282,0.6069099,-1.6801056,0.6830649
0.0814868,1.2745516,-0.27542037,-0.04803178,0.40893763
0.37817928,0.6996685,0.47990787,-1.3117493,-1.2794634
-0.7616552,0.9817841,0.26401278,-0.96733296,-0.27283394
-0.47405016,1.3574438,1.1466272,-0.42887726,-1.1751678
-0.0011451963,1.4535007,-1.5097387,0.68917674,1.27068
-1.07725,-1.4975755,0.60762197,-0.45362538,-0.8735365
-2.0249045,1.3482059,-2.01606,-0.4781647,-0.9597021
0.46584293,2.4005342,0.14731443,-1.7884645,1.1776654
1.6106912,1.5167825,0.9943746,-0.5031055,0.47968507
-0.58424354,0.64782387,0.60652214,1.569376,-0.9842346
-0.62126714,1.1182929,1.9041668,-0.3281991,0.8888317
-1.0500598,0.1768147,0.52227724,0.71444464,-0.39713427
0.65317714,0.6934004,0.1309123,0.9226012,-0.86686003
0.73006797,-1.5026885,-0.09100173,1.6441174,-0.9598075
-0.063866176,1.0080439,-0.48342308,-0.037189323,-0.61077034
-0.5121342,0.81573737,-0.594067,-0.45549121,0.7096075
0.5966899,1.5730453,-0.14881535,-0.9765215,1.6798738
0.54219854,0.7495501,-1.2555455,-0.21309535,-0.30773598
-0.60872024,1.6351658,0.069341175,-0.7951066,1.4522755
0.41592002,1.3731004,0.13381545,-0.5043528,0.27870536
-0.025715092,1.0065538,1.5169178,-0.24702361,0.9351558
-1.0687288,-0.3595962,-0.22692332,-0.2232153,-1.0876143
0.33357048,1.1449783,0.052024156,-1.3076997,0.79098195
0.046567243,0.75682676,1.2441468,0.06668027,1.0326058
0.1742712,1.4499015,-0.3376777,-0.2497513,0.69757265
-0.8209794,0.9633632,0.76044667,-0.66194254,-0.007261425
0.26137057,1.3491343,2.1064928,1.119042,2.507841
-0.99028665,-0.6950639,0.11890823,-1.2531003,0.7248382
-0.8053029,-0.8819045,-0.21222048,0.76261806,0.046443027
-0.80665493,-1.5051149,-1.5886493,1.2172333,-1.1112002
-0.6213263,0.5994491,-0.19811799,0.26049167,-1.449047
-1.5712279,-0.44425654,1.2056404,0.43452895,0.15491642
