0,1,2,3
2.0173295,-0.1809303,0.6680724,-1.4522314
-0.7625999,0.8164665,0.539545,0.49132732
-1.2854447,0.8205696,0.47493038,-2.772998
0.89711946,0.3183134,0.31992915,-0.94609517
-1.7635664,0.6127895,-1.2169241,-0.7295162
0.7550116,-1.8477958,-0.4041121,-0.14121646
2.2139587,1.0096524,1.0537205,-0.77809805
-0.78070456,-1.4953866,-0.6109393,-0.9894979
-1.1168128,0.041279666,-1.1101345,0.40569606
0.34015185,-0.17877448,-0.74146295,0.051981278
-1.1296769,-2.003528,2.2754896,1.2722992
0.6179193,-0.29157078,-0.77688193,-0.96959335
-0.5060929,1.385962,0.6312804,0.23880789
0.95618623,0.865907,-1.1956023,0.8934084
1.2211442,1.4834388,-1.1635157,1.6504422
-0.11683476,1.133252,-1.4787458,-1.05973
1.1928895,0.46883124,2.1626968,-1.2557677
-1.673226,-1.0330535,0.50262487,-0.35005236
-0.3116833,0.39772132,-1.1400491,0.5010297
-0.17079736,-1.0370768,0.7110157,0.9910655
0.5370534,2.064352,-0.53826237,1.4577245
-1.2919858,1.3490758,-0.29208535,-0.8807768
0.24189985,-1.354385,0.082926616,-0.111801505
0.28214377,1.4428581,-0.45368266,1.0512203
1.0619198,1.3909341,-0.2959521,-0.14619146
0.8005374,0.63229424,-0.23696528,-0.05517947
1.117847,0.93783146,-0.6808543,-1.0543456
-1.1982317,-1.3311911,-0.023453353,0.065225504
1.2682528,-0.16042781,-1.5743059,0.8985366
0.95507205,-1.1893573,-1.4030436,1.1790596
-1.1359087,-0.9894265,-0.8226315,-0.64215255
0.15373728,-0.4627358,0.4534182,-1.1252755
-1.0255897,-0.68747973,0.8358479,-2.591161
0.04029248,1.2340137,1.5471985,-0.32205963
0.48018587,0.9391258,-0.32999694,2.5721424
-0.98042923,-1.8068596,1.349438,-0.06371113
-1.028392,-0.8917269,1.4196743,-0.62036854
-2.135033,-0.22701316,1.9108838,-0.68761253
-0.5556866,-0.59938926,-0.49655518,-1.1410304
-0.3982719,0.40836725,0.58531195,0.027459556
0.37909147,1.5123246,-1.1569643,-0.2531957
0.5993333,0.4004753,-1.7807935,1.1743623
0.23021723,2.6930747,0.007463228,-1.5891975
1.7431002,-0.6297824,-0.15264133,-0.61876106
0.49843675,-0.060548626,-1.2450141,-1.2670406
-0.78718865,1.2474583,0.39203814,-2.1967149
0.06158359,1.3068159,2.1177824,1.3133236
0.123341754,-2.2530513,0.61844057,0.4966853
1.0685056,0.93853897,1.9781438,0.68241507
1.1738758,-1.5924586,1.8798591,0.84646344
-1.4745028,2.407229,0.8509421,0.055550724
2.0692978,-1.1503454,-0.029353047,-0.056124803
-1.6407926,0.10843122,-1.4865302,-0.28881013
0.92371076,-2.2912989,-0.485719,0.9637785
-0.9146482,-1.2561121,0.8065126,-0.14941144
-0.3773562,1.7761359,0.6250114,-1.8459103
-0.68053883,-0.3279981,1.4058254,-0.053549387
-1.3171878,-2.929489,1.7788296,0.54840255
0.24496384,1.2342231,0.72482556,-0.39788574
-2.49198,1.0203898,2.389559,-0.38745123
2.4233334,0.38234413,-0.67841935,-0.91293436
-0.4075709,1.6450555,0.6798386,0.2843918
0.015537755,-0.8998576,1.3560667,-0.69759214
0.79797846,1.2929701,-0.6230862,0.27834392
-0.53286165,-0.41505235,-1.0166185,-0.535896
-1.1067303,1.0906289,1.1794543,1.5956031
-0.71965647,-1.5961475,0.3100082,-1.414278
0.70102197,0.05814869,0.43428,-1.096674
1.1924645,-0.09069669,-0.07096103,-0.67760825
0.07036044,0.31111872,-0.5612719,-0.49855796
0.33975863,-1.2623247,-1.1441901,1.2911575
-1.4031899,1.2270064,1.6079489,0.8377004
-0.70212877,0.18050401,0.32041246,0.8032827
0.16676156,0.40087,-1.0241619,1.1295671
-1.450646,-0.21280709,0.461096,1.7911121
-1.4541584,0.24303791,-0.49061516,0.96180934
-0.2141237,-1.3916321,-0.44645092,-1.0697899
0.6433928,-1.0504427,-1.1218345,0.7666191
0.5375375,1.117949,-1.202715,2.1712434
-0.5288893,-1.5969529,-0.62818193,0.09564576
-0.7117518,0.7905232,0.80432504,-1.2972863
0.7565701,0.7740753,1.1123087,0.43390885
0.75181764,0.224095,1.3667789,-0.5024221
-1.8390111,0.33316657,0.12643985,-0.7461152
-1.2440716,-2.679231,-1.6908747,-0.49332836
0.72089833,-0.8454408,1.4659868,-0.19754718
-2.1635156,-0.5469628,-0.29611543,0.48601738
0.9858041,1.47394,-1.1394714,0.090935536
1.6669301,0.19034916,0.028351635,0.25067037
-0.7683671,0.02040118,2.0768218,-0.1718872
0.17763118,1.1176095,-1.204551,1.0437905
0.6440556,-0.024242189,-0.569635,-0.27041835
1.0614008,-0.14989224,0.90013146,-1.0919876
-1.3815233,-0.029228011,-1.0323607,-1.3861839
0.42730138,-0.14217742,1.0949064,-0.91990453
0.033203587,0.90944296,-0.048269875,1.4338423
-0.5206551,-0.115298666,-0.87652874,-1.6762007
-2.1415133,-1.1395893,-0.06759283,0.4170516
2.4751983,0.19885683,-0.8340523,-0.41465542
-0.3957809,-0.8085519,-1.1868522,0.27984956
-0.29204142,-0.74360716,-1.3429167,0.079057336
-0.2916646,0.1278491,0.4855823,-0.7869103
-0.14439927,-0.79818696,-1.9982349,-0.7881802
0.062717415,-0.9344456,0.8718699,0.04630928
1.419087,-1.6932158,0.44161165,0.5207941
0.9597261,1.8259994,1.8753284,-0.34722295
-0.3079297,-0.4895917,1.5315009,-0.9621757
-0.55540663,-0.71139574,0.1342141,-0.9063332
0.3600537,1.3964616,1.0940328,1.1667895
-1.9683619,0.03918745,-1.0990981,0.84580404
-1.8362631,-0.25289226,-1.4830912,-1.5262294
1.6073095,-0.18367824,1.6371017,0.3080758
0.91868144,0.46499583,-0.29569173,0.017684652
0.9787612,-0.90954083,-1.6488336,1.3615549
1.9127657,0.62793154,-1.3691738,-0.62111616
-0.3250741,0.31131694,-1.4734235,-1.6231232
0.52028036,-0.0060015423,-0.6263569,1.9880477
-0.09872864,1.4013819,1.655996,-0.77743816
0.25385752,-1.3955088,0.9572588,-0.46153292
0.29498658,1.295284,0.775161,0.20793316
-2.214763,1.8766433,0.3125429,-1.4623554
-0.3048515,0.6597046,0.68273205,-0.12416926
1.1060891,-0.75181276,-0.64723843,0.7067455
1.5510968,-0.084095664,0.3408175,-0.79298615
-1.1493801,-0.07267605,-0.30004004,-0.30285797
1.6231058,0.22996643,-1.6542076,0.81370443
0.77966666,-0.04215151,1.2076198,-1.910374
0.86209637,-0.45276374,-0.99610007,-1.8838294
-1.1541373,1.7172555,1.2949411,1.7241101
-1.4470783,0.123863235,1.8437006,1.9264603
1.9475212,-0.2990618,0.15224743,1.3818744
0.22962858,-0.6888663,1.2285265,0.39572567
1.7366047,-0.7143082,-0.46996874,0.38916913
-0.7282911,-0.8616675,-1.7766773,-1.5964262
0.46291047,0.88189,-0.505176,0.77711725
1.7199634,-0.8204823,-1.9492141,1.3187418
1.841801,-1.5249985,-0.3114595,1.4152504
0.70002586,0.12648244,-1.5159384,-1.0040685
-0.8306929,-0.43945104,0.76135737,-0.5537606
0.85869163,1.5777346,0.8120368,0.7515398
-0.5612467,-2.1321433,1.7232469,0.40690094
1.5146542,-0.21594994,1.2929617,0.1600298
1.9591633,-1.5050822,-0.78321576,1.7522547
-0.47008398,0.44520497,-0.95649683,0.50185996
1.1159904,0.3918148,1.8948159,1.3454367
-1.4413729,0.965948,0.59390265,-0.42718852
-1.0117303,-0.33739978,-0.004503994,0.57762474
0.019779898,0.6293827,0.6055741,-1.691696
-0.5233655,-1.4304236,-0.48538414,0.6322121
-2.5101857,-0.12988964,1.7475576,1.9319805
2.0685258,0.96656865,-0.963418,-1.098175
-0.15982923,1.6248661,-0.94376343,-0.84449756
-0.677653,-1.1794975,0.8619916,-1.1742933
-0.8098699,0.5457468,-0.76291364,0.07231633
1.1542932,0.7438246,-1.3241343,-1.5360096
-0.1418516,-1.2763993,0.03409478,-1.638324
0.3672111,0.70111305,-0.06542101,-1.0725678
0.3900287,-0.4123925,-1.4159352,-0.050070632
-0.94828475,-0.23855795,1.6799793,0.03868541
-0.17625596,1.3785348,-0.3760192,-0.7913302
-0.15244748,-0.60628796,-1.1145146,0.60932237
-1.317035,1.9680526,0.35683513,1.932156
-0.63601875,-0.23515391,0.78035116,0.6707579
-0.9183669,0.57014287,2.8062155,0.3113727
-0.8360538,1.5298197,0.45063242,0.3913531
-1.5544405,-1.1233068,-0.5236389,-1.4089297
-1.6983607,0.3950847,0.073121734,0.12644206
0.86891764,-0.19510287,0.8703682,-0.5853788
1.311847,-0.49281174,1.798997,0.23862326
1.0168146,-0.78268504,-0.77649325,1.7714328
0.9421635,0.97381556,1.3550295,1.0712626
1.3876709,0.76646554,-0.37482077,-0.386181
-0.22466893,0.037700433,-0.48008588,-0.8459435
1.164764,0.3210816,0.8652447,0.37331906
1.2153027,0.9090847,-0.8136051,0.44757223
2.2940753,-1.3787401,1.4927865,1.0508891
0.022091448,-0.26300183,-0.0917649,-0.9329114
0.18192385,-0.2305097,-0.55135316,-0.44078776
-0.12648077,-0.9179929,-0.117564246,2.2826893
0.65594167,1.1333861,-0.055842083,1.0151536
0.6372822,1.8474052,-1.335685,-0.58570015
0.5977399,-2.2970173,0.90636367,-0.8833202
-0.6542365,-0.9268872,-1.961756,0.6773629
-1.3049715,0.16254805,0.6849934,-0.5105627
-1.1585771,0.7659544,-0.10965779,0.8047692
1.4558537,-1.4502813,-1.502695,-1.804962
-1.0982678,-0.6320449,0.49220136,-0.10780019
-0.8706488,1.5673531,0.7086537,-1.5042974
2.6502147,0.78572744,0.3607861,0.71753204
1.3752308,-0.33117574,2.3779793,-1.3440794
-0.9077859,1.2340416,-1.5036359,-2.211943
0.9445939,-0.50354373,0.14287934,-0.35641405
1.4673257,-0.21489698,0.124394245,-0.062825926
-1.1899753,-0.5869772,-0.12965767,-0.7420637
-1.0101649,-1.670737,-1.2837933,-0.0990216
-0.7080514,1.3394792,1.4316698,0.76533806
-0.8982872,0.46934232,-1.3728654,0.26222813
1.9988368,1.4807252,1.3727987,-1.5950747
0.33739832,0.32614115,-0.037786596,0.18174495
0.37434968,1.4955622,-0.9280794,-2.0888457
1.1140021,-1.6915734,0.0825623,0.55438745
-0.34710068,0.42286727,0.7589031,-1.1850736
0.1774804,1.1964539,0.26162317,-0.7836237
0.40635398,-0.81294435,-0.26887915,2.0211878
-1.2646472,-1.1302979,0.5646352,0.4655491
-0.21696645,-1.8318092,0.45658413,1.5901124
-1.1595956,-1.4411237,-0.18571329,-0.866904
-0.48786858,-0.76422393,-0.21909745,-0.2448302
0.36494553,-1.3838376,0.08481659,0.6265264
0.8172547,0.79408705,2.6107373,-0.05474331
0.8942586,-1.5606141,-0.5836676,-0.28253147
0.7723416,1.7577938,-0.9302676,-1.0809898
0.4524139,0.22494337,1.2702003,1.0973145
-0.5377666,-0.2966886,0.04852103,0.64374214
-1.4185787,0.3519411,0.4364917,-0.11130315
0.8597474,-1.6143589,-0.00026381944,-1.5304763
0.06940924,-0.42176342,1.3434031,-0.23112361
0.9489423,1.0677704,-1.9038972,-0.11082113
0.7716444,0.2645814,-1.3267654,0.5501507
0.8218796,-0.48583192,-0.36313084,-0.5380137
-1.4846247,0.45316347,-1.7132406,-1.2361398
2.1573691,1.8697057,0.7194275,0.93184346
0.721611,-1.3438083,-2.3229554,-3.204735
0.67046183,-0.592228,1.51405,0.31004384
-1.4083683,0.12808564,-1.0027205,2.1402483
1.566805,-0.009498481,0.69846916,1.7079778
-0.94092226,0.6058988,1.2005758,0.854716
-2.0176682,0.3935522,0.757397,-1.4362053
0.7088067,1.6934035,-1.1777414,-0.051172838
0.9333893,-1.1798831,1.9188315,1.2936519
1.4485097,1.6506939,1.9710999,1.6314049
0.9214346,0.83780843,-2.8201666,0.65366876
-1.6746023,0.051518314,-0.14292778,-1.8150908
-0.15814975,-0.68741184,0.3812735,1.1001695
-0.6559556,0.71994996,-0.30235356,-1.1291194
1.3470899,-1.0817249,-1.0397327,-1.5831859
-1.7831674,-1.0046751,-0.6871625,-0.3980813
-1.1329871,0.93574566,-0.641307,-0.9174453
-1.9927555,-1.2735034,-0.14793308,0.8020328
-1.6265116,-0.8160493,0.49685374,-0.08727763
2.0392327,0.057912294,1.1134908,1.2674689
-0.61711866,1.0625895,-0.08929198,-1.5206594
1.7481841,-2.0312073,0.56804395,-0.19965783
0.4106685,-1.1339132,-0.60490936,-1.8336929
1.492971,0.5477457,-0.44910625,1.1405982
-0.75454694,-1.7086751,-1.0670888,-0.557546
-0.10677301,0.70938826,1.3733462,0.0041672396
1.5218333,-2.697342,0.917534,1.4709076
1.3769528,-0.11699781,-1.9544369,0.22542484
-1.8686906,0.8359434,0.98783123,0.5247703
1.7068498,-1.4318153,-0.118182875,-1.5599954
-0.3667741,0.64131296,0.640796,-1.1810083
-1.4166403,-1.4322236,1.0686573,-1.5676082
-0.9599091,-0.38611442,-1.8094364,-0.18261
-1.1463288,-1.1080046,-0.71840304,0.06382528
0.098386236,-1.4041281,1.4610281,-1.0248692
1.4615135,-2.3799834,0.986366,1.028241
-0.6962316,-0.86042017,-2.166222,1.7771398
0.17663246,-0.97798645,-1.5682038,-0.618788
-1.717588,0.025534216,1.6760533,-0.66470546
0.90089846,1.4196695,-0.6213502,-0.46585837
0.87654513,1.019269,1.1106175,1.1801212
-0.2756776,-0.5134256,0.11628684,-1.3948729
0.6279936,1.4684318,1.2654804,-0.7432244
1.2332426,1.1134274,0.9705242,-0.047994837
-0.62689054,0.5293144,0.337493,-1.6105636
-0.9757408,-0.75032413,1.2891655,-0.57284975
-1.2910419,0.63069004,-0.3221904,0.6210102
0.89095336,0.29088446,0.45806307,-1.2810038
-1.6029893,0.57664025,0.94604045,0.08747516
0.5168498,0.45994782,-1.5514193,-0.8522527
-0.9131177,0.62705606,-0.6762853,-0.7420278
1.025629,-1.1673591,-0.45615196,-1.4351248
-1.1030445,-0.38823697,-0.74985,1.8397199
-0.42372268,1.8624793,-1.7556999,1.3183094
0.76149,1.9675453,0.63790554,0.48306602
0.0044423956,-0.25617376,-1.3290678,-1.404952
0.9858431,-2.0224307,-0.73094726,0.3864633
-2.299146,0.8951001,-1.9058359,2.6721928
1.3957613,1.8262516,2.004603,-0.8440597
1.0200822,1.9382398,1.3313084,0.73133767
2.0705965,-0.17933287,1.6808244,-0.581477
0.58805513,2.1217852,-0.6185984,2.1483538
0.9626283,1.0086129,-1.6318021,-0.9796802
-0.72372335,2.427846,-0.5620912,0.56077635
-1.3216443,0.32781902,0.17762184,0.29955485
1.3610595,0.9503166,0.9107941,0.86939883
-1.476369,-0.16947976,1.7317806,-1.2908881
-0.18609643,0.51801634,0.20608927,-0.6472251
-1.1864512,-0.56477773,0.07977153,-0.18558322
-0.63652754,0.88283074,0.6533069,-0.1868224
0.56561726,-1.425672,0.7333463,-1.0813793
-2.7311468,-0.9493165,0.025656654,1.0389743
0.76263857,0.18733689,-0.44707006,1.0328631
0.15745044,1.8923808,-0.49838197,1.1486099
-0.015428763,-0.3898493,-0.1768958,1.7918519
-1.1179128,1.3647245,0.21358368,-0.066595614
0.5185014,-1.1793072,0.69736636,0.26964152
1.35597,1.0638877,1.4571201,-0.8782862
0.7367172,-0.8301553,2.0742276,0.16454537
-1.1039575,-1.7013197,2.037329,-1.2947407
-0.49813315,0.6411038,1.0483152,0.18816848
0.70062643,0.38576287,0.77943474,-1.1106755
-1.1240786,0.8104411,0.073495016,-1.3750491
-2.5137255,0.27871892,2.0396948,-0.1358736
-0.6672023,-0.9221441,0.9351459,0.0061963787
0.21813233,-0.705389,0.35743678,1.0535475
-0.61975473,-0.2769409,0.6761419,0.09454377
0.07571189,-0.6844385,-0.5648903,1.0996531
2.1488433,0.7884313,1.2866827,0.84976816
-0.36214682,-0.20379181,0.20261075,0.5643633
-0.5603651,0.4284477,0.14990906,-0.025157282
0.045719795,-1.516072,0.5307836,-1.5262356
-0.26162785,2.062523,1.1614293,0.64287
1.6443362,0.9797042,0.3396044,1.0144645
1.0855469,1.061982,-0.20689312,-1.0233995
-1.3563493,-0.15406792,-0.20663773,0.54340607
-0.84351045,0.75173503,-0.024752237,-0.8628479
1.9180095,0.96963984,-0.58976156,1.4341474
1.4251624,-0.0932954,0.8508135,-0.99569714
-1.2401004,0.5366074,-0.6740497,1.4665005
-0.39092413,1.2137378,-0.3269174,1.3197132
-0.98408717,0.24643663,0.10780879,0.18491793
0.27196735,-2.6074188,-1.0714571,1.3174561
0.5308324,-0.9348124,-0.29399207,0.88694584
-1.7175971,2.240975,-2.3503044,-1.0965893
-0.15673202,1.0048077,-0.74090254,-0.11346912
0.84908456,0.12956165,0.08722218,0.27647066
-1.2438424,-0.7327177,-1.720401,0.68086684
-1.2466184,-0.6115737,1.5775238,-0.048470296
1.0952196,2.1675205,-0.582361,0.016580332
-1.6306187,-0.19015962,-2.234361,-0.43880495
1.4313971,-1.8687105,0.9327421,0.6793449
-2.612568,0.90527344,-0.7990393,0.6681604
-0.52002966,0.848048,-0.53454864,-0.42979342
0.31924042,-0.868662,-1.1096692,0.34797776
-0.37762666,-1.2042046,-0.0103761135,-0.11554813
0.45353222,0.016206792,-0.042088397,1.6019735
1.0625836,0.6443429,-0.2913036,-0.6662649
0.99658865,-0.92796695,1.320954,1.392557
-0.3022538,-1.6841613,0.7571031,1.1009991
1.7745721,0.66908467,0.787856,0.7552554
-1.4374827,0.75536937,-0.26744366,-3.101023
-1.883324,-1.4490862,0.27906254,-1.4436935
0.4327271,1.5400189,1.5929936,1.7959697
-0.63607585,-1.3542885,-0.4602704,-0.8550416
0.85352814,0.5613205,-0.6566864,-0.34410942
-0.6633054,-0.0038085338,-1.1362857,-0.68934524
0.5939679,-1.8161833,0.93147486,0.97032076
0.66060966,0.15687175,-0.58220977,1.6292974
1.0708297,-0.23187324,-0.5940068,0.16750014
-2.0469108,-0.09565089,1.1705512,-0.14392519
1.3939838,-0.3445937,-0.6126228,-0.67044616
-0.8656822,-0.030766584,1.0006837,2.3071828
-0.07509494,0.414101,1.5334913,-1.8044965
0.27086183,0.29291943,-0.6604237,0.31709144
-1.7863665,1.20428,0.6807244,-0.3884462
0.37111986,-1.2244272,0.8143309,0.17947967
-0.7888049,0.66123724,1.437063,-0.4562485
-0.5736059,1.782802,-1.2849774,0.30020204
-2.423281,-0.7623818,-1.0571377,-1.7550727
-2.1198437,-0.3831747,0.55540246,-0.2594625
-0.13117546,0.14885207,-1.1114838,-1.4668148
-0.56799614,1.781476,-0.0998418,0.22429535
0.8911261,-0.46847382,0.80432034,-0.7865312
-0.03707147,-1.0984446,1.1472383,0.61876184
0.5368199,-0.39729762,0.7125804,-0.15852441
0.6392669,-2.0385585,-1.6050158,-0.3992346
1.4102567,-1.2317215,-0.50422275,-1.070881
0.10992143,1.0326363,0.45761713,0.15692541
-0.88858175,-0.5093786,0.51109785,-0.382006
-1.2096307,-0.6357567,-0.31810868,0.38145167
0.9815316,0.14818294,0.17718664,2.0938053
1.0744494,2.924681,-1.2080988,-1.4412942
-3.0247612,0.28684732,-0.1401976,1.1953743
0.0267263,0.012319473,-0.3081004,-0.8555931
1.022384,0.28442302,1.3557532,-0.45081523
1.4287026,1.551476,-1.6674371,-0.6400288
-0.14320996,-2.3804665,1.8648387,0.3133161
0.6678444,0.55933756,0.6182948,2.0153859
-0.9582894,-1.095606,0.34497428,1.282335
-0.9722329,1.0533428,1.2122059,-1.0974996
1.3720737,0.85404694,0.9612254,1.9644682
0.40587908,-0.77331513,-1.4988335,1.5663427
0.39267385,0.5085401,-0.8218038,-0.66609824
-1.8070744,-0.5836291,-0.67209435,1.4075179
0.56505096,0.023523862,-1.2824136,-0.449186
1.2271715,-1.2340165,-0.5540284,0.7114545
-0.79544437,0.27391964,-0.9298338,0.36022738
2.7070568,-0.4620338,0.69875807,1.6324009
0.26148808,-1.0992326,-0.3359444,-1.470894
1.3477641,-0.79643077,1.873903,-0.1689399
-1.0697637,1.5375296,-1.3173026,0.36319485
-0.5952703,0.40228358,0.74999785,-0.15353644
0.15373237,-0.06262853,-0.42294466,0.82772374
-0.2805036,0.59900814,2.1190307,-0.58132094
-0.19493127,0.6735671,0.04104321,-1.2475013
1.3045104,1.0797074,0.7542913,-0.22748652
0.032846402,0.22809406,0.7909492,1.4110655
1.1471573,0.14549968,2.4980445,0.79028386
-0.4172708,-0.02703919,0.42469496,-1.0512999
0.9026561,-0.1989343,0.5799646,0.7478421
0.7246471,0.24555767,0.33564812,1.6510304
0.51146007,-1.6847603,0.9272901,2.1681626
1.6818422,-1.8964417,1.8881063,1.0447206
-1.9942814,-0.9974768,0.43200287,0.4910659
0.94424295,-0.5317901,-1.6465563,-0.25199142
-0.31697473,-1.9673585,0.789091,-2.2768273
1.1025025,0.28258622,-0.4751935,-0.61405426
1.8938339,1.350793,0.04053798,0.90102315
0.7660619,0.74557424,0.0045564156,-0.90669924
-0.7083537,-0.4060069,2.5513058,-1.5124251
0.39887917,0.38348013,1.3815631,0.41357282
-0.9009465,1.2776451,0.4512319,2.0637689
-2.1358356,0.7342461,1.8630883,1.05073
0.67181724,0.27815852,1.9291602,-1.1237129
2.3438506,-2.5228393,-0.20431083,0.441138
-0.7856293,-0.5655756,-0.83189136,-0.5845446
0.3687862,0.4781235,-0.34702313,-1.7452596
-0.40194884,1.904298,0.14114217,-0.48965394
-1.2437118,1.3279716,-0.9140652,-0.54373693
0.7829676,0.56258667,-1.76752,-1.5614773
0.18896118,-0.56961274,0.076192185,1.0334958
-1.3230187,2.117081,1.1462572,-0.43104026
-0.53459585,0.26950613,-0.12851003,-0.901067
-0.6145307,1.2843328,-0.7614688,1.8292314
0.18809268,0.59514713,-2.3916242,-0.982686
1.8017774,0.98990583,-1.6599994,-0.7169216
1.436257,-1.0613712,-2.2642982,-0.1807355
0.35356516,-0.39989406,0.086135685,-0.78043723
-1.8041716,-0.042462934,0.42745408,-0.6946668
1.3951789,0.19838679,1.3661871,-1.847229
-0.33578628,-0.92918396,-1.429394,0.5283401
-0.11627656,-1.227446,1.0349126,-1.636034
-0.42959392,-0.9683165,1.4562714,2.1056716
0.8893439,2.9855413,2.0150356,0.62751263
-1.908038,-1.4099032,-1.5014607,2.1641126
-0.5301857,-0.24745922,0.08615125,-0.494492
1.0909936,-0.40122128,-0.31617853,1.8833433
1.0765821,-0.88208926,-1.9163386,1.0187334
-0.30988443,-0.08533195,0.94847906,-1.2748959
-1.0713241,-0.39543965,0.421651,-0.95309055
-0.5575035,0.563627,0.360158,-1.6837608
-0.8445885,-1.8787862,1.2720021,-1.1577375
2.1225712,1.5437493,-0.46584684,0.14924164
0.3619592,0.91836345,1.5918065,0.53289896
-1.3511215,-0.38751465,-0.7262287,-0.9911795
1.1472014,-0.017280154,-1.5153121,0.5625374
0.71010464,-1.2983079,-0.64263326,1.1304808
-0.6629343,-0.73756164,0.68621683,-0.16965355
-0.36753434,1.2952789,-1.2255447,-1.4842092
-0.9612129,-0.3234986,-0.33631974,-0.97953534
0.29945526,0.8222371,-1.8520389,-0.054951675
-2.160054,0.75194544,-0.06695187,-0.88122743
-0.342744,0.6541276,2.6386175,-1.0439447
1.3210814,1.4840468,-0.017314019,1.7102265
-1.3869594,0.94514793,0.89145416,0.9835919
-0.93416536,-0.6035958,0.54802716,0.49890545
0.2403062,-0.9932517,2.0475838,-0.47978598
-1.1020347,0.6927635,-2.209227,1.5552255
0.35208583,2.3263745,1.2710818,-0.82379097
-0.27528027,0.20640919,-0.9308353,-0.4829568
1.7580289,0.9905552,0.4695728,0.77678347
-1.0700654,1.6759444,-0.62405074,-2.2647867
-0.34007606,1.4417453,0.2760592,-0.018779226
-0.57502776,-1.7838906,2.5461297,2.354897
-0.95949554,0.40979412,0.051945567,-0.3285876
-0.43755686,0.32867628,0.9139958,-1.4199027
-0.17382185,-0.0039895154,0.107784525,0.7670714
0.077028215,0.08320136,0.7506364,-0.33922085
-1.0254301,-0.88363916,-2.5912077,0.01727374
-0.77411646,1.1324713,0.21717535,-0.27871695
-0.8905488,0.518634,0.6504978,-0.37817308
-0.29027608,0.6181912,1.7919466,-0.037530858
-1.3897882,0.87826115,0.20304981,-0.5577529
-1.533879,-1.7715935,-1.4314077,0.81353235
-1.1335671,-1.4793758,0.7408338,1.1678247
0.8172392,-0.093046054,-1.4068545,-0.085402265
-0.46557984,0.98285776,-1.9079114,-0.165803
-0.7168353,-0.045433648,0.16951999,-0.29039788
0.28253886,-1.4968748,0.5266813,1.8689657
1.1643084,-0.9378169,-0.7009264,-1.0958843
-1.5123264,-1.9284501,-1.2396191,0.13683185
-1.1673776,1.0361869,-0.911486,1.4038395
1.4751699,-2.2361164,-0.26308137,0.49900255
1.1088052,0.3340105,-0.5156654,1.0491303
1.0736185,-2.0526283,1.1541057,1.1446997
-1.1532007,-0.72140414,-0.38780087,-0.7858758
-0.5488927,-1.6624753,1.2683104,0.4574468
1.8105105,-1.5677047,-1.3378004,-1.2357848
1.178561,-0.1653313,-0.5472681,-0.12644541
0.9573069,-1.2616236,2.012524,0.32146662
-0.1215356,1.6342672,-0.67791224,2.098986
-0.9887718,-0.85962284,-1.0086949,1.1155192
-0.06192297,-0.5635644,1.5721242,-2.120662
0.42103985,-0.2633089,0.54482514,-2.268279
0.61049086,0.25996435,0.85215586,0.13037479
-1.1306192,0.5543047,0.8956714,1.0250517
0.63624686,1.5281498,0.8828954,0.28530142
-0.61741316,-1.9256804,-0.091339685,1.0299135
-0.9200698,-2.0859962,-0.3257136,-0.056760587
0.30790055,2.0094657,-1.3639385,1.8882374
0.24297664,0.82681006,-0.50401783,-0.7938929
0.84076226,-0.7079181,2.0785568,0.5141249
-0.8066133,-0.45760337,-0.9660873,0.08673307
-0.6470569,-1.0496389,0.45855474,-0.2666898
0.8888977,0.24161881,0.5152886,-1.0806875
-0.90960735,1.1522939,-0.5347839,-0.20186953
-1.2006879,1.0702498,-1.3594291,1.6563718
0.14943433,-0.41734803,-1.4254184,-0.2476192
1.2454569,-0.3213603,1.5344119,-0.6725405
0.67346627,0.20620339,-0.8181376,0.44803047
-0.60095775,-0.32849017,0.7178937,-0.21326686
0.42148784,-0.5158625,-0.64790976,-0.84359175
0.4397077,-1.0064286,-1.0730127,-0.1026157
0.19552633,-0.85657483,1.4497261,2.0546505
-1.0628415,0.22854726,0.6718675,0.09763367
-0.25807333,0.18833782,0.11241613,-0.87197167
-0.21790986,-1.8340845,0.8845284,-1.5862775
-0.75695586,0.57634217,0.46784943,0.8887419
-1.9193095,0.15832828,-0.8869269,1.396656
1.105437,0.12660475,-0.85652083,-1.6487525
1.2663988,1.5477871,2.3104575,-1.3962258
-0.4238749,-0.5826925,0.6265204,-0.52200514
-0.6396862,0.92626345,0.665821,-1.744995
0.5657422,-0.08080682,1.3901789,-0.075710244
1.2114516,-0.2418722,1.7535561,1.0271442
0.015130711,-1.4246353,-0.15163143,0.2236496
0.44053632,1.4080557,0.4586847,-1.3763278
-1.7288337,0.39529493,-0.56482995,0.34104776
2.289488,1.6310432,-0.022399615,2.5183256
0.6484055,-1.6042787,0.8529653,0.59676
-1.5103382,2.0384295,0.99941796,1.80879
-0.9841926,0.32945183,0.4936314,-0.7313655
0.6547572,-1.1124763,-0.43549418,-0.39151323
-2.3878198,1.6719723,-0.37918642,0.9819023
0.54430765,1.0821296,0.29249606,0.31389752
-1.0922073,1.512427,-0.62743896,0.13124245
0.49252576,0.56843805,-1.2064031,0.97018945
-1.9328071,-0.41927472,0.8667984,0.11155362
1.3605533,-1.7965393,-0.7774498,-1.5628748
0.116000295,-0.8559184,-0.005260156,-1.4496129
0.85303664,1.5184094,0.42245972,1.6191993
-1.226816,0.2620851,-0.13119006,0.7565774
0.2521508,1.3841454,0.3096383,0.21397828
-0.7912648,-1.5271169,-0.9586056,1.4417211
-0.09930908,1.0631398,-1.6208513,0.15693876
0.10048567,-0.07228477,-0.1615734,-1.0411541
1.9749919,-3.4862683,-1.2830398,0.4041211
1.4614949,0.017206587,1.021154,-1.4193789
0.46919873,-1.1533936,1.2076178,1.8872573
1.6611221,0.8742906,0.9454481,-0.17484853
0.2323786,-1.4950775,2.1252716,0.10231585
1.1476219,-0.7401601,-1.023005,1.4281414
-1.2238406,0.8632896,0.76235986,-1.3685232
0.36981288,-0.8690904,0.2944158,1.4082711
-0.3933308,-0.5516644,0.4827595,-1.0532558
0.8058659,1.1675677,-1.2896576,-0.11573154
0.5832118,-0.40266496,0.58329314,-1.7116948
-1.4685775,-0.48040876,1.6743108,1.1420721
1.4983339,1.0347035,0.013553945,-1.3039513
1.2085453,0.12944606,0.4568302,-0.3046245
2.5452707,-0.5791076,0.8115436,0.015135613
1.3788555,-0.9357419,0.9172661,-0.39177033
-1.3721094,0.38075942,0.32290253,-0.86994976
-1.5861796,-1.6923969,0.63744384,1.3631151
-0.96369874,2.0549612,1.1145233,1.3037697
0.08952952,0.5678233,-0.86139894,1.8070986
-0.046475302,-0.86442405,-1.2501885,-0.45828664
0.660349,-0.055014554,0.6951247,-0.41718808
-1.2668331,0.035048667,-0.19559169,0.33179784
1.398402,1.0664746,0.18596241,-0.9838517
2.5416644,-1.2653495,-1.8600253,-0.16356607
1.1501734,0.07925346,2.3362257,-0.44997457
1.1886803,0.6612489,0.31979135,0.19789742
-1.5705373,0.9372325,1.3758507,-2.4715333
-0.068666615,1.1930251,-0.24565077,-1.5251093
0.8549725,1.8449811,-0.535199,-1.519314
-1.4968743,0.4372158,-0.9796829,-1.6047294
0.34175262,1.258734,-0.92183495,-0.5633287
-0.26535854,1.5681454,-0.39410067,1.3607247
1.7949402,-2.3254633,-2.041211,0.22039266
-0.22583511,-0.6837735,0.6188118,-0.8165439
-0.54883826,-0.58629394,1.0361123,-0.31692278
-0.05120406,1.5644454,0.20744912,0.8228299
-2.353208,1.4450716,-0.47854504,-0.04465202
0.7519941,-2.1597586,-1.7833277,0.8488625
-1.8152739,0.0728794,-0.08296396,0.91134745
-1.9137843,-0.79318666,1.7749728,1.282923
0.40972897,0.46207866,0.9983181,0.042224314
0.8587934,-0.6977115,-0.9808952,-0.09421463
1.5103782,2.042146,0.00544822,-1.3990079
-0.92362005,-1.8570606,-0.8534825,-0.5875765
-1.393122,0.47865963,0.6514254,1.0477513
-0.88857687,-0.82653224,1.1852319,0.14936133
1.3461283,0.078971304,0.70952547,-0.5764808
-1.3568505,0.9647176,0.8823023,1.0555414
2.1586714,-1.669538,0.95719576,-0.36077482
0.78641987,0.52888125,1.1108701,0.0012649801
0.08089877,1.0289761,-0.026488151,0.23499283
-0.6986251,-2.3384848,0.85090595,-1.2649692
-0.32684982,0.9838557,-0.14153202,0.54911083
1.2186289,-0.40497077,0.96533,0.65687144
1.275968,-0.38475713,-1.5763658,0.034407586
0.1533365,-0.9053847,-1.8827554,1.1463255
-1.9055328,1.0001295,0.087102056,-1.3386996
-0.38738337,-0.5358996,-0.9973217,-1.2799895
0.46850476,-0.7183474,-0.0144157065,-0.6721931
0.037868254,0.3454842,-0.0021657841,-0.12865286
0.075497776,-0.16386887,-0.74299866,-0.9881401
-1.0926464,-0.66569763,-0.5655366,0.65016884
1.9037254,0.84178746,1.3541585,1.052324
-2.104635,-1.178871,-1.0395821,-0.387424
1.2004137,-0.013540961,-1.5816795,-0.18711773
-0.27902445,0.058315687,-0.34845158,-1.2610143
-1.2254391,-0.7867594,-0.6096278,-0.00245851
-0.007508922,0.51826376,-1.5352076,1.3870595
0.32688868,0.6163681,-0.27741635,-1.3369201
1.88862,-1.6294345,0.6770113,1.1337917
-0.353009,-1.0472318,0.7276687,-1.3607111
-2.0973816,2.7377276,-0.9880823,-1.7263762
2.1684139,-0.04411422,2.3675659,-0.18790533
-0.9575692,-0.9278888,0.44855255,-0.23635107
1.6932461,-1.450467,-0.7199213,-0.73771274
0.056499325,-0.56010216,-0.9184268,-0.4979196
1.5773917,1.356047,0.0812794,0.03151093
0.64475423,-1.2970734,-0.28660128,0.35137448
-0.65909016,-0.50277025,-0.58502185,1.2609944
0.4831362,-1.7461133,-0.050541855,-1.0056033
-0.5526197,-0.4890107,1.5891528,0.87116385
1.6520278,0.923059,1.3184636,-1.4725659
1.1382798,1.0961839,1.5310515,-1.6752915
-0.48948848,0.44736838,0.16834328,-0.8944613
-1.985253,0.57340294,-1.6090962,-1.6620636
1.7077547,-1.2941227,0.68470603,0.41828328
-0.48631114,0.70722324,-0.32690507,-1.0527511
0.06968931,-2.509854,-1.140638,-0.17843466
-1.2920108,0.07787549,1.3911299,1.2285767
0.6217692,-0.048998233,-0.548565,1.8831495
-1.5037171,-1.3112031,-0.68418944,-0.23732336
1.424417,-1.434048,0.6768005,1.5289891
0.96037275,-0.28339747,0.22274312,0.14976458
0.18563946,-2.1361237,-2.3941224,-0.9514665
1.615035,-1.5004917,0.59649235,-1.0179256
-2.7175174,1.2940781,1.3916913,-0.7516029
0.6069962,1.0921878,0.55829275,-0.4814021
1.0503848,-0.69780827,0.97207755,0.13348036
0.3351962,-0.2728735,-1.5291088,1.0934701
-0.6993909,0.70753884,-2.5110612,1.0071819
0.5529715,-2.1153114,0.5831407,0.9912515
0.56689423,1.6178124,-1.5423872,-1.5610625
-0.40904757,-0.7429409,-0.6572598,0.58578044
-1.5563166,1.1642206,0.8278333,2.2606401
-0.754263,0.59738344,-0.16777869,1.7268262
-0.22834648,0.419407,0.18836297,0.7026044
-0.03405965,0.9705591,-0.35802746,-0.039899014
1.8136652,1.3831639,1.6357436,-0.1803702
0.9333791,-0.583587,0.56745696,1.5481596
-1.6018488,-1.3272212,-0.3726423,0.26118934
-1.1981761,1.6462612,0.65161127,-0.3074247
-1.0582396,-0.14718375,0.47727287,-0.65139306
-0.014735473,-1.6576301,1.2740507,-0.9841812
-2.106298,-0.5214629,0.03486545,0.62778574
1.269907,-0.7716977,1.7149756,1.2617843
-0.7524712,1.3294098,1.4324291,0.48322612
-1.07158,-0.19765836,0.46170524,0.45615458
-2.0571015,-0.2407523,-1.1998926,1.4581866
1.4730285,1.4916017,2.8558636,-0.38984102
1.9762175,-0.38258055,-1.8151653,0.4396683
1.6522285,0.54672474,0.8728355,0.24306247
-0.13364492,-1.318545,0.6907208,-0.5963155
-1.176933,-0.26210698,-2.2106783,-0.08727398
1.024158,0.41151604,-0.9840341,-0.93557477
-2.6018438,-1.7353308,0.28777492,1.0152621
-1.1665006,0.15971684,-0.32494196,-0.54293627
0.9732058,0.9081936,0.008717073,-1.7528663
-0.36813286,1.0466319,-0.056868453,-0.34732565
0.30407014,-0.93444055,0.9546441,-0.33602294
1.5124668,-0.0867962,0.9323038,0.36790273
-1.0683887,0.25557148,0.12410289,-1.0592654
-0.066317454,-0.9257773,-0.5938789,1.7904594
1.2727627,2.197977,0.6554217,1.4767747
1.4519798,-0.5696939,-0.3946729,-1.1155251
0.22720332,-0.9250528,-0.54103285,-1.8080603
1.1635532,0.8201346,-1.9277925,-1.0827127
-2.0305219,-0.7771606,0.022917192,-1.0981873
1.5665984,-1.141869,-2.3535564,-0.42605826
-0.8719538,-0.66073793,1.2849445,-1.9844817
0.260323,-0.30584565,1.2835567,0.6923498
-0.21100685,-0.14674993,-0.9703896,-0.7711602
0.35108495,1.5624024,-0.89329684,1.2506244
0.46300903,-0.7524392,-1.3715944,-1.5538816
-0.7052126,-1.8477464,1.2672249,-1.3384364
1.3627816,0.8885106,-0.55323714,0.8978188
-1.6437395,1.9953341,-1.3259695,0.029544348
0.44277874,0.64653236,0.38734487,2.3594804
0.23193967,-0.4873285,1.7562431,0.09746933
1.1589847,-0.9109095,-0.78113365,1.7350196
0.16986959,-0.03633087,-0.24226688,-0.43785504
-0.11917673,-0.09728737,0.1662734,0.4494477
-2.0310729,0.30218902,-0.75902873,-0.28870648
-0.17058317,1.3304828,-1.4096698,-0.9771584
-1.0753477,0.9227741,0.47405767,-1.3108395
-0.26627293,1.5866691,0.6483165,1.5612879
-0.6803024,0.050006215,-0.8971452,-0.41620463
-0.16696888,1.0276905,-0.12090943,0.4852111
1.0634737,-1.5445251,-0.92602664,1.7113078
-0.34348422,-0.031160597,-0.3852739,-0.78036845
0.31493703,0.8430731,0.34695414,2.4429574
0.40618846,0.7962204,-0.024651803,2.2114666
1.6838503,0.096632086,-0.8189197,0.25713736
1.0500944,-0.3805749,0.13454513,-1.2045203
-0.537832,0.9471096,-0.019407138,0.2588138
1.6343542,1.5181869,1.1701167,-0.703295
1.5703605,-0.6170581,2.3527389,0.37214693
1.1240122,-2.2770057,0.8277841,-0.23095788
0.8004218,2.509807,-0.87497896,1.8055462
-2.093966,0.91545105,-0.48267224,-1.9668857
1.207104,0.9481998,-0.2350837,-1.6224626
0.61942595,-0.47751135,0.2592693,-2.1713572
0.14375448,0.8717487,0.7958984,0.06831129
1.0089773,-2.6653793,0.21982117,-0.77785045
-1.2310847,-0.6510081,-1.8559034,1.586904
-0.15807341,-0.3123094,1.6721687,0.2453139
-0.1501684,0.574031,-1.2840158,0.4499995
-1.1433617,-0.5314447,-0.47030813,-0.65392303
1.3663813,-0.19796604,0.3393627,-0.8514983
-0.3376551,1.9458045,0.014905007,0.6681233
0.32224387,-0.40130943,0.48769817,-0.7322336
0.24351609,-1.1525531,-1.3301028,0.9751808
-1.1798153,0.6288342,0.52454984,0.13718781
-1.588655,-1.6539117,0.30498016,-1.7087594
1.0714477,-0.88832647,-0.123073466,-0.38210008
-0.827147,-1.6751791,-0.3266112,-0.13127024
0.43713012,0.20368697,-0.64704674,0.44937685
-0.84573245,0.5886209,0.71767926,0.17868523
0.6174216,1.0784019,-1.7734021,-0.4916504
0.5226453,-1.2614509,-0.11911666,-1.1981336
0.84127045,-1.1014106,-1.1497563,-2.0470176
1.7142595,-0.6988934,1.2706707,0.77474755
0.5758665,-0.9478732,0.3469401,-0.35309562
0.46469575,1.4676495,-0.35250422,0.92248744
0.9920016,1.5969123,0.46736,0.6989403
-0.6221223,-0.92848766,-0.9351553,-0.34674668
3.325126,-1.1733783,-0.08729357,1.0019197
1.1447705,0.2466799,1.4953127,1.3475146
-1.0205668,0.59838986,-0.7713128,1.3874221
1.7348356,2.189613,0.847026,-0.052383747
-2.3255558,-0.8797404,1.056615,0.79657257
2.0904613,-0.37094986,0.28696862,0.16534558
0.34023356,-0.98542196,0.073126175,0.71855754
-2.0955617,-0.93129855,0.9670449,-0.33499032
0.76326454,0.9006634,0.75799316,0.7448682
-0.21220572,0.5602371,0.7222382,-0.80951494
-0.31509584,1.6810484,-1.1089612,-1.6973733
1.6700577,-1.466529,0.019795384,0.2992151
0.21739502,-0.1455514,1.9352589,0.78329015
1.9800575,1.3540626,-1.5612874,-1.2442572
1.5002581,-1.1619334,-0.3995042,-0.7314246
0.58058923,0.910151,-2.1890023,-2.5365605
-0.71100163,-1.1038263,0.15372679,-0.5395767
-0.4136829,-0.96310467,-1.1826124,0.5613431
2.1314209,2.1288095,2.220739,-0.2971334
0.01546803,0.48444682,1.3891934,-1.2571359
-0.5842766,2.0597193,-1.0910295,-1.613886
1.7932405,-0.002394917,-0.996832,-1.7735995
0.27629274,1.6894857,-1.0578371,0.54901654
0.356481,-1.3295509,1.835602,1.8242229
0.9312728,1.7428439,-1.1768774,-1.4092634
-2.1066916,-1.7467395,1.2755487,0.44131777
0.34595495,-0.8898641,0.4058329,-0.20499143
-2.0203552,1.2874262,1.2850202,2.1933382
3.262467,-0.20288819,1.7762793,0.14703718
-0.40101618,1.0538164,-1.7392448,-1.3659598
-1.466403,0.9628298,-1.2723008,-1.6428493
-0.09812551,-1.2437047,-1.9067823,1.4008301
-1.0032614,1.7335987,0.8949053,-1.2138877
0.11392057,-0.6735255,-0.1679949,0.7385311
0.39885652,1.6078335,-0.4353711,0.5419139
1.860987,1.564855,-0.06664537,-1.1600753
0.20793654,1.4040585,0.18092136,-1.7063832
0.6196338,1.9654334,-1.0977354,1.4430763
-0.35673,-0.6822043,2.0968926,1.4755864
-0.81819123,-1.8651555,0.34738606,1.5766954
1.1429328,0.9372486,0.502329,0.44724083
0.12926012,-2.065619,-1.8546761,0.88048655
0.85336846,0.6347289,-1.1313093,1.1347513
0.5712794,0.6459515,-1.4416212,-1.2812004
0.5047633,1.187316,1.3688253,-0.3105236
-2.6121302,-0.76420337,-0.23129393,-1.1468717
1.2986369,0.13655816,-1.0580527,-0.27433753
1.5275228,0.43884665,-1.2076199,0.318103
0.85752577,-0.39075664,-0.5736156,0.581215
-1.2470884,-0.35299984,0.5378429,0.3083702
1.2438173,-0.8323982,1.1469704,0.24732521
0.33806208,-0.14780895,-1.5024333,1.4428465
-0.6670529,-0.6903751,1.852955,1.4573045
-0.21241558,-0.77030843,-0.106437825,-0.04577907
-1.0854053,0.8428119,0.26400217,-0.11908196
-1.3778614,1.8013631,1.7468592,0.5418453
1.0257597,0.5609439,0.07153782,-0.15478529
-0.37243858,0.28187,0.40232834,0.19473888
-0.7762245,-0.30225956,-1.4631133,1.4473563
1.759672,1.1997117,1.0277257,1.4739211
-1.4398576,1.1890359,-1.8198886,1.4428809
-1.5229579,-1.4539702,-1.0274991,0.23853806
0.27031198,0.14983241,0.838368,0.5621475
-1.040612,-0.38305387,-0.7483736,-0.15441382
-1.7262964,-1.2062482,0.30493027,1.8574972
-1.2899306,-0.50449777,0.934552,0.73294
-2.5826862,0.20215686,1.4910368,0.62023085
-0.29643533,-0.18501908,0.73309994,-1.7211646
-1.4693477,0.63474274,1.7167649,-0.6224301
0.837617,0.6557622,-0.27722448,1.8719857
1.1889648,0.105942436,-1.3859535,0.16308604
-0.9584909,0.7144411,-1.7907015,0.8393801
0.2050598,0.4189942,1.3759137,-0.87397015
1.8662446,0.48721418,2.0236113,2.4512625
0.12751569,-1.0053792,0.06290838,0.66318536
0.68814397,0.9347152,-0.10066959,-0.3826208
0.13759777,-1.0045719,0.96595144,1.3128866
0.3807802,-0.4977774,0.3225563,-0.5946238
-1.070543,-1.1263968,1.0700306,-0.27852786
-0.8520734,0.6326364,2.195938,-1.249172
1.6629215,0.73166823,-0.3432222,-0.2634867
-1.3067837,-0.12295703,-1.342154,1.5810742
0.8401583,-0.44369793,0.9778166,-1.1045437
-1.2321332,-1.2049565,0.46428448,1.1606551
-1.1104382,-0.19609755,0.90918255,1.7056963
-0.027639415,-1.0670828,-0.83236736,0.8628465
0.4078787,-0.62794405,2.0322177,0.28724292
-1.5992955,-0.57907474,-0.5197722,-0.21095777
-0.2732422,1.5455114,-1.255354,0.7496394
1.0211623,0.5103613,-1.065479,0.28837028
0.06494356,0.8630769,0.069911525,1.945789
1.3650522,-1.5464283,-1.0206859,-0.44349685
1.452337,-1.0679089,-3.2744255,0.027393177
-0.5540245,0.007135445,-0.56915516,1.4436567
0.21125706,-2.0439503,0.58133376,-0.27263585
-0.42331773,-0.773357,0.90308493,1.4476192
1.4302672,1.249752,0.4422626,0.46599743
-0.45163444,-1.6417922,-0.29452646,0.2925412
1.3879635,-0.5883928,2.177541,2.3199105
-1.3779372,-1.4048954,-1.0685781,0.8347636
0.6832886,0.6194139,0.7613584,-2.8070898
-0.020666426,0.0029839235,-1.6149303,1.5483317
0.47524238,0.20771833,-1.2146577,1.2178451
1.211107,0.3897469,0.743842,-0.32417005
2.3654897,-0.54204005,0.35436478,-0.19724308
-0.53091854,-0.97716004,1.3600137,0.66345614
0.27205166,0.3187292,1.4383436,-0.4236671
-0.30944246,-0.8332231,-0.017128145,-1.9757683
0.5913735,0.83590275,-2.0924373,-0.5395747
-1.4758052,0.7913009,-0.70985204,-1.5485923
-0.1155967,-0.5857118,-1.7552081,0.9694035
1.1991416,0.7460877,1.4850866,0.95581913
0.9117565,-0.4212872,-0.9646332,-0.44380707
-1.4493387,-1.6022032,-0.55353826,0.47337577
2.324136,0.64337933,0.29775882,-0.18764114
-0.6020554,0.84181774,-0.06928734,0.83310825
-0.81340516,-0.83838534,-0.21889946,-0.41682175
1.7576993,0.30879173,-1.2575784,1.9614369
-0.3557539,0.13414478,0.44451067,-1.2875289
-0.6974009,0.45980123,-1.1639231,0.4116247
-0.38344142,0.3726471,0.6852653,-2.5844758
-0.7440764,0.70394605,2.7989278,-1.2906814
-1.8727005,1.0720199,0.95521057,-0.5432364
1.5613616,-1.1460453,-1.5271043,1.8147146
0.8635255,1.5197635,-0.75640374,-0.8953879
1.9305103,-1.1019802,0.5230213,0.96288127
-2.6151934,-0.47078946,-0.25227454,2.4129012
1.0214119,1.5279242,0.5644305,-1.0937959
0.08787398,0.24068151,-1.9894365,0.8472368
0.0800173,1.4546642,-0.92500967,-0.9099246
0.67175555,-0.2129354,-0.6041422,0.33776742
1.2123243,-0.4723568,-1.2923273,1.6658198
0.115894906,-1.9806958,-0.8006647,-0.22689153
-1.0067431,-1.6016994,1.5244621,0.54817396
-1.5599279,0.57239234,0.43081677,-0.68106276
0.5861017,0.5781565,0.45676544,-0.56985027
-0.46320608,1.0474269,0.6449704,2.4987643
-1.7607697,1.026271,-0.025606025,0.17610352
0.16803525,-2.2329888,0.05968316,-0.9595031
1.2723598,0.19496033,-0.27741948,-0.40564033
1.05877,0.4095242,1.4991088,0.15385163
-1.8554403,-0.618801,-0.14319426,0.18719788
-0.34958792,-1.3355107,-0.61464787,-0.11243915
1.6375369,0.33717236,-0.52070886,-0.090340085
1.6954879,-1.561251,1.7966334,-1.5849359
-0.4380198,1.0883316,0.96037334,-0.8974701
1.3003726,-0.39770818,-0.28485602,-1.8613586
0.060274627,1.4316149,-0.99969035,-1.8990524
1.2363375,-0.7699098,0.07272414,1.2328117
-1.5921214,-0.35953555,-0.9401584,2.064708
-0.443462,-0.7676736,0.21919596,-0.20107876
0.19780573,2.7297788,-0.96106327,-0.23062836
-0.8881709,1.2852247,0.82580096,1.130796
1.223234,0.9327004,1.5861577,-1.1255797
-0.82556206,1.5428677,-1.1602262,0.91461986
-1.4917016,-2.098554,-0.7547882,-1.6935045
-0.00478234,1.0990077,2.4938912,-0.5758268
-1.0333174,-1.3894317,-0.10330413,1.1748027
-1.4108393,-0.7902354,-1.5456223,1.6388181
1.1108773,1.4789518,0.9189883,0.5143986
1.4587123,-1.0489482,1.1976706,1.1062373
-1.1094699,-1.3338668,-0.3677121,-0.57921314
-0.049310897,0.16390726,-0.13000593,-0.62934214
-1.4160763,1.4411526,1.3825121,0.71293247
-1.200125,-1.9052385,-1.07668,-0.93927073
-1.5162374,-0.12498888,-0.28154033,1.2202761
0.76641846,0.46762753,1.9258748,1.0189356
0.011656005,-1.879996,1.6121049,-0.02482696
0.1378191,1.7850013,-0.5447881,1.1641889
-1.7669153,0.52182037,-0.09678246,0.29884472
-1.0977116,0.19017065,-0.18049109,0.14174892
-0.21529521,-0.22436626,1.2532998,1.2671764
0.8763855,0.7021911,0.12529917,-1.3151968
1.9186456,0.3003278,0.6537572,-1.1612029
-0.16537525,0.3810588,0.0499699,0.41428494
0.4753181,1.4040858,1.2437532,-0.49778977
0.30193207,-0.11686712,0.029315794,-0.31577262
-1.1742365,0.89348644,-0.1460101,0.41447225
-1.1687523,1.4232627,-0.9611538,-0.73502225
0.05450344,-0.82094586,1.1990108,0.45995545
1.4321461,-0.03391097,-0.9796973,-0.10710124
1.1514276,-0.66354394,-1.6277666,-1.0515625
-0.52603406,-0.20704857,-0.15278287,-1.3354648
-0.91547465,-0.6254304,0.83749646,0.84216356
-0.25765932,2.056305,-1.0266455,-1.3679107
0.6386375,0.5302567,0.79279286,0.5092845
-0.18960194,-1.7697423,-1.531249,1.7550069
-2.1442811,0.80538,0.5373201,0.16083685
-0.18556936,0.9357058,-1.4052489,-1.1634886
-1.3222225,1.2901317,-2.3152921,-0.8915438
0.82025415,1.120607,0.07985999,2.7263384
0.23665075,0.97552,-0.9584951,-1.9362592
-0.59259933,-1.2168447,-0.67087734,1.8795598
-0.3246632,-0.1751584,-0.7355088,-0.35110784
1.2718788,0.15049258,-0.06763782,-1.4372752
-1.5781991,-0.6313923,-0.09529642,1.5965638
1.0221112,-0.04615887,-0.14312635,-1.3257552
0.44415885,0.65140605,-0.9712899,1.1833144
1.5315707,1.0413588,0.43310055,0.5403262
2.4108953,0.058811024,0.014997235,-1.2200677
-0.37962577,-0.9378971,-0.14673881,0.60553735
-1.1000768,0.6042688,-0.00323063,-0.66717124
-0.9300935,1.4218031,1.1550425,0.5458022
0.54559344,-0.013172675,0.16494799,0.29604614
-0.96451306,0.9476115,0.105024554,2.031682
0.010173563,-0.09544097,0.4264687,-0.44753927
-1.7816988,0.19471215,0.5551101,-0.91986716
-0.19290334,-0.03154927,0.3211536,-1.4214791
-0.4590973,1.6333066,0.30828595,-1.5690941
-0.37422058,1.1037428,0.46541536,-1.3072329
0.0043667792,0.94441235,-1.2897615,1.2831814
-0.051694874,-1.2848865,1.349457,-0.7236227
-0.46084958,-0.3686974,1.7253319,-0.78707254
-0.45852315,2.049303,0.014981488,-1.1755337
-0.3533612,-0.07026946,-1.1897292,0.6870549
-1.0624521,-1.3945646,-0.8694373,-2.0163405
0.6894066,0.1392891,-1.0151595,-0.609754
-1.1535594,-2.083678,0.7608271,-0.60225844
0.07317338,-0.51307267,0.7428399,0.25939018
0.090960264,-2.1558,0.04274413,-0.7491
0.5669073,-0.8105707,-1.0210624,-0.3157613
1.1424736,-0.26580226,-1.3490322,0.6448651
0.96286565,-0.78610677,-0.17073368,0.1121079
-0.22554335,1.620619,0.48883924,1.1328168
1.2520682,1.7772942,-0.18637514,-0.23371516
1.320843,-0.0075352243,-0.83994,0.7179708
1.8925191,-0.11652993,0.5252131,-0.6192158
-0.5336926,-0.02551669,0.6148352,-0.7923456
0.9672879,-0.98001194,-0.8823523,1.1869528
-1.6266199,1.7039543,0.2588373,1.9800678
0.41709352,0.5718503,1.089006,-0.09038592
-0.1540471,1.6307062,-0.2569791,-0.26235068
1.8324567,1.0414327,0.7559939,0.9082349
0.39732444,1.2106127,-0.46440467,0.4339319
-1.3493847,1.1727884,-0.12343599,-0.20192838
-0.5315337,0.9247223,2.1461341,-0.2511333
0.6277805,-0.87820417,-0.011095655,0.6988668
1.236138,1.698505,-0.2570192,-0.7523092
0.8844188,-0.7850811,-0.9034707,0.29747114
0.7388478,-0.022340957,1.3160614,0.05792234
-1.2604957,-1.691693,1.6961856,-0.30747274
-1.7598654,0.7328225,-1.1922714,-0.27234015
1.8840401,-0.07169436,-0.39888123,0.4100619
1.0168531,-0.24232802,0.70985204,0.5369345
0.13645184,0.937695,0.81169856,-1.2972409
0.99294794,0.14598729,-0.10719412,-0.16434664
-1.0843194,1.0261973,0.5366078,0.7454878
-1.2202332,-0.3927699,0.4263412,0.17482236
1.003346,1.3981708,0.83600515,0.076419406
0.57316357,2.9047253,0.15515018,0.13984342
1.1047478,0.29560545,-1.8239089,0.09077015
-0.43504125,0.41658688,-2.015132,-1.2190605
0.26412803,0.62402445,-0.35274142,0.85040104
0.9212314,-0.7331581,-1.3040403,1.3495948
1.0124377,0.7663123,-1.152542,0.31979614
1.4973706,-1.0258342,-0.03669514,-0.62167615
1.1613282,0.36510274,-1.5753798,0.7571266
0.91413146,0.6220395,0.3188851,1.8296643
-0.79299784,-0.41780812,0.037628684,0.78035897
-1.4124347,2.6507719,-0.3207911,0.66958934
0.6761408,-1.1952428,0.8722174,-0.6747271
0.5166204,-1.131697,-0.16793725,0.7414798
0.3525947,2.1430397,1.2492284,0.40757748
1.6759167,0.21578622,0.17999682,0.14787716
-0.12269916,-0.41716677,1.1761078,-0.87112457
0.3282597,-0.029079787,-1.4738753,0.86856323
-0.7900445,-0.6845791,0.07306851,0.8890559
0.6745168,0.66418904,0.033471692,-0.48304573
0.14190786,-0.15073174,0.5234653,-1.2621903
0.6154077,0.07964168,-0.668725,-1.4810951
1.1445379,-2.4901152,-1.2446759,0.06723503
0.08579661,-0.16926865,0.27012798,1.9450086
-1.467095,-0.28826687,0.55919117,-1.6151545
-1.474748,-0.5007773,-0.8455377,0.5191489
1.3511539,1.1034533,0.483445,-0.20176041
-0.72100294,1.2866528,-2.0325646,1.9669315
-0.22491048,-2.0035763,-1.3809558,-2.0823553
1.661084,0.94540733,-0.63321817,-0.33941728
0.51121205,0.6785239,-0.019277083,-0.3114525
-2.7626035,-0.072506726,1.3112575,0.60026944
-2.133261,0.4620855,1.3306758,-0.5414162
-0.5186307,-0.84108114,2.1225505,2.1582808
0.7347262,-1.2025728,-0.9573666,-1.5828482
-0.10182747,0.11612094,0.7312142,-0.6512619
-1.0490152,-1.0766643,-0.007832785,2.365209
-0.88833356,0.44016445,1.4493185,-0.99604344
-1.2527171,-1.841567,-0.31403106,0.5482999
-0.7455235,0.92020154,0.5373574,-0.973174
-0.12068151,-1.159807,-1.2066253,0.83315736
0.3549257,-1.7147464,-1.0520749,1.2654148
-0.08493879,-0.85029966,-0.434863,-0.95227826
-0.28138053,0.86594635,-0.6713856,0.019079704
0.085525475,0.8552132,1.0445266,1.4717547
-0.57847345,0.15806772,0.4396103,2.2668645
0.0036761963,1.8557235,-0.81429666,1.241783
-0.28043085,1.4491119,2.0342948,-2.791998
-0.74469954,0.34208804,-0.36929864,0.4357487
-1.2739276,-1.4997641,-0.99567485,1.1642231
0.86606795,-2.1134892,-0.96398765,-0.14781494
0.03307873,-0.71327823,0.3861397,2.169938
-1.3883615,-1.053692,0.8459916,-0.8444726
-0.955554,1.0281703,0.95562077,-0.3653881
0.33448124,-0.8632101,0.1967909,0.5283432
1.5101007,1.1002024,-1.3086362,0.5589797
-0.6083205,0.15241776,0.10313898,0.21183774
0.22031513,1.9943516,0.937072,-2.6228197
-0.66185695,-0.49409425,1.0733224,1.8643315
-0.6753825,0.19481519,0.40201658,1.5719528
-0.71735406,0.58833075,1.2133089,-0.19059019
0.6856519,0.87463105,-0.7971014,0.26141873
0.5983432,0.24142136,1.2582064,-0.34417668
-0.78511375,-1.7845767,-1.4082385,-0.689483
0.97374046,0.32513547,-0.88386893,-0.44356814
1.7647917,-0.4548339,0.89580315,1.4347392
1.3505273,0.04909752,0.2337609,-0.9583248
1.1767316,1.4928762,-0.3428569,-0.82483083
-1.9228921,1.9098247,0.18946083,1.3597099
-0.85674703,1.0973359,-0.28083366,-0.19489564
1.9954702,-1.2634482,-0.32811138,1.5940073
0.58500403,-2.5424173,-0.7601279,1.0833933
1.7838745,1.1645839,-1.0471267,0.02497367
0.70762384,2.471759,-1.712861,0.5523588
-1.5928872,-1.0609777,-0.944103,1.0959314
-0.1027232,0.40798664,-0.7116007,1.3094171
1.4973041,-0.5299488,1.5762453,-0.5728008
0.25945675,1.6183943,0.7233154,0.8207435
1.1658492,-1.6656156,-0.46003613,-0.21569204
-0.12534983,1.4783875,-0.044794288,1.0489337
0.5556554,-0.9017622,0.5866576,-0.035508603
0.9998873,0.20702396,-2.1340358,0.27318516
-0.06804816,-0.5272548,0.2879388,1.8834977
-0.16665047,0.84034604,-0.049917296,-1.790745
0.35512456,0.06850559,1.3744019,-1.4699042
-0.23487793,0.40826866,-0.5703336,2.1911495
-1.6960835,1.0154576,0.7800391,1.188645
1.4915754,0.8259021,1.2561644,-0.35111615
-0.3158421,-1.0298092,-0.82738566,-0.21117678
-1.3166037,0.89550924,-0.6170297,-1.649013
0.017636618,-0.15965943,-0.33814707,-0.069804154
1.0715642,0.7120027,-0.5876316,-0.46868795
-1.0276508,1.2983521,0.22385311,-2.1276255
-0.48028392,-0.74399203,-0.046319477,0.7056054
1.2195048,1.4379491,-0.85862327,1.3760298
0.85733724,0.29680967,0.17224205,-2.3436983
-0.8703214,-0.9888957,-0.8069936,1.9863018
-0.55655843,0.93197674,0.1455395,-0.19022495
1.9323877,-1.3283908,0.46027127,-0.81770426
1.3410252,-0.017967233,0.17978276,0.56678003
-0.24628001,-0.46395683,1.4642218,-0.49483475
-0.50129205,1.048624,2.0105004,-0.3090233
0.33069927,-0.114818625,-0.55766344,2.4850485
0.036640797,0.9660519,-1.5977544,-1.0883704
0.98334324,1.1220032,-1.3700817,1.7460266
0.15017843,-1.2893581,-0.1745066,-0.937432
1.6699709,-0.29137564,0.39051852,0.30325556
2.1564174,2.0389428,-0.51390725,-1.3366764
-0.17986886,-1.9318974,1.0068614,0.5037735
0.95070153,-1.1216083,0.9282056,0.16938573
-0.71692175,1.708654,0.34298536,2.0584068
0.18052623,0.7192927,-0.56724536,1.5740362
-2.2017636,-0.06271692,-1.5831594,-0.27341005
1.9798906,0.6605659,-1.0924293,0.5785974
-1.2337395,-0.67822164,-1.4918725,2.0771651
0.0015659244,-0.65631896,-0.11485403,0.45493603
1.3998206,-1.4320886,-0.31874782,-1.7263905
0.27967736,-0.35027456,-1.7432406,0.4191452
-0.03142929,1.2632325,-1.3272164,-0.7812792
-1.8215443,0.36210248,-1.0859116,-0.701056
-1.3145882,0.810866,1.5680081,1.740946
1.9255929,0.17513818,-0.7512023,-0.69741213
-0.07866717,-0.75102246,1.1712486,1.296655
1.7458599,0.61321515,2.098317,1.9453945
0.027395539,-1.7883412,1.5137012,1.1547685
1.3663087,-1.5203992,1.5848033,1.5373697
-0.44020346,0.75852305,1.650514,0.9705904
-2.3989503,-0.52679414,-0.28187785,0.7576562
-0.3121178,1.929774,0.5282469,-0.6679307
-0.1724909,-1.1288866,-0.8142509,1.0872047
1.0467181,0.85416895,-1.1703331,0.3952014
-0.70257133,0.7605906,-1.488676,-0.45172513
-0.3029901,-0.8097876,1.2595123,-0.57506275
0.25339904,-0.44258586,0.4993037,-1.1480472
-0.9333957,-0.5625779,1.1180304,0.17866743
-0.53093016,-0.68677765,-2.046727,1.1718756
0.16805379,-1.120703,1.1720431,-2.008933
-0.83155197,1.2520045,-1.898759,-1.7345117
-1.4006869,-0.39388,-0.5530919,-0.19321106
-1.7135991,0.2409975,-1.2669243,-1.4347522
-0.14398903,-0.70120597,1.5559886,-1.5513295
0.76539016,-0.66864616,-1.0788611,-0.4536137
1.1805425,-0.8614661,0.4279983,-0.33544427
0.38455826,0.73498076,1.6805645,-1.263912
2.5711915,1.3710805,-0.6611843,-1.575138
-2.4793649,0.35539725,-0.46412843,-1.5538026
-1.0114189,-0.23158056,-0.79050285,-0.7549327
-1.5536479,-0.82203937,1.2235985,-1.9985478
0.4863377,1.6097455,-0.79510343,1.3370849
0.06653581,-1.052452,-0.81801915,1.8652613
0.5383299,1.7173455,-1.0582725,-1.4545742
-1.0534446,-0.82143867,-0.4278236,0.39738798
-0.4231072,-0.39115646,-0.62306595,-0.56107444
-0.41823912,0.57148296,0.70257634,-1.4875872
0.077475615,-0.10279989,0.42739138,1.285984
-0.20036578,1.7058948,-1.3350161,0.82270014
1.1233798,-0.64473855,-1.6573616,1.3320893
0.72620654,-0.6874669,0.77289367,0.9486074
-0.71808964,1.6261908,0.1730515,1.0922996
0.4987659,-0.28012434,-1.3597647,-0.055161107
-0.30123833,0.3537499,-1.9690768,-0.8094104
0.25137818,0.51882714,-0.14880888,0.057753794
0.9273335,-1.0426658,-1.7914242,-2.0824723
0.086826146,0.017696341,-1.7961469,2.053628
0.37258345,-0.29690552,-1.0598067,1.2548982
-7.0419905e-05,-1.6025491,-0.3539517,-2.064041
-0.9115543,-0.5842311,-1.6013166,0.74938834
-0.5197634,1.2172062,-0.7587718,0.76992834
-1.0732113,-0.55034316,1.4119825,0.9081644
1.4856412,-0.089637324,-1.4273812,0.82243377
1.4036378,-0.10694237,0.7167266,0.96321106
0.79716104,1.2149687,-2.0164678,0.0774118
0.37040782,-1.6955758,-0.6044559,0.06971269
0.18715037,0.5421826,-0.2587587,0.16973269
-0.6830034,-0.18258545,1.6667835,0.21535693
-0.076430745,0.57650065,0.90392154,-1.7233108
0.3723396,-0.0692109,0.54530776,-0.275201
-1.6036279,-0.27902097,0.011860246,0.7825173
0.8821019,1.1385539,-0.6458776,1.2847319
1.825566,-0.54220605,0.4207986,-0.20024619
0.7119933,0.99661034,-0.45172378,-0.11528078
1.4731153,0.43848807,1.0747862,1.1654485
0.9094847,0.803517,2.2839317,-1.8033301
1.4141963,-0.66187096,1.1643962,0.8146359
-0.36839223,0.3445375,-0.3849395,-0.6381689
-0.62905324,-0.596682,0.20541745,0.837892
-0.24992831,-0.10257724,0.70072913,-1.3103346
0.30922753,-0.17266084,-1.365217,-0.9549524
1.220464,-1.0498773,-0.8772628,0.1892835
0.8363624,1.065457,0.7644516,0.9964799
-1.4126183,-0.30831376,-0.9079295,-1.8874736
-1.4933668,-0.67234,-0.8071344,-2.2745218
-1.0205898,1.8657563,1.9039047,-0.9323762
0.12339966,-1.0004525,-0.2960287,1.8332242
0.25513628,-0.27718753,-0.06197215,-0.78282106
2.6269996,0.60319537,1.5781496,-1.0123011
0.96117496,1.4289799,-0.80935186,-0.04318186
-0.48313794,2.2210493,-0.8233735,0.5993633
-0.52943516,0.32641712,-0.9336709,-0.29022205
-1.0242203,-1.7769442,-0.9635028,0.108387135
0.058877967,-1.332754,0.9535537,-1.4677358
-0.7023118,-0.7865392,0.7681834,1.1857518
-1.459597,-2.2681813,0.42852688,-1.4630264
-0.7478056,-0.3253493,0.035689477,-1.6494757
0.9240839,1.1109343,0.0077917976,-0.9181308
-0.9188635,0.88366944,-2.4047644,0.46801728
-0.022818875,1.4292927,0.6193572,-0.831356
-0.5314629,0.12018007,-1.2257888,-0.7451051
-1.5425019,-1.2811012,0.83523244,-1.2302258
-1.4577497,0.17153913,-0.7988674,-1.973574
0.9795666,0.53334594,-0.46033254,-0.14638847
1.7077953,0.8250688,0.5920804,-0.15947454
-0.31494522,-0.30420232,1.1092188,1.1156586
0.72765416,0.9186483,-2.3909092,1.7097193
-0.44315076,-0.42924863,-0.15803681,1.1554104
-0.77639437,-1.8698914,1.5488745,1.6480294
-0.46368298,0.4473226,-0.9299899,-1.1017257
-0.0901924,0.9680591,-1.0324076,-1.5258267
1.3543704,0.7824885,-0.30521372,-1.1701585
0.027028853,1.3674765,2.0833871,-1.9417263
0.20850998,-1.8542978,1.6982692,-1.4057863
-2.043128,-0.6339199,1.1406151,0.4971563
1.3223814,0.7710309,-0.44607657,1.7394996
-0.2579884,0.28880987,0.05936437,1.0511711
0.14692989,-0.60978556,0.06766934,-0.3710021
0.2803389,1.5931551,0.37844464,1.4536734
-1.5487522,-2.5292327,-2.1020517,-0.32884222
-0.6209888,-1.0477067,0.7078632,-1.2629408
-1.4951195,1.7811418,-0.047845326,0.66523874
-0.43936414,-1.3402598,0.9057689,1.0506641
-1.5863612,0.46785232,-0.8404058,-0.045208994
-0.27656877,-0.95133245,-1.0184587,-1.1200724
1.3477304,0.67480797,-0.3500373,-1.067436
-1.1256592,0.056335196,-0.73654306,0.91548485
0.8210234,0.18606786,-1.2772803,-0.6553844
0.57154185,-0.38640264,-0.8650096,1.4534923
1.7040747,-0.8256003,2.174291,1.4282743
0.8255312,-1.1723465,-0.38482994,-1.6853654
0.97940063,0.87711227,1.8413872,1.0073055
-1.6911157,-0.18083285,2.3191304,1.0479649
-0.2661194,0.64438206,0.69699687,-0.049861014
-0.6197746,0.11939001,0.9602818,0.97237694
-1.0085313,-2.2287035,-1.8701402,-1.0031335
-0.9170506,-0.99319524,2.931796,0.8369289
-0.48764488,0.9362578,-0.9618998,0.33591792
0.2201029,0.50703233,1.3364881,-0.0025631785
0.3712726,1.3007846,-1.7154549,0.024751801
-0.4546241,-1.9452808,-0.97222966,0.90230733
0.19293736,-0.47358838,0.96271914,1.616537
-2.2295883,0.32487234,-0.28706476,1.644481
0.1250145,0.13395025,-1.0322119,0.54223156
-0.4457891,1.4601791,1.266479,-1.5687324
0.6697625,-1.8559986,-1.8919426,-2.2201984
1.2345808,2.2057989,0.5947163,0.23665711
-1.7088485,-1.0052234,-0.537617,0.08522503
0.8278328,-2.1479628,-0.2344949,0.24421123
-1.5470208,0.9979071,0.512059,-1.3419186
0.19925487,1.5046402,-1.152431,0.36217842
0.35874408,1.3932229,0.8580656,-1.2792084
0.08598696,-0.8725057,0.651519,-0.46616518
1.0370834,2.1562502,-2.1910527,-1.6896929
0.60760814,0.84306663,0.9256068,1.4992987
-0.3458425,0.389684,-1.2645807,0.7229936
-0.12920645,-0.092867844,0.3342872,0.135299
-1.6908456,-1.4966077,1.1876705,0.28270194
0.06804027,-0.5088302,0.41436386,0.26148432
1.6313316,-0.3761812,0.9165204,-0.29771787
-0.5861138,1.5167336,0.4364558,-0.22920802
-1.5434715,-0.4348983,2.1913345,1.9359623
-1.4353504,-0.773373,-0.41400895,0.89263743
-1.4242655,-0.15614948,0.30747178,0.4868657
-0.8645441,0.27390656,-0.27915934,0.051822282
0.21951076,-1.0252125,-2.5520442,2.4300823
0.9032722,0.6105652,-0.19443755,0.038443234
-1.3166494,-1.023448,1.6218272,-1.8682251
-1.2537869,-0.8041052,-0.60707504,1.8960087
1.0938706,0.8826121,-0.32284394,-1.4306386
1.5455331,-1.6180731,0.5790228,1.2494075
0.21955532,-0.95203465,-1.2379999,-0.55426246
-0.02749084,-2.6267493,1.1686212,-2.0415914
-0.17232847,1.4156965,-2.9219067,0.0074418476
0.08987085,-1.4110395,0.42259324,0.28063798
1.8771828,0.64181966,-0.58857876,1.2803391
-0.39987215,0.13592054,-1.2337579,0.94640505
0.87255454,-1.09942,-0.1143512,1.1462754
-1.762179,-1.2077532,-0.6602316,1.1950364
1.3245397,0.7713615,-1.0650456,-0.20505983
-1.0031861,0.6194972,-0.188839,0.66339487
-0.088207625,-0.3196366,0.47740525,0.069351755
0.55757743,-0.1293526,-0.8815733,0.32699153
-0.8135549,1.3393698,-0.6863965,1.3145849
-1.1420202,1.4941223,-2.229377,-1.14666
-1.5378973,-0.5619852,-0.13974951,0.6660209
-1.3598603,-0.18978421,1.1956804,1.3867265
0.06444566,-1.4379315,-0.84319144,-1.3091277
-1.1397492,-0.17823426,-0.44514623,0.096277446
-0.6674975,1.8018864,0.10304472,-1.4855223
0.29752028,-2.4965127,0.80792433,0.657003
-0.27322137,0.4250202,0.26634073,1.5732969
1.8500253,-0.14920096,-0.2796163,-0.524263
-0.6951537,-0.29794526,0.38439944,0.86730045
1.0993142,0.70747906,0.3923931,-0.81415445
0.051249214,-0.36674735,-1.4595239,0.6798222
-1.2908767,0.76642436,-0.6594278,-0.4757824
0.44398287,-0.008111011,0.50710213,-1.2540301
0.6475482,-0.4395212,0.5048872,0.3376978
-0.81245446,0.4120299,1.7193096,-1.2570658
0.689568,0.9035952,1.2771207,-0.89608663
-0.72971123,0.443772,0.87971866,1.8593801
-0.08550314,-0.9852146,-0.36883336,1.0280371
-0.60312635,-0.35182557,0.012679988,0.27691254
0.59217227,1.7120084,0.8768551,-1.2282203
0.12826225,-0.7006113,-0.35819468,-1.045068
0.3117105,-0.8215356,-0.06263081,0.09458316
-0.9270929,0.07190796,-0.17267713,-0.37338758
0.018616002,-0.4523458,0.6694956,2.0906584
-0.52125996,1.5423646,0.25439268,1.4245036
0.40575522,-0.942053,0.7886787,0.17790073
1.2853025,0.27614853,-0.5774876,-1.5700659
0.11170619,-0.80211556,-1.4263967,0.84095603
0.644429,-1.2605202,0.40728858,-0.5730502
-0.7833164,1.4971185,-0.31592494,-1.726724
0.8579303,-0.1511672,-0.10973398,0.5721146
-0.5178535,-0.49552086,-1.3119262,-0.6628675
-1.9440287,-1.4117728,1.0284922,0.40802193
0.5318018,-0.13800558,0.58618623,-0.06497784
-0.993608,-0.55156094,1.097991,0.5027864
-0.013343441,1.0221202,0.41983426,0.4887955
0.42998308,1.3728137,1.4179707,0.6529249
1.764454,1.8589848,1.9098552,0.22863862
-1.4272212,-0.20043747,-0.10876812,-0.9733233
-1.8013746,-0.19843942,-0.4730184,-1.8888578
1.9917516,-1.0275801,-0.69684726,2.2826734
-1.0940214,-1.0241164,0.07330409,1.0227813
-0.052166983,0.98725873,1.5964575,-0.17511001
1.6842475,1.007326,-0.48578483,-0.79331493
-0.059587326,-1.4925796,-2.043126,-1.0132091
1.6251658,-0.8628408,1.0546492,0.75428194
-1.086073,1.601191,-2.4622357,1.0507923
-0.20789419,0.79154134,-0.18380633,-1.3450413
-0.7050109,-0.62867314,-1.5412887,2.5696492
0.87406844,-0.8488016,-0.5693584,-0.3791214
1.4839696,1.189172,-0.96489197,0.3228052
0.009500756,0.32205996,0.8236472,2.2128673
-1.3269027,-0.3992386,-0.38909933,1.0032346
-2.3786285,-2.087123,0.14663014,-1.1731844
-0.19724819,-0.28240177,-0.28630945,-1.3027406
-1.8052926,-0.8258589,-1.809329,1.0361944
0.08940064,1.2300912,-1.8459631,1.0608048
1.9770265,0.77925116,0.07777889,0.34949195
1.523945,-0.14643434,1.1509774,-0.15570815
-0.514665,-0.10233207,-0.07291288,0.3358461
0.16009597,0.6955824,1.4517776,-0.84263563
1.2859725,0.5761747,0.7197712,0.26916695
-0.11870794,-0.12929994,0.79289496,0.3454815
2.322505,0.57746345,0.5053763,1.1962128
-0.0020266902,-0.3517527,-1.3446171,1.1436056
1.4188571,-0.39574978,-0.8096778,-1.7597331
-0.62118083,0.18596028,-1.8724174,1.0855607
1.4975046,-0.8418438,-0.7246121,-2.317424
0.5025144,-0.2105908,1.6742371,-0.31810984
-2.0952978,-0.15809599,-0.6415277,1.6929381
-0.05138993,1.3848075,-0.87176627,1.2358085
1.0235149,1.3049473,-0.8783496,-0.86882144
-0.35364088,0.8150083,1.7087537,2.3855476
-0.73827654,-0.24711083,0.28147885,-1.0017598
-1.0507877,1.7387102,-0.10801115,0.20549954
-1.1239169,-0.048348293,-1.1087338,-1.0976343
0.39141816,-0.61032766,-1.9352165,-0.08401968
1.3591245,-0.49045676,-1.5512452,0.27401757
-0.29501188,-0.6340688,-1.6410588,1.858468
-0.99313325,-0.6098157,-1.5455805,-0.20356241
-0.5300998,-1.9445974,0.3332793,0.8828208
0.74361676,-0.40508348,0.54265773,0.18061432
0.75139207,-0.032368667,-1.6751115,0.96075666
1.1205134,-0.6965415,-1.368954,0.99795634
-0.41073817,-0.5137429,-0.93178236,1.0671648
-0.5728119,0.583237,0.10574858,0.33404827
-0.65234405,0.35118622,-0.23775437,-1.0911007
0.7181219,0.19948053,0.31473932,0.88463634
0.9163861,0.1719734,2.0180316,0.20287432
-1.3766811,1.0875576,-0.5606869,1.9006194
-0.5238423,0.49090037,-0.33692497,0.38857278
-1.1891651,-0.8641295,-1.4052346,1.1337065
0.6683376,0.56450033,1.4938695,2.3211203
-1.5199605,-0.7260766,1.3283249,-0.18986227
0.92958516,1.8609636,1.2212952,-0.37201756
-0.19635008,-1.9316331,-1.7154686,-0.59133625
0.6495121,-0.03510152,-1.7489071,-0.84116924
-1.8625689,-0.23937684,0.43012393,-0.9979243
2.2223043,-1.231039,-0.98358035,-1.0181895
-1.7501335,-0.6662367,-1.0048352,0.75430816
2.3427565,-0.45443586,-0.41549385,1.1960087
0.7077648,1.317374,1.071779,1.2638725
-0.78345937,0.5567926,0.20207712,0.17844181
-0.22660045,0.8004861,0.1194562,-0.7526314
0.49922875,-1.3261274,1.4191457,0.42851153
0.37204936,-0.67918104,0.83248514,1.7077938
0.36459842,-0.5003757,-0.57393396,0.8287895
-0.13727738,-0.6366586,-0.9012732,-1.3018721
-1.8492216,-0.99606913,0.39844215,-1.5449269
-0.28854388,-1.4752102,-1.4724118,1.5102222
0.9017688,-1.2015265,2.0869596,0.7361106
-0.017210886,0.58309346,1.5480103,1.1388679
-0.10105251,-0.70378554,0.22192948,-1.1828086
1.6465745,-0.16854675,0.68503743,1.586688
-0.8357882,-0.44595867,-0.65765053,-1.8588276
0.21851546,1.3607926,-1.1506836,-0.25917166
-0.14189993,0.9434004,0.2728916,1.5807056
1.5907774,-0.17903104,0.5298385,-1.7080406
-2.1320379,-0.09283134,-0.40044072,1.375103
-0.047110405,-1.7979652,-0.41328862,-0.6663242
-0.43235776,-1.6258564,-0.3784257,-1.1140232
0.85482335,-0.74839634,-1.05582,-0.5416981
0.6329585,0.5947087,-0.48566565,2.3703673
0.50421304,0.6318823,-0.07705114,1.7376484
1.418194,0.463667,1.5688388,0.080067255
-0.3056987,0.74686843,0.072323486,1.3393447
0.45895922,0.5410995,-1.5932888,-0.68546534
0.21866095,-0.5299157,0.23292065,-0.1730517
-0.580245,-0.45464376,1.6690305,-0.16343845
0.11781778,-1.420915,1.3888894,0.3533956
-0.2356722,1.4453965,-0.2723957,-0.079082265
-0.8434372,1.1043882,-0.5439611,0.5514594
0.948786,2.1215012,-0.8515793,0.47092262
-0.74398756,1.5180197,0.89198256,1.168373
0.16745523,-1.2363399,1.2115902,-0.64455456
-1.1478881,-1.1069607,-1.912889,-0.81952775
0.4737846,0.6172825,-0.90186954,0.98026127
-0.26777586,0.0025938603,0.79503036,0.92482615
-1.2102175,-1.6690313,2.5572867,-1.4738467
0.119173944,-0.16691089,2.5468318,-0.41564083
1.5657786,-0.7356811,-1.5420636,0.62399447
0.18498856,0.38940635,-0.57622516,0.23690186
-0.6695025,-0.80361986,-0.18337063,-0.7635048
-1.0999955,1.6086416,0.39731044,-0.29259634
-1.373642,-0.7344099,-0.82548696,0.86329305
1.3154,-1.0273572,-0.19066201,-1.3061163
1.9695506,1.8009461,0.9803343,-0.43386364
-0.94723076,-1.6891683,0.6407092,1.0858014
-1.0808002,0.89970195,-0.8488421,1.4197419
-0.8206711,-0.7612519,-0.91714543,0.81898946
0.7060897,-2.2290738,0.84698933,1.3563918
1.4897218,0.4619652,1.0129924,-1.1860881
-0.11842776,2.5895765,-0.5085603,-2.623237
0.8449163,0.19594893,0.12955111,0.88858443
-1.3325437,-0.20199835,-0.30153137,-1.6728138
-0.163107,-0.56880575,0.8937298,-1.0010424
0.24336457,-1.4513674,-0.17432289,-0.85271627
-1.925587,-1.3421559,0.6479849,0.4496455
0.69945353,-0.32368693,1.81884,-1.0241115
0.6549046,0.6898636,-1.9664718,1.0773389
-0.99543446,1.1016935,-0.9389801,2.1216352
-0.15024777,0.77280825,-1.1776117,0.55620456
1.2164787,0.12338589,-0.6886932,1.0084572
0.9012425,-0.6523868,0.8492015,0.7096518
-0.69107497,1.3317323,-2.2793078,0.17093538
1.1891526,-0.345112,0.63750106,-1.0064832
-0.4836651,0.24833257,0.08857595,0.46163106
0.34314698,1.0118679,-0.96214604,-1.0061098
-1.1553115,-0.46712404,-1.2932893,0.9103599
-0.54009277,-0.8852937,0.059032805,-0.13336687
0.7834483,-0.39246678,-1.3106364,-0.1184793
0.23820625,-1.2869118,-0.37709892,0.73747665
0.90517986,0.81346416,0.61576235,1.0450009
-0.53431576,1.7112383,0.32059282,-2.9139564
1.0864211,-0.13705117,-0.031959604,0.07851205
1.3382709,-0.5807053,1.4615576,-1.4045011
-1.0022151,1.6143909,-2.1230197,0.13244894
-1.7525672,1.0756577,-1.0224638,2.0046017
0.21314311,2.5064404,-0.06713255,1.0544957
-1.2371739,-0.9447888,0.46359685,1.5799781
0.5632977,0.6799937,1.2487897,0.16080968
0.114195205,0.86287314,-0.63350475,0.2819255
2.114636,0.8040833,-1.8385887,-1.7966354
1.514655,-0.71994144,0.7224528,0.27813736
-0.56543654,1.7429185,0.95178163,-0.5012117
-2.8088608,-0.7260358,-0.043250836,-0.59337586
0.5887617,-1.0178468,1.4872974,-0.6719134
-0.27339914,2.3310714,-0.12385366,1.3031964
-0.61502177,0.014584583,-0.04327181,0.6713485
-0.753917,-0.1344839,-0.6175744,0.35825044
-0.80847913,1.5024192,-0.40675092,1.0118277
1.0987717,-0.5083735,0.66428584,0.2315212
-0.21413219,-0.8341825,-1.0975353,-1.9927194
0.5046988,0.28030306,-1.0257642,0.72786105
0.99694645,0.92185307,-1.8744153,-1.0324471
-0.18045364,0.713385,-0.6056764,-0.20778109
0.5225781,1.9395087,-0.15605496,0.4673407
-1.6405745,0.9608789,-0.7170088,-0.36697206
1.7302651,-0.31009167,-0.6503382,0.49464306
-0.05834458,1.6227728,0.5376332,-1.2006689
0.44180477,-0.7678185,0.7659675,-1.0064502
-0.689792,0.3064498,0.8554989,0.79805094
-0.62139815,-1.3098415,-0.0048569683,0.13161235
1.5567433,0.20141777,-0.3244231,1.0180385
1.7200623,1.0403174,1.8377137,-1.4617399
-0.8730176,0.41610533,-0.9417194,-1.0153902
0.03312233,0.40169254,0.13214387,-1.3256339
-0.35729194,1.3375016,0.0052547264,0.4577618
2.387078,1.4603709,-1.8531877,0.3114188
1.1104506,-0.9104456,-0.7835256,0.7046353
-0.483081,-0.80588186,-0.904634,-0.42397797
-0.14349084,0.5113497,0.742345,0.7050211
-0.9548454,-1.240716,-1.4305933,-0.27336323
-2.0449288,-1.1911621,0.3446111,-1.0378544
-2.0451667,-1.2739573,-0.66445786,-1.8429896
-1.3487071,0.57462084,-1.5549635,1.3154608
-1.6012775,0.56998885,-0.5385197,-0.22921166
0.7543529,-1.3978453,0.8031862,1.0541105
1.6077887,-0.25343347,0.07784066,-0.18305716
-1.0895257,0.4804242,1.1610575,1.6992832
-1.9519854,-0.62055373,0.9793264,-0.14307813
0.7635619,-0.22366954,0.105986536,2.3700187
-1.8220062,-0.2515886,0.57686365,-0.58526754
-1.7856942,-0.9161911,1.7768853,-0.057251416
-1.7875892,0.8070393,-0.38513687,0.16741084
0.13156916,-0.067935854,0.47177592,-1.874753
-0.43822756,0.48124585,3.3613234,0.77226716
-1.1541622,-0.00090260507,-0.5406829,0.3587609
0.6625253,-0.18067262,-0.028043302,-0.42736742
0.9337829,-0.9883877,-0.5114995,0.47829825
-0.39463684,0.8554401,-1.7625772,0.9274358
1.1211928,-0.84496325,-2.1731913,-0.72012246
0.47003642,0.5430584,1.3599162,1.8371251
-1.1732886,1.1520717,-1.3181273,-1.6177661
1.003777,1.7583354,-0.4898753,0.6054285
0.15455326,0.8351286,-2.390508,-1.2129885
0.5304159,-1.9617225,-0.9645566,0.13140821
0.40098116,-0.040681012,-1.6814138,-0.4867389
0.87220484,0.7957014,-0.4881306,0.23329003
-0.17559521,0.43348676,0.2568649,-0.20726949
0.63116163,-0.0836657,0.78022677,-0.589013
-0.22450334,-0.96801424,1.2525332,-0.95441747
0.5171739,-1.8162694,-0.04255979,-2.1005096
-0.8137647,-1.3650702,-0.2905225,-0.9481657
0.26030558,1.3697437,-0.74035645,-1.2783734
1.7864773,-0.0653315,-0.6270015,1.4315335
-2.6445215,-0.8174372,2.0643034,-0.6776199
-1.1287441,-1.9342012,0.9962777,1.4169512
-1.6965041,0.5399976,-0.34670112,-0.036387037
1.6616144,-0.4874643,-0.27948532,0.6243103
-2.0845277,1.8039901,1.9344593,0.6050447
-0.23877849,-1.5307115,-0.71419525,1.1952885
0.8719586,1.150693,-0.9672349,1.5866089
-1.4830397,2.1144004,-0.7056114,0.022717107
-0.040914785,2.3978808,-0.051299714,0.4301104
0.11009382,-0.34960437,0.29428482,-2.0323405
-0.4231512,-0.18121983,0.09231116,-1.0624511
1.1315209,-0.41563568,1.1761016,1.5774165
0.20322806,-2.1739678,-0.3413463,1.1317947
1.6378518,0.6311255,1.3170516,1.804517
1.9646631,-0.967951,1.4410089,2.18299
-0.92039734,-0.261206,-1.667274,-2.7359953
0.44019482,-1.1320407,0.34946635,0.11424337
0.5372997,2.02818,0.32266364,1.1719167
1.1297992,-0.23939815,-0.28502366,0.23974428
-1.5264424,0.9603117,0.5027452,0.6277923
0.2453759,-0.3666934,-1.8366805,-0.1181425
-0.25471532,0.5676997,-0.5849879,-1.4648412
-0.5306629,0.4040024,0.9723483,0.23232906
-2.5272563,2.1547585,2.04043,-1.0916077
-2.3535306,1.0071216,1.1887852,1.0854803
-0.17228636,1.669278,0.07536006,0.027383497
-0.97559524,-0.67333376,1.6294363,0.39329016
-1.2238019,-1.0806463,-0.081126384,0.30421337
0.8425047,-0.89993143,-1.7159668,2.053975
0.07943763,-0.47090802,1.9749982,1.6026403
0.3249064,-0.027114976,-0.90316063,1.373992
1.2850516,-0.86826825,-0.00051981024,0.8245488
-1.285737,-2.7149663,-0.39221513,0.55903023
0.9301841,1.5125531,-0.95123565,-2.2244725
-1.105742,1.4064336,1.6632371,0.9613729
0.420604,-1.9894005,0.16746128,-1.1201491
0.62341446,-0.27088284,-1.7781136,1.144082
0.96024,-0.36319908,-0.026905576,-0.003583657
1.0586636,-0.36290878,0.037004754,0.863951
0.4461852,0.48075807,-0.9643076,-0.6616668
0.29869717,1.1444108,-1.4293927,1.2044489
-1.0839942,0.30447918,0.08866405,0.042147893
0.6163177,-0.7324775,-0.3272574,-0.9181665
-0.96147096,-0.469634,-0.81848055,-0.7380014
1.2310108,1.1727191,-0.19423063,0.17749013
0.8410876,0.10799828,-2.6056495,-0.30033952
-0.47544897,-1.8039498,-0.9802256,0.25336462
-1.0058115,0.9744255,-1.4790279,-0.6455827
-0.34854153,-0.33515844,-0.08622403,0.10576697
-0.8577991,0.3408163,-2.0875647,1.4052408
-0.004271272,-1.7870252,0.43492422,0.29324585
-0.24456549,-0.97256917,-0.053942956,1.338393
1.257076,-0.27448282,-0.19678783,-0.57027185
0.1609946,-0.6173326,1.6760254,1.1075019
0.33180597,-1.1863158,-0.093439914,0.9567448
1.2996268,0.47578824,0.4562383,-0.91199213
0.9356653,0.20123288,0.6483592,0.094994664
0.5276801,-1.0979955,0.062723644,0.042825725
1.3628159,1.6653969,-0.19560657,-0.9594126
-0.039431456,-0.7207211,0.6584118,0.8945574
-1.7113131,-1.6292586,1.1181179,-0.37867713
0.5668653,1.4680163,0.5564956,-2.5169995
-0.96017337,-0.31181324,-0.8291129,-0.8764917
0.10292187,-0.55560035,-0.099324875,-0.55161726
-0.14729871,-0.3932766,-2.048376,0.85949117
1.1322027,-1.0898628,1.4048445,0.42388034
-1.2052257,1.2878217,0.38426057,0.4532236
-1.466176,-0.9825633,0.23788023,-1.7533082
1.017824,-1.6953806,0.40922043,1.7160014
-0.42710146,0.5683791,-1.2144086,0.55570805
0.16656163,-0.00954213,1.7963392,0.67921156
-0.9279684,0.347658,0.23733206,-0.0029235475
-1.4390957,-0.8956995,-1.05234,-0.26028785
-0.23657,1.1448208,1.79415,-0.08876058
-1.2899503,1.8186846,1.0887997,-0.17114682
-0.29414186,-0.062214114,0.10403275,0.8633804
-1.5075628,0.8218976,-0.2895638,-0.07181534
0.29632452,-1.0442257,-0.86838055,1.1045749
1.2460612,0.12969786,0.5495598,2.4045265
-0.41168106,-1.6400106,2.125555,-0.6348787
1.4489343,-1.6528105,-1.5992521,0.05598104
0.07245077,-1.1861182,-1.4715812,-1.3588037
-0.39271984,-1.1503893,-0.89551944,-1.6511515
0.56681204,-2.1334383,-0.30992672,-1.5977165
-2.103893,0.3582036,-0.34690255,0.21339768
0.87671024,0.8404661,-0.01918678,-1.0074573
-0.30591494,0.59671104,-0.04378715,-0.6605865
0.3729775,-1.6651798,0.8299388,0.13221383
0.035365168,1.3077967,0.13413137,-0.6291872
1.1622167,1.2504184,-0.8737254,1.1869832
-0.29225537,1.2204709,0.55213696,0.4498163
0.34738943,-0.041516513,-0.86244875,0.1863933
-0.61186373,-0.42363867,-0.9513195,-0.58217305
1.2898922,0.77655077,-1.2896587,0.38641116
-0.2506553,-1.4817225,1.3259581,-1.3411732
-0.9298586,-0.76333123,-0.8865791,-0.5663137
-1.5437831,1.9101404,0.4800496,-1.0876642
-0.10135897,-0.17474073,-0.99020004,0.40445396
0.7767829,0.8370288,1.2439678,-1.2136068
-0.8963748,0.7634245,-1.2102712,0.3965688
-0.5090386,-0.6687548,0.21446472,1.4784603
-0.95072347,0.7547375,1.0944996,-1.8723015
-0.6505112,-0.3127193,-0.23191173,0.40770218
0.19888827,0.98831177,0.32183474,1.1079986
-1.448194,1.2354698,0.75832707,-0.39564517
-1.0038745,-2.0738716,-0.98969334,0.7631684
0.49306336,0.05252524,1.3303938,0.37433916
0.010112031,1.0071125,0.04743478,-0.905495
-1.1458478,-2.0440414,0.9370682,-1.6984454
1.6202049,1.8268616,0.51508737,0.07329156
-1.4094251,0.4564028,1.7603718,0.38522366
-0.2354872,-0.64917624,-0.10392251,0.14674884
-0.092235565,1.7736139,0.2749315,1.9982947
1.7288201,1.5501833,-0.37275657,1.8110532
-1.3697492,1.4064399,0.32181132,0.6065669
0.9386369,2.2520514,-0.31258795,0.20334633
-0.15412068,1.1915199,-0.7851987,-0.9965078
-0.94334376,0.9495819,1.2141076,0.6952801
-0.8069153,1.6457511,0.58043903,-0.041735277
-0.08979539,0.97394717,-0.07244722,-1.520733
0.37830755,1.5170507,-2.5313115,1.495475
0.7329582,-0.5962087,0.9157948,-1.8601007
0.7606499,1.9762533,-1.9576905,1.0635148
-0.022946076,-1.6864325,-0.93333673,-1.0045117
1.6569685,0.40543148,0.5982949,0.08074079
-0.3539106,-0.90424174,-0.5738592,0.7656152
-0.06340034,-1.1891972,-1.4169745,0.5412256
0.65824383,-0.22209758,1.1598808,-0.7766206
1.4278743,-0.82611454,1.1018958,0.77407867
-1.9199315,0.30047342,1.1508635,0.24566384
-0.41061854,1.2625743,-0.25358856,0.6323924
0.804494,-1.3807272,0.1804075,1.4308298
-0.25451493,-0.01329166,-0.054395873,-1.4553994
0.8357069,-0.17044272,-0.91408,-0.14368251
-0.82903457,-0.04580134,0.029320909,-2.0893483
-0.41662395,-0.27593803,-0.55855566,-0.010913637
1.5367278,-1.4430466,1.2327166,-1.0759958
1.1231818,-0.09599087,1.0916398,0.032045756
1.3748224,0.097230926,2.178928,2.0642054
0.089749284,-1.1010592,1.5312828,-1.8398463
1.467387,-2.0560517,0.60954165,1.0053524
0.071565986,-0.22876191,-2.2534778,-0.72245604
0.43472612,0.17886944,-0.6581161,0.23762919
0.35508308,1.2504493,-0.24936433,0.19428727
-1.1681697,-0.08471498,0.013333705,-1.4032229
-0.7791929,-0.27995872,0.7292434,-0.40138882
1.1849635,0.4674927,-1.3312169,1.135129
0.4534593,0.68183875,-0.45108053,-0.2179742
-0.59781003,0.1554441,-0.5680599,-0.014971184
-0.88735986,0.8685899,-2.287278,-1.4583722
0.123913705,-1.2257423,-1.1850338,-0.5681143
-1.984751,-2.1991208,0.89592654,0.8087197
-0.9646679,1.7072573,0.9119422,-0.47485963
-0.06810087,0.9140132,0.70182216,-0.8904541
-0.7910135,-0.8244919,1.1096574,0.05305596
-1.0839534,0.082233116,1.9996778,0.5837612
-0.5974215,-1.1712413,0.55401605,-0.1925496
0.33228624,0.75075823,-2.5180774,-1.763789
-0.33558443,0.361592,-0.11502948,-0.5768543
-1.7669821,1.2767527,-0.5655967,-1.8099235
-0.8078357,0.38668418,-0.8222691,0.51205486
0.024329921,-2.378416,-0.61783874,1.9157213
0.13700666,-0.834595,-0.839259,-0.7972799
-1.0708373,0.18757132,-1.0638218,1.0953368
0.15540901,0.94239974,-0.38907066,0.78645843
-0.725959,-0.57782215,0.38761902,1.3377979
0.63165927,0.0936848,-0.7268199,-0.1235069
-0.59997904,1.6756018,0.5435956,-1.2384851
-0.21532252,0.634675,0.13129306,-1.2497287
0.08976316,-0.39280847,-0.30793914,-1.9444861
1.0218315,-0.40824127,1.2625179,-0.94149876
-0.168169,0.82970804,0.19589275,0.01364537
-0.16856958,-1.0550627,-0.5547898,-0.87675375
-0.10949771,-1.832921,-0.038517665,0.7279125
-1.03205,-0.37528136,1.2120762,-1.5070221
-1.5864205,0.37914222,1.6531346,0.737857
-0.6717593,0.21369548,0.80986565,0.88039535
-2.108875,-0.21962637,-0.26248458,-2.124908
1.8647783,-1.4595203,0.17751381,2.610302
0.8674628,0.936037,-0.60511214,-1.4279617
-0.75668406,0.0048501133,0.33076844,-0.7896045
0.024614254,-1.3817952,0.62066185,0.74647933
-0.1400504,0.3787668,-0.62132865,-0.5937274
-0.46180788,1.1942939,-0.6456978,-0.030251723
0.13074173,0.047543034,1.504427,-1.3472066
-1.3932016,-0.15735416,1.5224593,1.8493332
0.7418334,0.27467757,0.94848514,0.92779666
1.671094,-1.1994379,0.71371615,0.59275913
-2.058847,1.5338575,-0.96150416,0.45888957
-0.36616373,2.4605398,-0.3691885,-1.2247537
-0.69111556,0.9466771,0.45924053,1.0392184
2.375232,1.5770915,0.4024941,1.25535
-0.9964034,-0.6901908,-0.6971131,-2.105219
0.1733293,0.10695425,-1.4463934,0.2995246
-0.7641853,-2.7496717,0.61269706,-1.3702822
-0.14307505,2.656117,-0.6486144,-0.116721295
-0.9806439,-0.9770012,-0.63173944,-0.5739325
-0.513031,-0.19124812,0.49866986,1.3334831
-0.38759094,-1.8914218,-1.1373242,-2.0532153
-0.00088320626,-0.7623283,0.34397686,-2.3685417
0.7183092,0.13159719,1.0067037,0.5990075
-0.84174484,2.0588787,-2.0103447,0.9669379
-0.31163627,-0.009967773,-2.2561462,-0.00475276
-0.8726996,-1.5403144,-0.95568544,1.8482058
-0.9532787,0.24153857,0.86664206,0.8949867
-0.27591854,1.1069256,0.09368342,0.29153344
-0.753311,-1.1700315,1.9144015,-0.7852068
2.2330592,1.3033841,0.58942527,-0.13328876
-0.11568049,0.46582836,-0.14458422,1.1263648
-0.6780728,-0.09306369,-0.7715574,-1.3772842
-0.7868229,0.79637086,-0.99605554,-0.26055384
-0.08176751,-0.9580744,-0.7777804,2.190385
0.72945505,-0.7705615,0.06689334,-0.13430397
-0.15412587,0.7492887,0.34061205,-0.48950675
-0.9418225,1.5486671,0.5207905,-1.375105
-0.7817066,0.5381596,0.13276617,0.9432776
-1.2501042,1.5404726,-0.07158493,0.05402972
0.7587532,-1.6559852,-0.6014203,1.5602304
0.9644155,-1.1684473,-0.8856398,0.4660563
1.1323293,0.6645352,0.32208252,0.5656113
-1.0682204,0.82132167,-0.1776705,0.86299634
0.6097214,0.55669284,2.5671155,-1.5018588
-1.1166093,0.79684424,1.011664,0.537014
-1.3630651,-1.1921545,0.39185303,-1.0938329
1.0503132,-1.2617815,1.6168333,0.10333014
1.6122762,0.2045146,-0.5697964,0.5684649
-0.51452655,-1.2885039,-0.2313116,-0.33371314
1.6328472,-1.4510612,-0.67708755,0.37472627
-1.3759302,0.18055992,0.19775692,-1.6648757
1.691773,0.36665532,-1.3206991,0.96400607
0.80645436,0.113365695,1.7471017,-0.040604763
1.99771,-1.6585455,-0.3648992,0.6544036
2.234869,-0.8767617,0.18145712,0.6861575
1.6768329,-0.07756521,3.242649,1.1403477
0.2850919,-0.6989822,-1.4111949,0.9831924
0.9936435,1.3520423,0.55533516,-0.014179205
0.75318193,-0.32218567,0.28588745,-0.5965217
1.0582594,1.2231712,-0.942397,1.4447883
-1.0431508,-1.0026758,-0.70743823,0.6168252
2.3150482,1.187485,-1.5012124,1.2643675
0.80932647,-0.9294279,0.84403145,0.45970917
0.5332453,-0.6021342,0.69490767,-0.87820053
0.36968085,-1.2744123,0.39920208,1.8768356
-1.2123286,0.2533379,0.14092351,2.2799125
-0.5776165,-0.50417286,0.38584548,0.25903162
0.80168444,-0.835177,0.06453979,0.83206797
0.7591306,-1.3947136,-2.1862423,-0.8347866
0.7853241,0.61887693,-0.883773,-1.2982935
0.030851984,-0.6540998,0.2578793,-1.9752395
1.0770775,-2.1013482,0.36241645,0.96225244
-0.16162138,1.5481435,-0.34218606,1.5617163
-0.5604639,-0.52973145,0.42384452,-0.3322398
0.9831779,0.55017567,-1.1150941,-0.5026792
0.25889376,0.03349145,-0.12700754,-0.38594246
0.56578296,-0.5170505,2.175363,-0.93221694
-0.83189076,1.3221046,0.12693627,1.3511846
-0.98383915,1.3736714,0.8914954,0.49834433
1.5228794,-0.33704007,-0.5232374,0.15461633
0.606431,1.481029,0.71619445,-0.12163806
0.20816177,-0.6388782,0.28403285,0.2664297
0.038444635,2.4731116,2.1502275,-1.6273456
0.48988095,-0.16963217,-0.58215994,-0.83875245
2.0181084,-1.0487667,0.20444228,-0.3977879
0.599875,1.2455766,0.740952,0.347028
1.9227204,0.18433398,-2.0308611,-0.6975394
-2.8139744,1.2376049,-0.6086484,-0.7425757
1.294992,-1.749389,-0.94910586,0.41472366
2.1162457,0.13788292,-1.3528949,-1.0307571
-1.5089946,-2.3897202,0.48722506,0.5731752
-1.0075139,0.86248314,-3.1770043,2.479386
-1.499196,1.0055841,-1.3203317,-0.58478516
0.71267194,-1.6866808,-0.64402163,0.9436441
-0.56735617,-1.3549343,-0.69327426,-1.373428
-0.6881036,0.13560037,-0.5103023,-0.64661175
-1.3906456,-0.33858046,1.8425716,-0.13778427
2.7551844,0.6486233,1.0311785,2.0496476
-2.288831,1.072936,-1.0112494,-0.10569236
-0.79302156,0.5695991,-1.69611,2.0687892
2.0956597,1.6651903,-1.190712,-1.4634607
1.0493109,0.3430771,0.8187871,0.97213155
0.6912212,2.5798638,0.5787817,-1.3125772
-0.66928184,0.64366376,-0.55526745,-0.8689674
-0.358885,-0.033053566,1.3428851,0.5954041
0.6087894,-0.45132184,-1.0607007,0.92223185
1.8153805,-1.0246478,-0.62951475,-0.105187975
0.76304466,-1.5281663,0.32537007,0.9438308
-0.12029955,0.270574,-0.09999835,1.5794754
-0.14227626,0.24110006,-1.3555698,1.8693242
0.07132343,2.454777,0.038621508,0.76081556
0.11822991,-0.68474674,-0.69592065,2.1238697
-0.60320854,1.055238,0.82468647,0.16762611
0.5517134,-1.3980298,-1.077806,-0.1742168
-0.85035187,0.5359949,1.1396899,1.8009962
-1.1150503,-0.4191291,-1.035909,-0.54064363
-0.7531053,-0.094660304,-1.1521298,0.8558069
-0.2487346,-0.89102733,-1.0511506,0.9919052
0.3041435,0.5503979,-0.29541796,0.3638559
0.6745627,1.0757552,0.2072446,-0.6427171
-1.9692947,-0.43529508,0.7325505,1.7120311
-0.9292379,0.15654379,0.27050108,0.89267296
1.3171996,1.2069007,-0.49595398,0.89593893
-0.008392414,-1.5562701,1.1941592,0.7291497
2.1999457,-0.029510757,-0.79955477,1.1975285
0.5415435,-1.5701315,-1.394391,-0.19986142
1.4775875,1.2373929,0.06442916,1.4130102
0.84429395,-0.82922417,-2.4409804,-0.36782143
1.2899779,0.9845278,0.8336803,-1.8379877
0.9331865,-1.016781,-1.4885064,2.0855193
-0.4873523,-0.32570028,1.3213198,-0.26142284
0.7012108,1.8791388,1.3033338,-1.6574029
0.98557925,1.7657528,-0.29619437,-1.0576837
0.67291677,-1.3817637,-2.2242856,-0.5462663
-1.6540666,-1.6966254,-0.8379961,-0.89236665
0.5399108,-0.94201934,-0.10521739,-1.1294466
-1.144411,-1.7793806,0.6868008,0.90335715
0.26771057,1.190541,1.3733859,-1.7526225
-0.20771335,-1.854801,0.63939655,-0.8689422
2.3748553,1.858293,0.09475838,-0.6599131
-1.8036642,-2.4178145,0.41350085,0.9306245
0.0688784,-0.6393787,-1.166465,0.32502759
-0.5797101,0.6440144,0.31541276,0.011478085
-0.075804465,-1.8639779,-0.5371277,0.8685965
0.85506696,-0.4998526,1.6689188,1.2833064
1.8529363,0.022225507,1.210085,0.69056106
-0.2955927,1.8416197,-2.7213588,-0.13197458
-2.149377,-1.1463884,-1.4968108,-0.9455296
2.0358,0.6988452,0.71161693,-0.4176136
0.26398948,0.280737,1.8539152,-0.34792688
-0.9246749,-0.2711532,-0.45749283,-0.48853162
-0.48984447,-0.81513566,1.0264356,0.08440463
-1.2629124,0.9320442,0.3788039,-1.1701432
0.6390789,-2.27016,-2.1879373,1.4256082
1.3290272,1.4552013,0.9836611,1.4565471
-1.0263635,-1.6623662,-0.96963847,0.8708496
0.34901923,-1.8546017,1.3446434,-2.0585983
-0.4619806,1.3264539,1.2563149,-1.048961
0.5313793,-1.3478026,1.372951,0.19115455
-0.7208421,0.34812525,1.4790097,0.4227534
-1.5049233,0.97294444,0.94652885,-0.27763385
1.1517028,-0.74719846,1.2192277,0.12790968
0.6347125,1.5090802,0.75706166,0.50420403
-0.68611413,1.1626979,-0.388391,-0.45602885
-1.1610911,1.210566,0.5403989,0.8596977
0.68959546,0.43110657,-0.8746926,-0.36804536
-0.07001792,0.32585666,0.6038562,1.433776
-1.1734965,0.19549249,-1.4941884,1.0257008
-0.2307603,0.10144829,-1.255855,-0.08972476
-0.24653175,1.5145156,-1.8018177,-0.83614206
0.2512606,-0.12321106,1.4696314,-0.15749916
-1.3929152,-0.045252256,0.8022294,0.38765693
1.051753,-1.0559597,1.1317914,0.5411026
-1.1004224,0.47097188,1.8412889,2.1079457
0.14323263,-0.8576831,0.85352856,1.0867589
0.8554484,0.20004524,0.44924214,-1.7311922
0.5600296,-1.6764377,-1.1824,-0.4427053
-0.27399796,1.3322157,-1.6425043,0.13973272
-2.0973299,0.81656814,0.45082104,1.01529
0.32173488,1.032226,0.85268444,0.033583127
1.3089098,-1.0505599,0.94772434,-0.5148142
0.12032138,0.4372789,0.5097012,0.10637544
1.5754478,-0.90922886,-0.5859667,-0.059228722
-0.24358842,-0.84755546,0.4119115,1.1982449
0.26295188,-1.2133216,-1.3168763,-2.4475358
-0.10028207,-0.3623203,-1.1633426,-1.2974093
0.20045838,1.316859,0.4900119,1.6959844
1.5088638,-0.104823284,1.9976535,0.44567782
-1.6959207,0.8922656,0.92797273,-0.28413814
-0.11726095,-0.045880806,-1.8139352,1.207219
-1.0833176,0.657041,0.64627504,0.55986077
1.8328719,-0.62385666,-1.8013479,1.8524745
-0.27058876,-0.035314664,-0.6770584,-1.0840275
-0.47986272,-0.4955883,-0.08034948,-0.8783249
0.38273624,0.58587813,-1.9089147,0.98916996
0.9807314,0.031770203,-1.185483,0.81617856
-0.5742143,-0.29109967,0.5894699,1.7387806
0.8284513,0.69760746,-0.9018272,1.2260561
-1.7669634,0.7611101,-0.57696766,0.5841422
-0.37243888,1.0481728,-1.4382919,-0.66675335
-0.9746829,-0.12791423,0.8733385,-0.2673715
-0.11823441,-0.71915114,0.49133033,-0.864773
-1.2514343,0.26035553,-0.8272316,-1.4537165
-1.8565495,-1.3017752,-0.49443677,-1.1173004
-0.10711373,-1.855636,-0.3586087,1.261548
-0.8383015,-0.58766204,2.016285,1.9093059
1.6170942,1.4984908,-0.0684147,-1.3457144
0.48441926,-1.0640771,-1.4534997,-1.3544935
1.2950665,-0.63288385,1.1915786,-0.66481405
0.5942587,1.311972,0.5903294,1.0720001
0.22487384,1.5103052,0.5300527,-0.5903887
1.314255,-0.3659678,-1.2628367,-1.1637746
-1.1585898,-0.25493982,-1.4387906,-0.08831924
-0.9643791,-1.3056165,1.2736833,-1.3092699
-0.57841486,-1.6753416,1.4173938,-0.22317414
-0.39794114,-0.38657317,-0.3293387,-0.22936587
-1.547677,0.9597343,0.99671817,0.89842737
-1.2790178,1.1328797,-1.3456244,0.9486253
-1.1487064,-0.08863535,-1.6156831,-0.008655386
1.3369815,-1.6114159,1.5074174,-1.6253287
-0.0915018,-0.42485407,0.483862,-1.0174524
-1.0766978,-1.1428225,2.1912456,-0.29686624
0.49680975,0.6080856,-0.68648505,0.70801467
-0.9194255,2.462703,-0.035710383,2.081154
0.38835093,0.6175951,0.532285,0.05697272
1.456168,0.9379171,0.033213597,-0.78468204
-0.54189193,-0.41432053,-0.45768204,0.7505735
0.14757068,0.0979039,1.9199134,0.12547131
1.0727053,-0.32338053,-0.2953884,2.0729668
0.53792703,-0.13365933,-0.7210661,0.86402893
0.76406336,-0.77765423,-2.8159099,0.1644468
-0.66336,-0.15948302,-1.0974505,-0.94468284
0.2073378,1.0528493,0.9511357,-0.73144627
0.35489553,1.0380114,-1.5164555,-0.14742082
-0.4696748,0.5338746,-0.39658225,0.06753567
1.081593,1.4648967,0.29885584,-2.1196203
-0.40878397,-0.5392082,1.5036143,0.021011157
-0.3100349,1.3820636,-0.7476795,1.4872344
-1.3691607,-0.20021233,-0.46737692,-0.2991803
-0.6190501,-0.38685697,1.3245767,-0.7248273
-0.39305788,1.2789177,-0.49063283,-0.886208
-1.5974903,1.1410714,-1.310449,1.9246492
-1.0416726,1.0092266,-0.1463772,-0.6584978
0.033495855,-0.7576595,0.67138,-1.0720614
0.58096886,0.87183034,-0.25504526,0.4212686
0.71022695,-0.5706698,-1.1008551,2.221989
-1.2999765,0.28702363,-0.85173386,-0.6301179
-1.3236624,0.6311597,-2.3782234,0.29327348
1.3289162,0.70786476,0.7560186,0.17871907
-1.8044747,-0.7771325,0.48340663,0.0062418147
-0.6610143,-0.49274048,-1.2785472,1.0411587
-0.25416222,-0.28324077,0.8764031,-1.8836462
-0.6794306,-0.6913812,-1.2772003,0.1561925
-0.41413683,-0.8608783,-1.8581456,0.42489365
1.237007,-0.46113878,0.21642986,0.7105962
-0.05294922,-1.2230049,-0.8544672,0.24439083
-0.020276655,1.2823558,0.44078115,1.3302027
0.9584432,2.194476,0.24078481,-2.2302608
0.18728001,-0.99522954,1.1544558,-0.78123295
1.1871889,0.86751425,1.346966,1.7262253
0.3221646,1.4495996,1.9726351,0.31583917
-1.102027,1.8388556,-0.5060715,-0.57937694
-1.2747616,-1.2785527,-0.30210808,-1.1799647
1.6796454,-3.2960243,-0.506485,-0.7746043
-0.7014838,-1.1525662,0.97611046,1.2218541
0.76758236,-0.414986,-0.75641686,0.90423983
-1.2810738,-0.10064958,-0.67528677,0.00339561
0.8522595,0.47973594,-1.7900057,0.09114012
-0.6903224,-0.60855025,0.45503512,-1.966399
1.451918,0.5355893,-0.63906586,1.3762231
0.0050901542,1.7334546,-0.28401545,-0.59263223
-0.7110062,1.980809,-0.12949704,0.74415225
0.39282995,1.3263324,-0.04917633,2.0392835
-0.9330247,-2.1455193,0.07274726,-1.3858871
0.49366304,0.61777705,0.85896903,0.5990896
0.22441646,-2.2410748,-0.43196264,2.0168064
0.10374933,0.036682654,1.0056981,1.7673451
-0.9006051,-1.7034544,0.22636043,0.48482892
0.30728543,-0.26328564,1.8197665,0.3807547
-0.76087,0.07876134,1.0884324,1.2924019
-3.2941163,1.4857419,1.1234462,-0.19997543
0.48850363,0.52478194,1.8765969,0.19780618
-1.0702411,0.16230185,-1.1034077,-0.15127596
-0.34921226,0.30578777,0.83714706,1.6957742
2.0416236,0.5525848,0.7050719,-0.90110517
-1.8236713,0.7197741,0.6892326,0.6551672
-0.52360785,-0.31427044,0.14929019,-2.2941377
-1.0897104,-0.18884744,-1.2813238,-2.0264702
-0.17598863,0.96451336,1.089935,-2.2440877
-0.7753584,-0.010550442,-1.4801172,-0.31717113
-0.9636062,0.3434409,-0.9546932,0.2054902
-0.39941123,1.242152,-0.9931466,0.42657107
1.5050063,-0.085693024,-1.1784729,0.4218064
1.8013074,2.121356,-1.3617834,-0.8250386
-0.00874441,-0.22415721,-0.8523752,-0.29410148
1.1563343,-1.4771713,-1.2586704,0.9428577
-0.12335747,0.93031865,-0.6114526,0.83187574
-0.7413087,1.8536325,0.24709111,0.19341321
-1.2811576,2.066951,-1.543545,2.0908272
-1.451333,-0.2748952,1.9796145,-0.5651234
-0.88671494,-0.6336177,1.1872584,-0.8762423
1.6873912,2.0102942,1.7750721,1.4804745
-0.5761392,-0.51447725,0.14705268,0.70022476
0.85513693,1.7413505,-0.2969896,2.5941029
0.08462371,-1.7662183,-0.9240155,1.1863178
-0.16810502,2.1807923,1.0611488,1.7064449
0.30270076,0.31641734,-0.06447015,0.010610512
-2.5764537,-0.63645065,1.1899045,1.3482122
0.564573,-1.1654135,-0.7622106,-0.83380455
-1.7969477,-1.3360763,-0.37592557,-1.5801817
-0.00032235103,0.8764933,1.2554551,1.3008736
-1.6012479,0.5088853,0.6362873,-1.9419296
0.049391337,-0.07363593,-1.9386748,-1.7110751
-1.1296039,0.79849714,-0.5648412,-1.6962155
1.4944699,-1.4034474,-2.5688946,0.8903362
0.08368777,0.19164488,0.97599703,-1.059499
-0.55568355,-1.1479219,0.88679415,1.2906289
-0.6656006,0.14813164,-1.6746107,0.16892947
2.6647942,1.2917407,0.70737946,-0.703457
-1.2831815,2.493469,1.0350038,0.549213
1.4375455,0.016263418,-0.3221042,-1.545774
0.61255187,1.6913352,1.1289741,-1.2302804
-0.49873042,0.71842855,1.467926,-1.0184482
0.038150545,-1.6945966,-0.3095137,-1.2928411
0.7512318,-1.1998849,1.2150524,1.2719373
0.65074444,1.2210503,-1.5218148,0.18665059
0.12941219,0.57297933,-0.81003773,2.345105
0.94978184,-0.22744171,0.1646342,0.5795808
-0.46024185,1.6470158,0.04405187,-0.67873234
0.9979449,1.7494825,1.8114319,0.07214193
-0.577748,-0.22927654,-0.12760057,1.7142123
-1.1174867,-1.2309086,1.0956308,1.1445525
1.8133565,-0.07495541,-0.9475702,2.081484
0.105442256,0.013374609,-0.41981158,-0.4366462
-2.769523,-0.52955514,-0.26887763,-0.46716192
0.7379408,-0.16020252,-1.4889865,-1.2038713
-0.53776413,0.8189426,0.71096236,0.71910053
0.0143449325,0.93810093,-0.7342898,-0.15816936
2.1463716,-0.26241124,-0.6442918,0.5575132
-1.2896872,0.53252274,1.778889,-1.9035995
0.0133470185,0.5772166,1.0194297,1.9236861
-0.7737379,-0.2594349,-1.0795633,-2.0089402
0.12585567,0.0018747094,-0.942688,1.3313385
0.2923381,-0.58417565,0.45852536,0.5886078
-1.1439729,0.545091,-0.5669992,-1.3329724
-0.8983612,0.049160555,-0.04473791,-1.0202421
1.4900438,0.5479885,-0.02320084,2.2155612
0.5047627,-1.4259509,0.62253845,0.77285117
0.06200246,0.9518703,-0.66346556,-1.954791
0.41974273,1.3108672,0.69182134,-1.4605545
-1.1712173,-0.21568103,0.7021026,-1.6927847
-0.48619407,-0.22812602,1.1105775,0.65697926
-1.4601108,-0.8299651,0.23438597,-1.1274382
-0.2684711,-0.28631583,2.1750386,0.21973994
0.13071603,-0.09428183,-0.43480286,0.32124183
1.2994543,1.5913426,0.6004928,2.0509522
-0.45383918,-0.60781854,0.6187343,1.4148607
0.3798746,1.0466334,0.8118005,-0.44474
-0.24193035,0.12531742,-0.086670674,-0.10958364
-1.8357345,-0.88798994,1.2002093,0.15013205
-0.38548645,-2.4445786,-0.4985065,1.8990076
-0.12233751,-1.045356,1.6919676,-1.3285419
-1.2681439,0.04433587,1.8765825,-0.20620805
1.3912531,0.16899824,0.5410067,-1.1896076
-1.5797404,1.5935735,0.4614675,-0.31193367
1.0141757,1.2182478,-1.180791,0.24598
1.9688092,-1.9898808,0.45494854,-1.2148055
0.605085,0.96156436,0.7095269,-0.42118368
-0.549179,-2.2903636,-0.121945,-0.05818301
0.6160746,-2.1589413,-0.8015837,-0.18190916
1.6605434,-0.0752283,-0.72592896,2.224102
0.06845388,-0.5526845,-1.0442619,-1.2180421
-0.023154918,-0.19980243,0.13323556,-0.21777865
0.016652834,-0.4443246,-1.227758,-0.14751804
1.104601,1.3959675,1.1992908,0.119210005
-0.040868506,0.319377,-1.1902403,0.4634375
0.07432747,1.8489206,0.8471636,0.56176883
-0.75876856,1.9463265,-0.7566696,0.5901294
0.2920736,-0.49829602,-1.1103323,-0.123278
-0.963708,-0.77363455,2.0023527,1.2948953
0.65186787,-1.2995883,-1.1770272,-0.35957474
0.16458763,1.5168797,1.9868958,2.0447037
0.54931694,-0.66708183,0.9596596,-0.20442797
0.67306864,-0.84632564,0.98932153,0.27062944
1.3027885,-1.6977478,0.46390525,-0.10001908
0.668439,-0.6985784,1.2713687,-1.3222221
-0.46885073,-1.5707713,-1.3870293,-0.15826152
-0.8360387,-0.5045084,0.09210981,0.44871363
1.6319493,-0.020383181,-0.20494498,-0.23823468
0.4294714,-0.37125468,-1.2765319,-0.18554349
-0.36440295,2.100496,-1.590712,0.5590554
-0.9461707,0.8930046,-0.53654075,-0.80885726
0.10840538,-0.6171614,0.061296776,-1.2922089
1.4629633,-0.77361685,0.6115351,1.2620006
-0.4179287,-0.016199566,-0.15578276,0.71015304
0.75749505,-0.058101535,1.1368214,-0.2211129
0.005297625,0.6161663,0.8469733,1.5331507
-1.1319208,1.2827832,-0.30095154,-0.073617764
-1.1612707,-1.243367,0.5460506,-0.2119704
-1.857013,0.7161878,-0.7164302,-0.5726436
-0.20205367,-0.0007128537,-0.684847,-0.90022045
0.05432922,-0.5490398,-1.4667556,-0.20617816
-0.7914954,0.7792157,-1.4880701,0.11997088
-1.4675214,0.24666134,-0.39828613,0.016516399
-0.9666598,0.25338927,1.0514535,0.8041618
-2.3480988,0.85233694,-0.22272848,0.65858555
0.30795726,1.6114565,-1.5743203,-0.40490195
-0.2647687,-1.0131321,-0.44241253,1.2430966
1.615502,-1.7149146,-0.7857022,1.0326072
-0.372874,-0.73047245,1.2376654,-0.20776843
-0.94037485,0.42956024,-0.95836914,-0.0803727
1.4945579,-0.5136448,0.2540659,-0.84824985
1.0724353,0.031066285,-0.8260198,0.72793436
-0.43651283,1.0938303,0.033160076,0.044992812
0.912068,0.9183248,0.7108253,0.41560483
0.8313211,-0.1286611,1.0089896,-0.85358846
-0.2636849,-0.2438469,-0.5176894,1.8385983
-1.7382438,0.758032,-0.1936165,-0.66543674
-1.8137476,0.7948033,1.6251825,0.4371409
1.3623699,0.23812109,-0.052461714,0.12465489
-0.5147213,-0.10115722,-0.3161125,0.9059133
-0.01882878,0.22248009,0.5709002,-1.4448295
1.4072268,0.9802694,-1.1595715,0.6061611
0.87572545,0.017382093,-1.228834,0.5583074
-0.2529756,-1.4366091,0.76789504,2.0044656
0.20839356,-1.0352668,-0.66586334,0.46449313
-1.3097295,0.81635505,0.60627556,0.28622487
-0.9137013,1.0827305,-1.7985111,1.2180325
1.1289998,0.16172835,-0.90970176,-1.7207621
0.43811432,0.25427708,-0.1331426,0.25530896
0.9620165,0.8917638,0.07354831,0.8895284
-0.8393035,0.5103582,1.2722092,-0.80962324
0.13150005,0.8319817,1.517671,-0.9790209
0.31027558,0.48697674,-2.2926216,0.45944938
-0.3728356,0.7473986,-1.7248831,-0.9674823
1.2130467,-1.116426,-1.2094994,0.6931107
1.6939244,-1.2855258,-1.1282519,-0.7244694
-0.8343868,1.713168,-1.0958967,-2.0125296
0.21760681,1.5617362,0.538857,-0.030760601
-1.2973232,0.8846635,0.6375845,0.64322644
1.2751951,-1.3141873,-0.94718355,1.2146114
-0.72250324,0.08536585,0.47223264,-0.57317424
-1.7486557,-0.4356958,1.658178,1.2475592
-1.091183,0.65353805,-1.6234255,0.29880553
-0.10851874,-0.7676145,0.3457702,1.0963949
0.6709474,0.43335146,-0.96458256,-0.44085124
-0.8696735,1.1869947,-1.1104659,-0.45625722
-0.47359538,-1.4616582,-0.5658005,-0.43107015
0.9409784,-0.40286413,1.1713747,-1.6582679
-1.0968057,-1.4644206,-0.041926023,1.0788378
-1.1248808,0.66350186,-0.3612853,1.5034362
0.2094457,-0.3230441,1.1979992,-0.37576672
-2.1409953,1.1081411,0.8085423,1.4928137
-1.7539388,-1.1204749,-0.9679624,-1.9174004
1.192041,-0.47340617,1.1766871,-1.7066687
1.0954345,-1.7280262,-0.6546019,0.4478054
0.63259524,0.73037845,0.8727261,0.7393299
-0.04216035,-0.9363972,0.18080886,0.30376485
-0.39583644,0.06555903,1.6533747,0.7985464
-0.6100354,-0.41634697,-0.9815118,-1.3511199
0.3077548,1.3949751,1.2472491,1.086819
-0.3197498,-1.9941313,-0.75979924,-0.39208478
1.1208878,0.20531505,-1.3964368,-0.3177039
1.457573,0.6831932,0.26743266,0.8207406
1.6492274,-1.6334102,0.11357636,1.017872
1.4634166,2.6491358,0.41509336,-1.7682849
0.63918775,-1.5411851,-0.8491874,-0.6377991
-2.4183109,-0.8350226,-1.6006414,0.056744855
-0.25212708,0.054175094,-0.22920305,0.68861216
0.59593856,1.3436247,-1.7384802,-2.042511
0.9729941,-0.44339147,-0.3394375,0.5320402
-0.9663745,-0.6282563,1.2846684,-1.0248938
2.0952551,1.1980534,-0.8397475,-0.866744
1.9771998,-0.21493953,-0.39671066,0.30093518
-0.26945108,0.5048172,0.75562155,-1.0004804
0.5486546,0.24022691,0.80583954,1.4036112
-2.0657303,1.2001396,-1.3428092,1.090761
0.8861183,-1.9922677,-1.9040933,-1.1649866
2.2941022,-0.85005856,-0.75010663,0.6494692
0.6467597,1.2831938,1.8050013,0.06039874
1.0169674,-0.5922001,1.0395004,1.2274802
-0.84631675,0.95059776,-0.13561147,-1.0574255
-0.86964417,0.26514062,0.11248801,-0.43324047
-0.44675374,-1.0432428,1.5227102,-0.7149451
-1.3022916,-0.74538136,-1.0534497,2.1389143
0.18579255,-0.47507453,-0.4661134,-2.0327694
1.379743,-1.2728066,2.5787725,-0.30057436
1.0049801,1.4140933,-1.4530575,0.082370214
2.241862,-0.37485436,-0.41036144,0.39442965
1.3866832,-1.1632527,-1.1790935,0.19852038
0.04896413,-0.5605077,-0.15890491,1.0928324
0.8811304,-1.264933,-0.4075695,0.5707848
2.5030363,-0.3115002,0.8945787,-1.4290371
0.7372229,-0.9333817,0.49838004,-0.90527827
-0.73788625,1.435243,-0.98522395,-0.8024935
1.8813778,1.9257333,0.5977577,0.52818215
0.3850838,2.7261894,1.2916358,-1.2380158
-0.85645,-1.4245126,0.63824594,-0.8635167
0.5765239,-1.2271273,-1.1018386,0.16126154
0.9475564,-1.3347646,-0.20111904,0.013296175
1.3935362,0.8922156,-0.59676933,0.6967218
0.714086,-1.5062798,0.5691803,-0.17669404
0.35217494,1.7403849,-0.2466637,-0.7571736
1.2362186,-0.8209361,-1.4452568,0.35084143
-0.7594717,-0.28276405,-0.19522807,0.63423395
0.88767946,-2.3040838,0.5164879,1.5916662
-0.6638829,1.8292261,0.75408846,1.299188
-0.9594666,0.06653824,0.3538719,0.49059007
0.7440345,-1.1812736,0.63872194,-0.06667272
0.21906266,0.6111659,1.3215463,-0.80829144
0.4807298,0.66064334,-1.8658481,0.46141633
-0.698237,-1.8085893,-0.4820777,-0.825953
-0.24232168,0.069435835,-0.7687249,0.6040038
-0.6146073,-1.6291544,-0.7327047,-0.7599096
-1.4125104,0.7489624,-0.41477036,1.3937674
-1.6089619,-1.279552,-1.7261971,1.0707659
2.6986957,-0.032269515,0.5022364,0.12296369
0.68843734,-0.1904585,-1.497255,1.3292058
0.90817875,-0.60764974,-0.87288004,1.2894294
-1.8424726,1.4921111,-2.6147423,-1.515248
-1.6274718,-1.6797836,1.0232879,-0.28331318
-0.47355485,0.9641089,-1.6226953,-0.61417687
0.968335,-1.0057677,-0.10504737,-1.5026734
0.08305582,-1.1020255,0.59776044,0.7407348
1.1743863,-0.47800496,-0.65100926,-0.6678669
0.36115012,1.2680559,-0.40454528,-1.5983181
0.8525033,0.19839768,-1.289308,-0.59980947
0.588755,-0.87249535,1.5378562,0.20754154
-1.6258583,1.0507549,1.5237037,-1.4447078
-0.94461995,1.3214464,0.092936076,-1.8196326
1.146045,1.1693683,-1.2281629,1.1348113
1.9007858,-0.6088725,1.1140523,0.72959507
-1.6113427,-1.4218907,0.3474532,-0.37274066
-0.73615265,-0.05824796,1.1373369,-0.55999714
-0.65939,0.070675775,-2.2393408,-1.0070975
-0.3069878,1.0308006,0.09331429,-1.5260708
-0.83052003,-1.1592795,0.14672537,-0.56256866
0.73670024,0.83691245,1.6656615,2.1107922
-0.0067096846,-0.66465026,-0.7596866,0.44448772
0.11555158,-0.66442263,-1.3930339,0.14729974
1.2913198,0.88898784,0.6339371,0.21779491
0.0033248127,0.90514284,-0.50216657,-1.568677
0.4357088,-0.45072532,-2.0170646,-0.9021393
0.9015387,-0.5396334,-0.0023642955,0.6198569
1.2762327,0.8527574,0.018019874,1.4187607
-0.22298941,0.6754125,0.63551897,-0.7216977
0.11475847,1.3001076,-2.3633208,0.16899109
1.1711906,-0.8050322,-2.5014212,1.0346519
1.3264501,-0.7566934,-0.8490755,-0.42982066
0.56608605,-0.4950924,0.5817918,-0.25869787
0.98859113,-0.38078794,0.75692934,-1.0597335
0.58297604,-2.611392,0.54091126,0.8502877
-0.95502365,-1.0955772,-1.2242109,-0.2146485
-1.5972089,-1.2923301,1.9752715,-0.9053278
1.2481111,0.88607854,0.06271067,0.73585707
-0.3256738,0.22414678,-1.4074004,-2.1004076
1.3356222,-1.885466,-0.16255386,-0.04780269
1.145371,-1.9977336,1.1633569,-0.73924065
0.5222279,0.86830425,-1.189208,-0.36627734
0.9949594,-1.4759637,-0.77725804,-1.1145039
-1.5032794,1.5441585,-1.2029368,0.6989496
0.2959414,1.2445978,-1.0463167,-0.34823847
-0.81735057,0.19099973,0.30571777,1.1764663
0.79736876,-1.5645711,-2.3464682,1.7276018
-0.2876822,2.0729766,0.5469375,2.5478654
-0.81479454,0.14095566,0.42525867,-1.096732
1.6423856,2.4030273,-0.9531617,0.89630026
3.16445,1.361714,-0.547357,-0.44069007
0.7756363,-3.0774448,-0.09409233,0.14905433
-1.5552454,0.105354704,0.3243361,1.5445256
1.9135782,-0.018296966,-0.17038628,1.7489321
-0.44375956,-0.78300136,0.80681014,-0.8279549
-0.4630765,-0.349476,0.23778346,-0.40624416
1.5722126,0.9897717,-1.3771743,0.83569026
-0.9831014,1.1736102,-1.775186,-1.2024316
1.4959623,-1.2665691,0.6005387,-1.9582027
0.9121501,1.485647,1.2557428,0.041418426
0.7647457,-0.9265063,-0.398033,0.47230586
1.6787136,-0.7485779,-1.3886402,-0.1186199
-0.776037,1.7031164,0.8533606,1.4127874
-0.22564021,-0.54878813,0.3130845,0.9526747
-1.1380409,-0.57269776,0.4353716,-1.230738
1.3297626,0.5549037,0.95574015,-0.84293777
-1.7681084,0.4508492,-0.23711681,0.22741014
-1.7413784,-0.5989494,0.60354155,-0.35419667
-1.2187365,-0.25851837,-0.06120246,-1.3678945
1.1096586,-0.98705673,0.65382296,-1.6623299
-1.0617521,-0.27655017,0.32467696,-0.9724419
-0.5009707,-2.110824,1.5346074,-0.31982332
1.457517,-0.963597,1.3252871,1.1719788
0.12267449,-1.2940342,-0.11495867,0.62893254
0.29991457,1.6969721,-0.61721265,0.83871466
0.8606458,0.17282191,-0.07873452,-0.7771655
-0.54847467,0.27371225,0.8123335,-1.6188835
0.40060383,-2.1797593,-0.206247,-0.11610436
-0.61114246,-2.2601469,0.4159024,1.1031007
-0.6172901,-1.4393071,0.5342963,0.2778939
1.2782164,-1.1913537,-0.30492586,-0.78145266
-0.7231354,-0.030924112,0.05459033,0.83049667
-0.7076041,1.3181055,1.2726573,0.22467443
0.822415,0.0789194,0.36456522,-0.030247504
-1.2083814,1.0019828,1.0182205,0.37100476
1.1698227,0.33943114,1.549596,-1.3322068
-0.2635285,0.88644475,1.5864147,-0.94262415
-1.8473752,-0.8218593,0.31276423,0.5135892
0.3457956,0.014320828,0.2361314,-1.1343902
0.13679537,-0.1434448,1.1806189,0.82850415
1.3277262,1.1333152,1.5964841,0.23210374
0.27279246,0.61052203,-0.126098,0.25332308
-1.4224825,-0.8853738,-1.5985775,1.2786185
-1.9721416,-0.03239889,2.1414616,2.9991832
1.1863288,1.1523404,0.1824227,0.23211391
-0.95686096,0.119622804,1.2315184,-1.4013608
-1.4719874,-1.0535905,1.3982375,1.7560501
1.4463052,0.31686082,0.6812931,-2.5408864
-1.3215214,0.15375853,-0.14171094,-0.24422868
-0.17177776,-0.04947873,0.4168629,-0.7758265
0.63408345,-0.06599082,-0.96000105,0.209726
-1.4332223,-0.004471548,0.7719394,-0.50659794
-0.49251467,-0.9298808,-0.99257696,-0.10927358
1.5818466,-0.2146765,-1.6690927,-0.12710966
-0.19099075,1.3950671,-0.64516217,0.7542355
0.7559477,0.39583308,1.8263935,-1.0912424
-0.89507675,-0.7823798,-2.051305,-0.98720217
0.0635397,-0.5171744,-2.1216886,0.1811447
-1.0719333,-0.4371814,-0.18738985,-1.0121992
-1.2201331,1.0503467,-0.19446193,-1.7281364
-0.08224415,2.3375463,1.1314626,0.28562516
0.73511624,0.7114417,2.2910087,-0.38230968
-0.36931208,0.4755835,0.8407208,0.828735
-0.87893844,0.061357945,-0.98091495,-2.4877563
-0.2795965,0.11474733,-1.0500891,2.1171057
1.3167822,-0.075763665,1.0699232,0.63839805
-0.6780072,0.53024054,0.2304523,0.75969076
0.9620331,0.34297732,-0.38843846,1.069643
-0.32034466,0.99102116,0.73553085,-0.07077036
-2.2335036,0.30441102,-1.7497535,-0.9220435
0.5491944,0.58331674,0.5843743,0.71318454
-1.6233883,-1.5156204,1.2316002,0.084232576
-0.29019436,-0.7675935,0.9904586,0.049223013
0.025325242,-0.7656808,-0.199093,0.19835816
0.484958,0.31152013,1.8767985,-0.55098593
-0.77839184,-2.5729618,-0.64455366,1.4494764
0.41493362,-1.2736559,0.80119944,-0.9399886
2.3893735,-1.2051553,-0.15835562,0.30738094
-2.7181568,-1.1340168,0.3884776,-0.5174291
0.13174994,-0.6755706,-0.056961887,-0.9167615
1.4921705,0.35664487,-1.6325881,1.6179938
1.1995937,-1.4812909,1.3325595,0.4233929
0.80670625,0.81789535,-1.1868036,0.8367923
0.8161819,-1.8431869,-0.88302654,-0.61380446
-1.8303605,-0.685543,1.1770889,1.1170496
0.30016547,-0.8580244,-1.8219597,1.0447972
0.18892644,0.6564196,1.069708,-1.6114544
-0.25826088,-0.22452854,0.8406857,0.64330435
1.2029979,0.2305495,-0.257869,0.6337782
-1.765942,-1.262002,-1.5688695,-0.83500457
-0.76894796,-0.3253364,-0.005206912,0.9346964
2.2124639,-1.0955836,0.50404817,0.58044904
0.17584656,0.4589937,-0.70143336,0.59806144
0.8352052,-0.73520464,0.046383165,-1.0789417
1.2335935,-1.0052633,-1.7307829,0.85893965
1.3594593,-0.6208375,-0.90421754,-0.060280345
0.045725815,-0.07329281,0.3355753,-1.2322819
-0.80020446,0.2993061,0.6669396,-0.034650728
-0.83705395,-0.5675995,-1.1932955,-0.3631483
-0.21425182,-0.2642444,-0.5719761,-0.38942638
0.9150981,0.992217,-1.2439611,-0.6732149
0.96851665,0.14505345,1.1865336,-1.3081824
-2.537962,-0.7972999,0.27025646,0.6885531
-0.5021338,0.23809692,-0.9614844,-0.5912046
-1.3705394,1.4575317,0.114917845,2.0436952
-0.20764343,-0.029557591,1.2136093,-0.14497332
-0.74825525,0.3225229,-0.34412888,0.066992044
0.20417629,0.3330112,-0.11325805,1.6683378
-0.9134514,0.47410402,1.4664665,1.6895173
-0.50831187,-0.9414189,0.7128627,-0.074945174
0.27608913,-0.46889442,-0.71594596,-1.1290205
-1.3426173,0.88448817,-0.3839179,1.0375391
-0.6386217,1.0683166,-0.2707128,-1.5834581
1.3483164,0.05472175,1.4379036,0.33815393
0.22102079,-0.59001386,-0.33471316,1.3981575
1.0734799,0.627328,-1.0933844,0.8424383
-0.5642762,0.13991122,1.6051819,0.9787528
1.2911905,-1.4426131,2.5478575,-1.7043732
-2.0709038,0.41222194,-1.0628037,-0.16663542
0.5467881,-0.22179703,0.7661344,-1.712357
-1.8452715,0.44635096,1.8321296,0.26708508
0.398756,0.386365,0.109905995,0.42880073
2.396203,-1.7898821,-0.63438076,1.1193557
0.95745355,-1.070037,0.52985656,0.93543357
3.4944859,-0.95809674,-0.40695137,-1.7461449
-1.0760131,0.83557546,-2.0123782,-1.1437889
0.48792374,0.7683955,0.9386645,1.9822171
-0.35418403,-1.4486132,-0.8122924,-0.40960726
-0.50931114,-0.012946907,-2.6752956,0.0017368237
-0.7834894,-0.9465097,1.2019416,1.1709406
-0.5440163,-0.5049294,-1.4613708,0.52587146
-0.80987155,-0.6306489,-0.22082475,2.4873488
-1.4543581,-0.9210978,0.69545907,-0.24860165
-0.76749617,-0.81264365,0.5807793,-0.71050644
-1.3753934,-1.4592985,2.225501,1.3271811
1.0333909,0.7356807,1.4949766,0.9455386
0.3518634,-0.9874207,-1.2513912,0.8146556
-0.64485455,-0.63957816,0.9951704,1.5454334
0.9111532,-0.087078705,1.9315629,1.9415076
0.7859022,0.619084,0.8264428,1.6658118
-1.7879632,0.8761212,1.1919129,0.90817344
0.617205,-2.2155173,0.81693685,0.20686932
-0.62724644,1.5163954,0.06887966,0.041352704
0.198852,-1.0935781,1.8639594,-1.0155369
1.6307384,1.8677597,-0.11858045,-1.2191304
1.0968066,-0.8141039,0.7896384,0.78323233
-0.6409178,1.036413,1.8950452,1.0655084
1.7052124,0.8264125,0.74320877,-0.7830137
-0.46156707,-0.3202885,2.2977688,0.05755056
-1.8589102,2.4902856,-0.72323346,0.624344
-1.2792451,1.6547211,0.8184244,-0.7754839
0.41482607,-1.951424,0.20153946,1.1564915
0.29408157,-1.3421324,-0.78878653,0.32824805
0.18497676,-1.9147747,0.76919276,0.3056187
-0.040703353,-1.020267,-1.4697986,1.3434273
-0.1379401,-0.11531052,-1.6375037,-1.4726046
0.8567792,0.89376163,1.359354,-0.24704082
1.6855456,0.7385007,-0.3939251,-0.7162496
-0.12759347,2.3554893,-0.6087663,0.42402855
1.3473995,0.33210406,-0.29746994,1.3983572
-0.25096613,1.0078231,1.7045325,1.004554
-0.6481663,-1.3773654,0.39526606,0.05899867
0.33637094,-0.56757283,0.27450383,-1.3780828
-0.22630972,-1.6138633,-0.016389238,0.24617028
-0.26369306,-0.64647746,-2.237745,-1.271003
-0.3796391,0.5593468,-1.7835416,-1.5669178
-0.9594883,-0.81217474,-1.3131976,1.232184
-2.0042775,0.5978311,1.8267729,-1.5627884
1.2862964,-0.5972772,0.6567428,0.3683773
1.7943368,0.05908158,1.5310508,0.4950056
-1.7943226,-0.122263506,1.2912416,-1.5170432
1.3370867,-0.77414435,-0.8035769,-0.7610934
0.31605297,-1.2680668,2.1565845,-1.154056
-0.83592236,1.1079588,-0.8610661,0.4307507
0.1754932,-1.5661999,-0.9720149,0.3037357
-1.1520225,1.3175825,1.085773,-0.19646773
-0.034196027,-0.33474448,-1.0484457,0.45972973
-0.3989179,-1.5254766,0.5842188,-0.25512737
0.25617054,-0.8522429,-0.8139028,0.75069666
-0.5708822,-1.4650095,0.05387566,-1.072425
-0.30433956,-0.7306467,-0.29794693,-0.93366355
0.6928648,0.84603876,-0.2177829,0.3308099
-0.49988034,1.181924,-0.02374357,0.5305012
-2.1696942,0.8998513,-1.2734008,0.2372701
-1.106257,-1.5917495,-0.39912283,0.42578402
-0.16368474,-0.22953202,-1.642462,-0.3182784
0.14717627,-1.1795284,0.28826827,1.4653604
-0.9447587,1.2176006,-2.3074584,-1.8005995
-2.1934617,1.2606264,0.931727,-1.8018228
0.9857589,0.4165629,0.07422792,0.30104718
0.9915361,-0.22298618,0.37586415,-1.1190101
-0.0335115,0.029265888,0.11616805,-0.87227833
0.6912388,-0.56758577,0.80731773,-0.5590954
2.247386,0.39641207,-1.5253379,0.36639124
1.7272762,-0.789887,0.41421738,-0.18972737
0.51255566,1.3965448,0.0025978792,1.2081909
0.79435986,1.1216038,1.1244638,-0.26188695
-0.99838686,-1.0075098,0.3765599,-0.98680156
1.674389,1.4516903,-0.47300386,-1.1881318
0.58884573,-1.7399473,-0.61140263,-0.038632866
2.5624228,1.0265117,-0.47108307,-0.36472318
-0.7840665,-0.005392898,-1.6126677,-1.7563628
2.6679428,0.82287663,1.6754557,-1.3352135
-1.0392848,-0.43450415,0.90461224,-0.66985446
-2.0243876,-0.8243343,-0.098320276,0.30648163
-1.2188796,2.1769242,-1.5660475,0.18928951
-0.7101997,-0.6827228,0.030589696,1.4901338
0.45433494,1.4030597,0.1752378,0.8455474
0.49810752,1.732076,0.25004914,1.1133684
0.80713105,-1.0525907,1.4248956,-0.9605526
0.98509544,-0.063170984,1.6726124,0.1415359
-1.2050973,0.73961896,0.8216445,-1.743229
-0.26499414,-0.86438674,-0.35319516,0.73977
0.7984365,0.30606467,1.4289012,0.3424255
-1.133997,1.06659,-0.75032955,1.8963228
-2.249506,0.84730226,0.2284489,0.5281892
-0.08286755,-0.123667605,0.45762804,-0.36844438
-0.74738014,0.19436282,0.8522057,-1.0834371
2.2095764,-1.0363033,-1.2769257,0.38718233
-1.6651387,0.3312578,0.97180444,-0.99389786
1.144784,0.7990633,0.64043003,0.9262377
0.38378784,0.22834569,-0.7612215,1.6632891
0.56365055,-1.2479564,-0.31457517,1.306782
1.3351028,0.14194158,0.85181427,0.13083617
-0.19448528,-1.5728229,0.37747183,1.139762
0.2844644,-0.7739076,0.5646745,0.9138212
-0.74238074,1.0192673,-0.14517415,0.08606355
0.31747776,-0.021684082,0.17042911,0.25279105
2.1970172,1.5191635,1.2821876,-0.27244386
0.20861338,0.5242691,0.468991,1.2540628
1.1581475,-0.5512373,1.1541108,-0.5763332
1.5463077,0.6429753,0.5695622,-0.95502573
-1.6736499,-2.5994072,-1.2831838,-1.2798034
-0.23218112,-0.5339436,-0.01815579,-1.7429973
-1.1437231,-1.1938828,2.0700855,0.8567702
-1.4751991,-0.54687154,2.1899366,0.44559392
0.35082024,0.28109357,0.2679691,0.056923755
-0.6829266,-0.59762734,-0.54908705,1.0619235
0.9053114,-0.5372212,-0.867781,0.8282446
-0.2985557,1.9248198,-0.40513083,1.1324042
-0.71257913,-0.29450628,1.4499227,-1.5536515
0.6481318,0.72264695,0.8097891,0.47414842
0.9517779,-0.6331889,-1.4513524,-0.8429095
-1.4904963,0.9475643,0.66094846,-0.13466746
1.6486028,0.93930197,0.39835063,-0.46904543
-0.005883195,-0.9799341,-0.75901574,0.15224543
1.5510898,-0.39748263,1.7841736,-1.4026341
-1.1127528,-0.57293105,-0.11110014,-0.0038577493
-0.5533443,-0.8914363,-0.9074655,-0.20341118
-2.1472173,0.3823936,1.9321663,-1.6930591
-0.35591975,-0.6990985,-0.6843133,-2.4597652
-0.098157026,-1.2009815,0.14733429,0.52912927
0.59236425,-0.51062435,1.5045478,-0.027967572
1.3327165,0.2263922,-1.7809819,-0.85090244
0.34255317,0.18918796,0.4654276,-0.63116455
-0.9817961,2.144407,0.9298287,2.2421086
2.1916556,-0.47384858,0.1478758,1.283757
0.29488325,0.106622,0.28763077,0.7948074
1.9097044,-2.7099907,1.2634156,0.85478336
-0.93896425,-0.3555736,2.5045838,-1.017014
1.3389776,3.7150729,1.2444433,-0.5043407
-1.792126,-1.239155,1.3578012,0.32525814
0.30177188,-0.29143697,1.236233,1.3618213
1.1002479,0.74334747,1.2589607,-0.8983903
-0.84224516,-0.8720852,1.2405707,1.3098406
-1.5706812,0.65398073,0.8817859,1.5677266
1.4234113,-0.538355,0.77309555,-0.33638483
-2.0261657,-0.7921657,-0.11131104,-0.4641095
-0.29110456,-0.17606123,-2.0795345,0.4860428
0.33604756,1.706569,-1.166055,0.93163294
0.77343875,-1.1704688,-1.0025207,0.22951813
1.6874334,-0.98140854,0.9468504,-1.4449136
0.35923523,-0.17320423,-0.9703684,0.91017985
-0.6932108,1.1450276,0.35287583,0.5293384
-0.7962126,0.87645227,0.2224162,-2.10615
0.8010269,-0.29724982,0.8451539,-0.110924534
-0.8701097,-0.8687499,-0.7082056,1.1175369
-0.6634578,0.6071562,1.5388399,0.518874
2.2067623,-0.2683212,-0.11909821,0.80173683
0.66884166,0.15110868,0.31552485,0.6560683
1.212854,-1.4618522,1.3189024,-0.87468356
0.25745448,0.5649153,0.5942713,-0.9815947
-0.3912949,-0.24379955,-1.0216858,0.14812289
1.015014,-1.3864967,0.20209369,-0.771892
-0.22665066,-2.003609,1.3474038,-1.9429283
-0.47972205,1.5374744,0.13997851,0.9553001
-0.757499,-0.5265311,-0.6644338,-0.6079906
-1.7779679,0.7524615,-1.4620354,-0.8690715
-0.030251075,1.3197658,-0.6473881,0.35320002
1.8170338,1.1518172,0.6585624,1.1503664
1.4491713,0.06423881,-2.7385063,-0.015945576
0.4912243,0.5355322,1.0314541,-0.30373517
-1.5365368,1.2044836,0.38597065,1.1169769
0.14204389,-0.94024277,0.20049457,-0.66938806
0.015626326,-0.7288507,0.8178656,-0.34620604
1.7003571,1.238777,1.6532521,-2.0571284
0.37392214,-1.0094808,-0.20584828,-2.3582008
-2.026742,-0.80791426,-1.4515344,2.0058146
1.6854718,-0.23211245,-1.036107,1.0730296
-0.26033983,-0.92039216,-0.92325747,-1.5359659
-0.6646646,0.0018776425,-0.21147528,0.5469388
1.8484396,2.1836298,-0.79040194,0.34404892
-1.0455239,-1.0795033,1.2443132,1.9397864
-2.0544648,-0.2870022,0.053185526,-1.0302265
1.9035721,-1.0981998,0.6074457,1.5877721
-1.0097598,1.7227311,2.726024,-0.46493694
-0.70991194,-0.23653896,2.0770857,-0.12692083
-0.03773058,0.5678301,-2.2542353,-1.1194047
-0.93444866,-1.2348891,-2.0265307,-0.101588115
0.70112276,1.3714043,-0.21690741,-0.81687725
-0.6463182,-0.057154186,1.5907215,-1.3741761
-0.5096734,0.9619405,-0.69211,-0.19275035
-2.3590581,1.0546037,1.1495436,1.5193259
0.34800616,-0.26950428,0.08421448,0.8469669
-0.42275336,-0.69196385,0.502561,-0.71373224
0.38691577,0.8778061,-1.9213256,-0.26125777
-2.0218337,-0.46115378,-1.0483925,1.8794405
-0.96689254,0.95629084,-1.5151162,0.24610192
-0.54539704,0.8808824,1.3976303,0.25717077
1.5665841,-1.1094477,0.87615895,0.49367133
-0.33320597,-1.0659688,0.40926892,-0.85441166
0.86175704,0.028180078,-1.2469732,-0.6209387
0.2611992,-0.07813497,1.1977233,2.642855
0.96499354,-0.91004354,-1.6156713,-0.67611897
-1.2024395,-1.722627,0.7296628,1.042916
0.42130804,0.3176341,1.0554992,1.2466649
1.0987561,1.0105834,0.8363243,0.61396974
-0.08826252,0.756025,0.93284434,0.7997465
0.35584122,-1.077792,-0.30415487,1.7765471
1.2072117,-0.36309496,-2.290196,0.38476747
-1.3352785,-0.97557294,1.5161829,0.93051565
-2.0140483,1.7932146,-0.56992644,-1.0780671
-1.803405,-0.8542456,1.7561398,0.6808179
-0.028601894,-1.3601272,1.4734361,-1.1688308
-0.871804,2.3194203,0.7011139,1.138109
0.6248574,0.3539154,-1.8119702,-1.5310329
-1.1504973,-0.52889526,0.2798199,0.019940933
-0.22500627,0.13788603,0.68788445,-0.14067744
1.0246269,1.1934918,-0.18329056,-1.5846412
-0.53941345,-0.35658276,-0.46712384,-1.2856206
0.113946825,-0.51114213,-0.14054258,-2.456571
1.2969809,-1.1943163,0.61633444,-0.65769166
-0.4724275,1.8523735,-0.93454695,-1.7203199
-0.66304445,-2.540125,1.0853887,0.734566
1.3415859,-0.14867482,0.1585544,-1.8524112
-0.68210644,1.0566131,-0.86719525,0.23916769
2.8809323,1.1604269,1.7178506,-0.81333405
0.47818077,0.46159542,1.400154,-0.055341557
0.53057957,0.2769681,0.73826474,0.05775172
-0.43262798,0.32973304,-0.51444405,2.0465686
0.88424623,-0.4138246,0.7927894,-0.6756317
0.6706141,0.050361134,-1.2302036,1.8754085
-0.35129428,0.4363079,1.199212,-0.084213376
-0.6752077,1.5290997,0.97678375,0.18930502
-0.24003367,0.7114377,-1.1623957,1.0731252
0.24827683,-0.5358629,0.4873937,-1.7412903
1.2186222,-1.9697962,-0.604936,-1.3147553
-0.9903115,2.1157997,-0.2705435,2.1632674
1.1329083,-0.6752829,0.8096523,-0.9804059
0.4620812,0.5100939,0.3174055,-1.5009729
0.4005504,0.97910625,-0.6398631,2.0994055
-0.025640842,1.0244393,-0.63188183,-0.23802444
1.8142236,-1.1205312,-1.1632768,0.56358033
-1.0672909,0.11994255,1.8910182,-1.092334
-1.0239862,-0.78289735,-0.18858458,1.1957889
-1.069238,-0.20445842,0.40754914,-0.16084555
-1.7787236,0.056117542,1.1319625,-0.52279747
-0.8750213,1.0281981,-0.8316741,1.2057941
1.8134066,1.6774545,0.018214913,-1.4222608
-1.3566679,-1.3186271,0.2607726,-0.6675793
1.866379,-1.1750509,0.31828493,0.83170396
1.5526787,1.2960619,2.2599096,-0.6994351
-0.040737063,0.12263831,2.154005,1.6814946
0.42165968,-0.66808045,0.018610332,-0.009971047
-0.99062073,0.5942849,-0.6010431,1.1621832
0.7117059,0.17355156,-1.5637789,1.8867083
-1.5110615,0.5442622,1.5504122,0.51365155
-0.33383635,1.4500427,-0.5083919,1.0808579
-1.9424285,-1.6875225,-0.027658278,-1.0928146
-0.79507947,-1.2888305,0.8584646,1.1004363
-0.64460504,-1.3113046,-2.5757706,-0.0499192
0.7036581,1.0083522,0.35235056,0.8292741
-0.5663418,-1.9199357,-0.7147963,0.35518795
-0.088119894,1.1895043,0.48680827,0.6157967
-0.6501287,-0.605852,0.12112891,1.4081821
-0.23454197,2.5644674,2.6161256,-0.17452289
-0.031564556,-0.6156311,-1.0503742,0.8451413
-0.027262555,-1.0166122,0.6322239,1.0087174
0.420438,1.698156,-0.55180734,-0.09332642
1.2631539,1.9137155,-0.031596687,-0.84352756
0.60190195,1.2169745,-0.6534957,0.35913834
-0.6048001,-0.5139781,-0.34566894,0.25642326
-1.8461233,-0.56661236,-0.8796434,-1.0203304
1.5910628,1.9262611,0.08319762,-0.68828523
1.8653046,-0.4393268,-1.2809333,-0.13465364
0.48304403,-0.049914267,-1.3771511,1.5518298
-1.0303599,0.0143149765,0.5975029,-0.31197453
-3.2843833,0.90070903,-1.4638029,2.027381
1.6078844,0.8541166,0.030293886,1.5258386
1.755477,1.8609707,-1.0973204,1.4207349
0.2041226,-0.7460665,0.38710833,-0.56094044
1.1606604,2.1100216,1.1172982,2.241196
-0.25804946,0.29379737,0.5885551,0.386302
-1.1263589,-1.4742069,-1.4662329,0.0072014104
1.1944426,-0.14860284,-0.69517964,0.0738046
1.0095165,-1.2858754,0.21020664,1.5337594
-1.1206943,0.5227192,0.691145,0.1372171
-1.0121711,1.7672622,0.25909317,-0.06285061
0.6158613,-0.6572627,-0.9175987,-0.9022976
-1.0800608,0.8188256,-1.3573508,-2.494039
-0.80249137,-0.62416565,1.5480639,-0.39918724
-1.340884,-1.1291808,0.32698864,-0.6324367
0.21597184,1.1474195,1.4081067,0.9384145
-1.3712213,-0.117416576,1.8829232,-0.8106878
0.18770243,0.7466276,1.7434158,1.2909706
1.3644125,-0.9779372,-0.272107,-0.73782086
1.0072464,2.042874,0.3607341,0.41350827
-0.87350875,1.2373635,0.30698547,-0.5746271
-0.65176004,0.62781715,0.9849034,-2.3121228
0.22774786,0.2715364,1.2510347,-0.6869418
0.58207494,-0.30004048,1.360872,-0.013311424
0.38468033,0.8148401,-1.6685425,-0.5675098
-0.36215827,0.8500535,-0.78563964,-1.0320524
1.4996437,1.1093131,-0.6895923,0.0026873164
-0.63734984,-1.6508558,0.9418165,2.2860422
-1.0047798,-0.10995916,0.92004997,-0.11391869
-1.3747982,1.3148719,-1.6122708,0.2614233
-1.2133691,-1.512744,-1.1488268,1.5818369
-0.10148373,0.50185305,1.0818596,-0.6822386
1.167318,0.6107517,-1.1779824,-1.2435584
-0.92420036,0.8703414,-0.57565033,3.5224354
-1.6667643,-0.8232006,0.22667049,0.3315591
0.37032688,0.9283634,1.051957,-0.10492017
-0.27379987,-1.3336676,0.36054903,0.8752232
-1.7314494,-2.0208292,-2.3960166,-1.0316008
0.4235675,0.5469265,0.31076774,-0.7711305
-0.15345329,0.643922,-0.6998511,0.3795098
-1.5184861,-2.7592494,-0.60190326,1.1601188
-1.7730888,1.7092236,-0.443511,-0.8934137
-1.2193325,1.4160632,-0.97785616,-2.489651
0.7591293,-2.8562431,0.05766327,-0.76695985
-1.9308578,-0.35341933,-1.8645266,-1.9904217
-0.04402642,-0.34513214,0.012959067,-0.59861827
1.2567002,-0.2480446,-0.05495369,1.269136
0.97115237,-1.0766857,0.3579313,-1.2401502
0.7441934,0.40303716,1.1243346,1.0556989
-1.3104057,1.5173963,1.68823,-1.56468
1.0441414,0.8453982,1.4217155,-1.3757137
1.2457142,0.28001714,-1.1989017,-1.0985363
-1.2454634,-1.149188,0.15130486,-0.37005174
-1.4680865,0.77156454,1.5669736,-0.5273712
0.6963514,-1.0565779,-1.252122,-0.5173761
0.76380575,-1.3291438,-0.8057012,-0.91138875
1.019703,-0.066379614,0.63715255,0.26329514
0.16970886,-2.4634125,-0.36242747,-1.7563294
2.1141455,-2.0101023,0.37918144,-1.5691901
1.1725554,1.2663523,0.9646651,-1.2738259
-1.2503952,0.40183854,-0.8489566,2.4793131
0.20965776,0.6915137,0.81273264,-1.2517325
-2.975066,-0.51422924,0.034401033,0.9877798
-1.4162781,0.41788152,0.034614958,0.12333321
0.25706825,1.3939402,0.32065913,-0.79476506
0.12652084,1.8178211,-0.13363372,1.1015159
0.13588782,0.20084694,-1.6976831,0.74564296
1.8166558,0.96881616,-1.1343421,-0.012988607
-0.46708173,-0.8375226,0.5622743,-1.1560386
1.5123705,-0.5259503,0.7273223,0.2672918
0.38734278,1.2392613,0.7972718,0.16099565
0.3833158,-1.3888497,-0.5022159,-1.3579295
-1.701554,-0.07420422,-1.3461373,-1.6165627
1.9062724,-0.05503638,-2.1050699,-0.9009423
-1.2328227,-1.1332086,0.19083793,-0.15194857
1.0611238,0.27707052,-1.1030223,-1.1798908
-0.47868675,0.96767336,-0.22876008,-0.2181306
-0.96653056,-1.3820833,0.39526135,0.9453403
-0.0029148264,-0.029425062,0.6610398,-0.43882385
-1.3350352,2.0963707,-0.91867006,-1.2132896
0.7402971,-0.15839155,1.0417143,0.4298038
-1.1464097,0.11072121,1.860151,0.60584635
0.21787949,1.5911741,-0.13157123,-0.08227427
0.21470372,0.80700785,-0.6677476,2.2108204
-0.06805705,0.31162727,-0.24337256,1.0893137
-0.59604603,-0.5939055,1.1609888,-1.1167969
0.21922547,-0.9693648,0.45603144,-0.4469335
0.8344174,-0.39878795,-1.6782936,-1.3471713
-1.5939767,-0.44769847,0.6312975,1.0008668
1.6064875,0.2881022,-1.1194526,-0.38865352
-1.0818527,0.7914462,-1.8332288,0.1577251
-0.3787237,0.6242008,1.9594312,1.8723009
1.0751437,0.3317085,0.13959758,-0.15307099
-0.06401555,-1.517743,-0.4382825,0.12768379
-2.571029,-0.8934451,-1.5029228,1.9817449
0.9189735,-1.7725885,1.2176602,-0.2536763
1.9245329,1.1532949,-0.061409283,-2.0723264
-1.7533318,-1.1079688,-1.1611892,-1.4698546
1.1236854,-1.7488872,-0.37002608,1.5157872
0.19604197,-1.305759,0.2603568,-1.4036372
1.8428398,-0.12584496,0.022782307,0.8014096
0.5122836,-2.437837,0.8229931,-0.85282123
0.49529237,0.28169185,0.35792676,0.22378251
-0.43675426,1.3795942,-1.5687865,0.97360677
1.8706921,0.35614407,-0.615862,0.16075401
1.3447592,0.0352368,0.3467841,0.8056602
-0.4402891,-0.49773148,-2.0195804,0.7267102
1.4750155,0.38332593,-0.7064392,-0.031268504
-0.3366127,-0.699167,0.24335271,1.0572205
-1.3205309,0.649856,1.9830819,1.3343017
0.2635389,-0.1016097,-0.5637308,0.035491005
1.9535922,-0.242461,1.4570994,0.5467795
-0.6574831,-1.4200902,0.5970282,0.78453165
2.3006315,-1.2535512,0.257367,0.8610254
1.2621856,0.3829238,-1.1376258,1.6415428
-1.7069316,-0.79167044,-0.13752815,0.2145608
0.5810255,1.098496,-1.4157326,-0.45455787
-0.023934485,-0.9218004,-2.1839697,-0.26268926
1.1113731,-0.7392896,1.0195819,0.7972344
-1.0431323,0.23271732,-0.785057,-0.80188835
1.2843391,1.7135826,-2.3022485,-0.46607128
0.4829113,-0.32703644,1.3928205,-1.719347
-0.07089048,-1.6898167,-0.63567996,0.6499753
0.19933732,-1.941895,0.34172344,-0.43083045
0.85303646,0.09520354,-0.024006033,0.36100096
1.4795018,-0.70595837,-0.43477786,-0.23347497
0.3377456,-0.36045873,0.22168982,2.476924
0.10993784,0.19125271,-2.2475035,-0.015714988
0.89668,-1.0289226,1.8865992,-2.0105999
2.1269999,-2.3495178,-1.9857469,-0.6244735
0.41599447,0.38018134,-0.10263787,-1.3087635
0.4343802,-0.9025824,-0.51333416,0.6068217
-0.28206104,0.6845762,-0.14547743,-0.27708605
0.9946388,0.29847437,-0.6434051,0.95089865
1.0927975,-1.1561446,-0.6341783,-0.8857764
1.2842255,1.6288512,1.6798034,0.8141383
-1.0922042,0.67600244,0.81460744,-0.8305392
0.8576982,-0.049409594,0.06076353,-1.1793785
-0.9098237,0.60488325,-0.4688136,0.30427045
-1.2608405,1.0977771,0.24126354,1.11867
0.8630939,-0.11665376,-0.25733927,1.5678093
1.463864,-0.5392096,-2.4255245,-1.6755487
0.5847542,-1.4986067,-0.14153251,0.9829153
-1.1362053,0.6780073,0.50914764,-0.06778243
-0.4092983,0.18465991,-1.091435,-1.6389035
-0.91020143,-2.6066818,0.10941064,1.2230268
-0.91953146,1.3324151,0.0066771614,-1.0521855
-2.2493186,-0.42633855,1.1082896,1.4128262
1.711033,1.6716788,1.4837714,1.8014938
-0.98415476,1.1768615,-0.19078052,0.55236065
2.053684,-1.0747325,-1.8170747,0.2425495
-0.91139567,1.0942596,0.1929011,-0.048111487
0.76529306,-1.2454146,-1.461954,0.04090118
0.43927452,-0.3597428,0.2346875,0.41642118
-0.037115607,1.7025476,0.6279824,-0.29283437
-1.6646589,1.6778848,-0.7285306,0.23969598
-0.82930017,0.18646868,0.18349794,1.1548252
-0.5117511,-0.8201349,0.85325944,1.2297451
0.6803692,2.0609515,-0.13670258,-0.9718964
-0.9102976,0.87589175,-0.10050851,-0.005168734
1.0407901,-0.6057014,-0.78466135,1.6727986
-0.6042797,-0.856651,-1.3447406,-2.1810074
1.7545537,0.24101785,-0.44304135,1.0449349
-0.5307215,-0.19522357,0.7048962,0.72818756
0.5446684,-0.29294586,2.308377,0.7331723
-0.07630885,0.6660828,0.43789512,0.3545941
-2.0528057,0.63064444,-0.068572514,-0.8331756
-2.0795367,-0.8912952,-0.9679111,-0.8414915
-1.3552238,1.0743222,-1.0334034,-1.3652844
1.4693493,-0.92578757,-1.4878513,-1.8278736
2.5443852,-0.1847965,-1.1753274,0.664112
-1.9262303,0.52778506,-0.08901576,1.3043653
-0.08390278,1.0425001,0.6589652,0.48456746
-0.5594128,-0.36579198,-0.6974456,-1.1035604
-0.21916677,-1.5625973,0.65794176,0.67239225
-0.31264874,1.0610466,-1.4921056,-1.0340191
0.91438603,1.4429991,-1.6082835,-0.36509266
-1.5697219,-1.4792955,0.31327575,0.44457072
-0.5031595,-1.8335816,-0.2522091,0.48288962
0.071709596,0.23547302,-1.4083602,1.1915013
-0.9198162,0.49458924,1.2210442,1.7140634
1.2896315,-0.24879436,-1.4376123,1.5137069
-0.85031945,0.45238775,2.3981528,0.047025193
-0.3660233,0.8596813,0.76602083,-0.14563246
-1.475599,0.26142645,0.7277203,1.1601741
0.27399597,-0.11755214,-0.45841223,-0.27253997
-0.5871283,-1.0855355,-1.2039046,2.0399687
-1.3874577,0.08004388,-1.3749996,0.28074694
-0.86357147,0.890654,-1.313459,-0.6794006
-1.3181645,2.1943028,1.6039834,-0.5894497
-0.1263133,-0.26594457,-0.7490083,0.79315674
1.0137931,0.2055668,1.3149745,-0.42942968
0.27038622,-1.1517658,-0.62005365,-0.7238189
-1.8774457,-0.9887207,0.5377689,1.3461396
-0.9033321,0.24920759,-0.07405128,0.5950168
-0.5274093,1.6247038,-0.96263015,-0.30839008
1.649663,0.30071685,0.046124093,-0.5002123
-0.6107906,0.9789127,-1.2619035,1.2777334
-1.8015741,-2.9490466,-1.236073,-1.4452502
-0.6347309,1.5427854,1.7027403,-0.075399645
1.1122103,-0.21150233,0.597357,-0.12489574
-0.88430065,1.8325056,-0.10771786,1.1346569
1.7829566,-0.10719798,-1.6344088,-0.2548142
1.3090693,-1.7790935,-0.7491623,1.4758354
-0.25832382,0.5363137,-0.96642774,-0.28025103
0.33969164,-0.90509,-0.2854925,-0.3944864
1.6046455,0.5839404,1.7071159,1.317293
-1.5642296,-1.5592457,-1.3852346,1.7600296
-0.15692785,-0.69297224,0.1282295,-1.9619251
1.355076,0.9879285,1.9978781,-0.10706658
0.7482518,0.89937806,-1.4225332,-0.8635907
-1.0785254,1.2429407,-0.06443995,0.7064989
0.7590196,0.07899173,-2.4967358,1.8249229
0.21026602,-0.85599023,1.3455566,-0.870581
0.44158962,-1.4280378,-0.7637429,-0.0018328658
-1.0041137,2.3976264,0.44053417,1.0768311
1.1141117,-0.35094103,-0.19190855,-1.1346679
-1.0090586,-0.6629115,1.0181141,-1.129623
-2.1647258,-0.5846272,-1.9078679,-1.3393325
0.59171814,0.4513019,-0.6015837,0.9105945
-0.33562213,1.3707926,-0.19168098,-0.5119915
1.6934028,-0.5405332,0.47723648,0.90080816
1.1590331,-1.8245858,-2.0168192,1.453745
1.8375131,0.08711822,0.963021,0.5377057
0.046438586,0.24660178,0.7812015,1.3594391
0.9227086,-0.0970281,1.678757,-0.731261
-0.2754644,-0.2886518,-1.141643,-0.2096741
0.24036464,0.3935373,0.21672186,-1.1448908
0.6400807,-0.7845198,-0.18190743,-0.79522675
0.7779839,-0.57159436,1.4225067,0.5675957
0.9038159,-2.133532,-0.12410388,0.0004932644
-0.18782069,-0.8328288,0.015832074,-0.99559075
-1.1687349,0.9511642,0.04445878,-0.29239035
-0.83527684,-0.6774637,1.2878038,0.09857377
-0.603424,-0.22491623,-0.35425207,-0.57598037
0.9027789,0.45354727,-0.8175217,-0.004093422
-1.2307092,-0.28161502,1.0304027,-0.36036378
0.3470135,-0.67124516,0.6375872,-0.23891862
-1.4287164,-1.103594,1.2089884,0.30097914
0.18794467,0.078725435,-0.5860179,0.32274532
2.1597571,-0.6777404,-0.67995065,-0.15854022
0.08423823,0.84377444,0.42636043,-1.5012426
-1.1234864,-1.356632,2.250337,0.17776236
-0.519451,1.566456,-1.3666635,-0.5816801
-0.338193,1.1320858,1.2111214,-1.2044295
1.1215458,1.3876325,-0.20974348,-0.03647154
0.72560173,-1.4621464,-0.3713825,-0.93071616
-0.9735405,-0.46383578,1.8485475,-0.9167031
-0.2685421,1.2382054,-0.08149127,1.529429
-0.21144234,0.68280923,0.47111395,0.6990617
0.1588182,-0.93999475,0.70768875,0.13871887
-0.871659,0.5925895,-1.1747844,1.2022071
-1.0965225,-0.33403057,1.3693954,0.18952112
-1.9934013,0.04029971,0.5537061,1.2660431
-0.86299306,-0.5307152,-0.95279837,1.6629373
0.51854557,-0.31385952,1.2181526,0.0037470947
-0.055223074,-1.1627415,0.6950737,-2.5500627
0.54536986,2.3295565,1.3978527,2.365527
1.1196244,-0.8802651,-0.9998633,-1.4455286
0.12886116,1.4122496,-1.6262629,-1.4932809
-0.81227124,-0.69042647,-1.8829849,0.3246581
0.109923884,-1.2879944,0.3750935,-0.81763655
-0.1056141,-0.27620727,-0.6964758,-0.1710497
1.0990002,0.1770206,-1.1271828,1.5367564
1.3882703,-0.062528804,-0.52753824,-0.14152128
-0.7011295,0.18634431,0.3607632,-1.9459432
-0.3343448,0.12639992,-0.8301195,0.39106557
-0.6005062,-0.02190867,-0.4453597,0.45558757
-0.7203914,-0.8431486,-2.1709943,-0.75621706
1.2500612,1.5151883,-0.33934855,0.83906573
1.0467436,1.235119,0.7812552,0.5707894
1.1758306,0.8813282,0.66655934,-0.21054597
-1.8014134,1.2023897,-0.6829997,0.09829352
0.8831086,0.35303208,-0.12540655,-1.2981029
0.24935156,-1.8299211,-2.4441998,-0.983066
-1.4603679,-0.9795569,-0.6618705,1.093708
0.4391383,-1.7372887,1.2156216,2.1835184
1.1752497,1.5915633,-0.8986341,-2.0016513
0.023437459,1.457163,0.18010435,1.1374022
-2.099397,0.8536155,0.85740113,0.94430566
-2.2948146,-0.5537223,-1.2263293,2.0198865
0.793123,-0.9636244,-0.22162944,1.3521769
1.8439167,0.6487979,1.7208027,-0.124229945
-1.0827792,-0.5720814,2.038392,0.26509196
1.0589371,-1.5549935,1.2707298,-1.0382425
-1.1355054,-0.92234784,-0.97547287,0.21125601
-0.22749922,0.5674395,1.7627916,-0.19236024
-0.05624903,2.165764,-0.8268217,0.21691322
1.7661333,-2.130493,0.49191245,1.1802002
0.33206344,0.6580893,0.8705011,0.7829584
1.9011008,2.1435077,0.3804509,0.11820329
1.9830459,-0.5415265,-0.26263684,-0.13489328
-0.33039343,-0.94807833,2.081434,-0.72408265
-0.16462263,-1.7186111,0.79049605,1.1167715
-0.44745097,-0.7617454,0.9430703,0.8986229
-0.67897964,0.021027539,-1.8770225,0.42956656
-0.6058224,1.6395701,0.58782005,0.8794833
-0.7295293,0.021004433,-0.20500667,0.88568485
0.92028075,-1.6090654,0.7391201,0.92663425
0.4034548,-0.7458964,1.7221161,-0.58040196
-1.0076478,-1.5586213,0.577877,-1.1741227
0.8862309,-0.94841385,-0.42478037,0.6506414
0.79112357,0.16846678,-0.6971758,1.0527631
0.45676276,-0.027710801,-1.0558175,0.8921717
-0.30431265,0.30468807,-1.1205435,1.7542969
0.8265696,0.28114396,1.9684333,1.5101134
1.3149468,1.6945118,0.26586866,-1.0707347
-0.012678672,-0.4886219,-1.2106413,0.06253383
0.20029636,-0.9580158,0.1412059,-0.35035884
0.34008297,1.514576,-0.83827555,-0.3103635
-0.83065003,-0.5729989,-1.0313202,0.7338313
-0.8741805,0.68064404,0.80679697,0.24166332
-1.2405692,0.0083315205,-1.4309912,0.28548184
0.55570793,0.2739011,0.83937055,-0.2894257
0.2536202,0.41678983,0.35729674,0.95349735
0.5738407,-1.0730426,1.5979353,-1.3000487
0.10140418,-0.85827535,-0.42867467,-0.6043104
-0.6363555,0.7635896,-1.5349247,0.51183224
0.932957,1.2210118,-0.36270154,0.5699913
0.62858796,1.173321,1.1443886,0.0019938974
0.52930725,-0.4965354,-2.8651555,0.9481614
-1.3060712,-0.018665045,0.13608046,-1.3399454
1.3491156,1.825189,0.558893,0.9335108
0.6674557,-1.0416197,1.6379536,-0.5309612
-0.17970912,-1.8050926,-0.7053407,1.4768087
-0.46536145,-0.35986796,2.0908332,-0.2635054
1.438883,-1.4675556,0.537956,-0.31092206
0.08856904,-1.0858059,-2.017246,0.38302726
-0.12527367,0.80590993,0.35123673,-0.21173945
-0.11537755,-0.9784868,0.93615127,0.92466086
0.66319776,-0.7748051,-1.8304362,-0.67220753
0.3098366,2.3951807,0.56261283,0.63394815
-0.39578497,0.063472524,0.30987898,0.48324713
-0.4114079,1.630255,-0.37336963,1.9953301
-1.3953595,-1.5630326,-1.7090137,0.46597964
0.5076952,0.3269484,-0.18555914,0.41474432
-2.5134404,0.6553169,-0.32565755,-0.45523083
1.1855583,-0.56378084,-0.69839925,-1.5263367
-1.3517932,-1.0457473,-0.21119538,1.1036999
-0.2213899,-0.35398266,-1.0121887,-0.78853965
0.26754394,0.7689911,-0.6730079,0.5019669
-1.1254735,-0.090387605,-1.6861994,1.3219999
0.6976286,-0.8650625,1.6602348,-0.04382055
-0.4562611,0.3350489,-1.0833884,-1.1761901
2.2237737,1.6200379,-1.0999445,1.387442
-0.35642356,2.0048423,-0.124746285,0.7793046
-0.9066317,-0.42510992,0.64571625,-1.1526724
-0.3184955,-1.0005319,0.3949559,0.40930197
0.14367858,0.5607387,-1.0673963,-0.44480217
-1.1875148,-0.7887559,0.48254055,0.22804353
0.09798558,1.1632953,-2.8376398,0.44534445
0.012857646,-1.6810018,-1.0066266,-1.5207006
-1.4330326,0.13221225,1.8893842,-2.0871713
-0.34108448,-0.059560083,-0.64694,1.0477958
-0.023558272,0.015517089,0.4579653,0.9724686
2.1775794,-0.0030892016,-0.80380976,-0.3619422
0.27512443,1.1860927,-2.3409364,1.0242238
-1.5065137,-0.8441165,-0.31129715,0.9281669
1.8587885,0.7030708,0.13356212,0.24237467
-0.82178736,-1.0235561,-0.037878834,0.72822016
-0.18520275,0.6571712,-0.04609401,-1.5341281
-0.5565907,-0.16285884,-1.4156983,1.7302669
0.040731665,0.3675136,0.046315663,2.01747
1.5047972,1.0851226,2.797259,-0.4982124
0.529526,-0.09268512,-1.9462452,1.0481403
-0.21818121,0.40984184,0.6910854,1.7613595
0.4034781,0.957364,-1.88731,1.0245165
-0.38952348,-1.3987417,-0.17671463,0.9769481
0.959594,-0.49872538,0.10904794,1.0332007
0.444711,1.0695854,1.3217654,2.012417
1.9558533,-1.0396391,-0.99072665,-0.27113256
-0.31800747,0.2804905,1.2470958,-0.660352
-1.1904334,0.2753958,0.5629296,1.3858218
0.48510122,0.36979258,-0.6833728,1.0057865
0.98662764,-0.30978855,-1.0624021,0.31104866
0.74148834,1.4121115,-0.9768278,0.15628667
-0.035416875,0.53615135,-0.031735912,-1.5680112
-1.8761792,-0.25620326,-0.90510315,-0.07281176
1.6982819,-0.5889879,-0.4295804,-0.74146444
1.5948159,-1.3808371,-1.2395046,-0.74417746
-0.4870518,1.0822837,-0.78375316,-2.0223525
1.9684197,0.06940106,0.109930515,1.8165562
0.7784785,0.84898144,0.70748687,-1.2394173
-0.03600096,0.17543831,-0.7175814,1.3608252
-2.3456757,1.5636182,-1.0441093,-1.1013157
1.1356995,0.8062176,-0.8433121,-0.7343686
-0.66262627,-0.694854,2.3014977,-0.2111601
0.8370991,0.7267849,-1.4913293,-0.43255678
0.09566173,-0.3724968,0.74360925,-0.7905262
-1.6600986,1.7662972,-0.61034584,0.92589337
1.3320506,1.1944978,1.1562319,-1.5927397
-0.20297132,1.2397542,1.1486739,-1.0964475
0.5686002,2.5021212,-2.016105,-0.975624
0.5343522,0.66306335,1.4513843,-0.3987291
0.761873,2.4790146,0.5877765,-0.9862894
1.7923735,-1.0879208,2.5256424,-1.232892
-0.8655064,-1.7427635,-0.20212497,-1.130217
1.474123,-0.8055519,0.61302674,0.920293
1.1035904,-0.0074011814,-1.9378138,0.16566642
2.1551218,-0.1636297,2.5415406,1.4797213
0.16752106,-0.6490654,0.727564,0.3918066
0.6446982,-0.876472,-0.29682073,0.6594525
1.5941097,0.054617234,-1.428269,-0.33102083
1.0149769,0.0615948,-0.30571502,-2.3839614
1.3276297,-1.1361415,1.3709047,1.8279812
0.27793458,1.0699269,1.5519788,0.042927034
-0.19008774,0.5115221,-1.0695293,-0.39443138
1.2553456,0.65661156,-1.2243221,-1.7804387
-1.5669404,0.07783994,-1.8735816,0.9159179
-2.1665938,-0.60202235,-0.21027513,1.4887125
1.8932756,0.018786533,1.6333303,-0.5130322
-0.403996,0.4641299,-0.16146111,-1.9459835
-1.0205736,0.62669986,0.42326483,-1.0450724
0.6582871,-0.89979535,-0.06506401,-3.0241063
-0.4436186,-1.0964111,-0.32911244,0.5816676
0.06908142,0.34194937,0.09831743,-0.13026536
-1.8688359,0.748512,-1.2742842,1.6289767
0.7894788,-1.056373,1.1633512,0.30541754
0.23306854,1.4566396,-0.7989171,-0.32967553
-0.3916257,-0.3398325,0.8543918,0.09064706
-1.663936,-1.4541746,1.0340186,0.16638473
1.5552138,0.7457512,0.50094277,0.16509779
0.36536026,-0.6989292,0.9637618,-0.24051161
-0.67792255,-1.0807289,-0.736561,-0.16839316
1.2939634,-2.194222,0.72101676,0.23336533
-0.60419893,0.57253814,-0.16024709,-1.987129
-0.5269228,-0.1300952,-2.184932,-0.1589866
2.6943784,-1.2517253,-0.33428988,-0.23909801
0.780576,-0.08889414,1.7792819,-0.029659094
0.28342143,-0.12142739,0.48455638,1.3919511
-1.5158204,0.94629216,-0.10213313,1.7627507
-0.4661226,1.4197439,-0.026789593,-1.1656299
0.53057915,1.7067338,-2.3236983,1.8324412
0.3717004,-1.2360687,1.6319513,1.1131722
-1.3453004,-0.17222239,-2.4303458,0.1569845
-0.57373214,-0.6825679,-0.051505294,1.3697494
0.7203664,0.2901302,0.0067115803,-1.1767511
0.16462304,-0.6761384,0.3004667,-0.1011708
0.8770697,0.13708815,-0.7197431,-0.6880833
-0.18619995,0.8404587,1.2006644,0.53409165
-1.6777565,1.7534066,-1.6129714,-0.30480307
-0.15711309,-0.22220846,0.021728048,0.5795029
-0.46344957,-1.4748291,-0.40243658,0.18111232
-1.0719638,1.1799062,0.25586668,-1.6646094
-1.4758105,-1.6899107,1.6487817,0.80583537
0.10153642,-0.17660856,-1.813619,-0.24828903
-0.2174765,-0.5745648,1.4081899,1.8014588
2.7850537,-1.1791617,-1.072901,0.31340733
-0.41209856,0.22100429,1.3534583,-1.1626266
-2.10373,0.6452052,0.5196903,-0.47416252
1.3558341,0.557358,-0.26091766,-2.1371894
-1.6589016,2.0190136,1.2437625,-0.5354385
0.90282124,0.6408357,-0.39287752,-2.3885896
1.7215558,-0.16291106,-0.9121371,0.22884937
0.32204017,2.2742136,-0.6217673,-1.4670641
-1.7178952,-0.8356196,0.38806793,-1.4282018
1.2402087,1.6899801,0.2662483,-1.4570477
0.024446957,0.9196318,-0.7501,-0.010936942
0.2749153,2.0269964,1.2165567,-2.015041
1.034938,-0.856113,0.061072502,1.0738355
-0.24382824,0.75274897,1.762794,1.3964182
1.0122443,0.90755475,1.5122122,1.6722634
-0.88294363,1.3717127,0.8781391,-1.3143636
-1.1576931,-1.7361441,1.309149,1.3152199
0.8330485,-0.21423669,-1.4438342,-0.94822836
-0.023350714,1.5061166,1.1351969,1.7665558
0.33904374,0.11766833,-0.48265147,1.0804955
-0.24968916,-0.32953954,2.579681,-0.23236789
-0.66266453,-1.037999,0.66272014,-0.7597139
0.29478636,-1.2018415,1.0182723,-1.2507896
-1.5614623,0.6649875,-1.5730261,-1.1420115
1.509645,1.1198151,1.6301026,-1.0207027
-0.016509091,-1.3042523,0.052534193,-1.1273392
0.08864955,0.76384526,-0.97740865,0.8857085
0.18848674,-0.92299056,2.8698843,1.7475346
-0.4030367,-1.3559711,-0.5796631,-1.8611153
1.3061419,-0.70094573,-1.5072956,0.7047344
1.1912667,-0.03436049,1.3246629,-0.5077299
1.7102344,0.6546335,-0.12649605,0.71951526
1.1917914,0.9858797,0.24553467,-0.48471996
-1.6261941,1.3349266,1.5357726,0.20045997
-1.0344968,0.172884,0.4018667,1.2606456
0.31705827,0.7955872,-1.8931843,2.145885
1.669642,-0.93964154,0.25119928,-1.7887555
-1.3641254,-0.3349318,1.034225,1.263938
-0.5949496,-1.2307112,0.058222923,1.9271364
1.1324133,-0.7933897,-2.1778886,-0.37031046
1.1636122,0.70588875,0.85159963,-1.2914294
-1.6406615,0.24317704,0.0806636,-0.727289
1.4665488,0.08121932,0.25470877,-1.45995
-0.17012286,-1.1036338,-0.9904812,-1.5690702
-1.514425,-0.23376735,0.8348663,-0.31043878
-0.0067033977,-0.76794946,0.2415801,-0.82875144
0.24748078,0.44930768,-1.3356308,0.7933653
0.9665387,0.37320012,1.1380764,-0.09064996
-0.13006836,1.1138992,-1.3662373,-0.5292265
-2.527227,0.8504365,1.4926033,-1.9216032
0.31843957,-0.27603763,1.1847007,-1.5832527
-1.6366453,1.2645893,-1.813803,-1.2684672
0.19905116,0.35200942,-1.3978076,-0.48352316
1.2428163,0.453661,-1.8165833,0.13882388
-1.066934,-0.9228713,1.1951896,-0.106981486
1.4173062,0.2227118,0.3552877,1.2696185
-0.35977566,1.9713322,-0.60056305,-1.3329023
0.53500545,0.57370186,1.6342542,-1.4320335
1.6162665,0.79116714,-1.271688,-1.0860506
-0.3363676,0.22978267,-1.1511353,-1.9828984
0.07310459,-0.2710739,1.8049569,-0.14966963
-0.015060161,1.2030886,-0.43590388,0.48145378
-0.15508619,-1.2347528,1.1925157,-0.06559737
-1.2775115,-0.54224586,1.434109,-0.77361876
1.5091108,-1.6772432,-1.5324548,0.3207571
1.9873455,2.1001368,-0.0804836,0.035922322
-0.79855305,-0.58934015,-1.362392,-0.048227306
0.94600815,0.62068266,-2.1239634,-1.1760721
1.2160174,-1.6838797,0.0051527056,2.119847
-0.33308467,1.291613,-1.1268932,1.2389144
-1.037365,0.43402824,-0.092551805,0.22355068
0.3185434,0.6976322,-0.6859176,0.6300981
-1.2635372,-0.33127946,-1.3474411,0.6952457
0.21673177,1.1715378,0.35834238,-1.7551514
1.6813945,0.5353432,1.0840524,0.09673901
1.4182074,-0.2584307,0.27005282,-0.5118956
-0.12738778,-0.69524336,0.53398126,0.95027083
-0.50642246,0.20233138,-1.2222537,0.5322792
-0.13160492,-0.7022184,-0.6512727,-1.2005856
0.25140616,0.16933715,-1.5824401,0.56213826
0.6158512,-2.1511846,-1.5057683,1.2232487
-1.7411216,0.017215876,-0.25401205,0.612333
-1.2184107,0.7799592,-0.16602507,0.097822286
1.0635883,0.6415426,2.1177528,-0.7272818
0.70838004,0.058642935,2.2140296,-1.3858019
-1.3680463,0.8237858,1.9654814,1.2168746
1.41924,0.67663467,-0.42556825,-0.39034903
-0.8472337,0.7155907,0.47910798,0.4864306
0.05976756,0.97731346,-0.46767792,-1.7827787
-1.1297858,-1.0553142,-1.0011898,-0.06632109
-1.4647846,-1.201924,-1.2141516,-0.37308183
2.2947772,-1.1472583,-0.3363496,0.41108263
0.06676409,1.9683871,-0.7146095,1.2036506
-1.3538259,0.71529746,-1.114892,1.8682907
-0.9841445,-1.6049145,-0.5925091,1.048426
0.18270318,1.3126888,-1.2118275,0.55138105
0.93151623,-1.9592181,0.083863854,1.3262198
-0.6160701,0.42322126,0.8774968,-0.2737011
-0.15561324,0.5085705,0.6187681,0.24788928
0.41472533,-0.07125144,-1.771609,-0.14081225
-0.3043888,-0.034515623,-1.933536,0.7247644
-1.1407421,-2.5794828,-0.43201408,1.7282873
0.6770139,-1.5481669,-0.8304826,-0.86308354
1.3904551,2.2916248,-0.8683659,0.22784948
-0.24146025,-0.9540772,0.4803001,-0.6872189
1.5739313,0.4236252,0.91560674,0.07771257
0.51395154,-1.4599016,-1.6102461,0.90186507
-0.27866894,0.2424907,-1.0670917,1.7633462
-0.6381535,2.8854585,0.66282433,0.7789085
-1.6453656,-0.44337505,-0.95220757,0.27931732
-0.47425482,-0.83402205,1.0612746,-0.85742444
-1.3634465,-0.5549709,1.2232411,0.42701992
0.89610046,-0.56391156,0.46368787,-0.60184216
-0.90944254,1.1125731,-1.6502011,-0.71434957
0.6357924,0.03157915,-1.10703,0.17463161
-1.0146312,0.9932534,-0.62449825,-1.3066796
2.0177996,1.3831265,2.8139584,1.7278955
-0.12485342,0.34177503,1.0044559,1.2592171
0.7288104,0.22525442,-1.449416,0.8737846
0.37675577,-0.06909571,-0.7344261,1.5324512
-0.09745674,0.42091882,-0.70754373,-1.6149467
1.0086151,0.80070156,-0.92086643,1.0657007
-1.5704529,0.5003702,-0.10684281,0.8070697
0.083365045,0.045860056,-0.71880466,1.8778015
0.16060656,0.16990522,1.4680827,1.3734766
1.2503476,-0.9759609,-1.4799997,1.7327869
-0.93620366,-1.7579262,-0.29796,-0.78572124
1.6167032,-0.84987825,-1.1333961,-0.5585999
-0.6938625,-0.9401976,0.40786412,0.39424017
0.45219162,0.00013530314,1.054856,0.54795873
0.75553685,-0.44706538,1.281662,-0.34148824
1.4023066,-0.5972143,-1.5919821,-1.790903
0.067963704,1.0993761,-1.2631829,0.13551952
1.2508417,-0.48833025,-0.21999477,-0.41857126
2.421141,0.70493305,-1.1400145,-0.1537319
2.7144444,-1.2994398,-1.6937742,-0.040577892
1.1527926,-1.2668895,-1.1987803,1.0639126
0.6625011,-0.90196496,-1.125018,0.2679821
-1.0382432,1.0929829,0.7372494,-0.084700964
0.24618083,0.9777715,-0.82954895,1.2365639
-0.91778547,-1.3560619,1.2130198,1.6195604
-0.50818896,-1.4098763,-0.70071924,1.601011
0.17344283,0.30889806,-2.1149993,-0.10343136
1.0700018,-1.7006818,1.7579464,-1.7933706
0.3906123,0.013735339,-1.6079117,-0.53236383
1.1654228,0.20222747,0.79222065,-2.482074
-0.03588813,0.87590873,-1.1874583,-0.36235413
0.61242765,-0.39060402,0.05293991,2.1198847
-0.4978528,1.3668982,0.7773,-1.0024644
-0.4772225,-0.24535406,1.689383,2.1138449
1.2063712,-0.92125225,-0.56035465,-0.30474687
-0.44378227,0.07306556,1.7324748,-0.4075305
1.9582801,0.8120885,-0.49658164,1.1480364
1.7159535,1.5687022,0.32684225,0.4944319
2.4032464,-0.94970155,-0.12064041,-0.7034315
1.248123,-3.1441205,0.94563663,0.51322764
0.4820399,-1.1100525,0.16008237,-1.6302397
1.2796139,0.59358126,-2.1367948,0.13080277
0.31220174,1.9009134,0.9431768,-0.5677702
-1.0482384,-1.1295083,-1.1884768,-2.1931658
-1.3297193,3.2458966,-1.3933704,-0.2965272
-0.5179276,-1.9661977,0.0033644645,0.35887024
-1.4696572,-1.5532863,1.866576,1.1539091
1.5431958,0.042520456,1.1306748,-0.31697473
-1.1112844,-2.285893,1.128913,-2.3245592
-0.47119212,1.4445524,0.014295639,-0.38028157
-1.2629305,0.38675442,-0.033384863,1.5552964
1.3609315,-1.136835,-1.56647,-0.43909797
1.2897867,-0.8549888,-1.0938666,-0.53245574
-0.3366509,-1.904113,0.11214704,0.21183455
0.4660984,2.476748,-0.65599954,-2.0509148
-1.0320641,1.4986644,0.54518753,1.3640498
-1.2128401,0.120808035,0.93889856,0.46637502
1.2723447,-0.7142673,2.2504852,0.34340504
-1.2171464,1.0275763,-2.2358215,-0.37687483
1.6333659,-0.25640845,-0.6472818,0.32449183
1.4213547,-1.0311033,1.0010811,0.16176486
-1.1900412,-1.3173043,-0.18991117,-0.28354442
0.74303305,1.0660655,-1.20703,-0.74925214
-0.82090443,-0.9706832,-0.786135,0.23818998
1.0005933,1.0216444,0.9752771,0.24858654
0.013641396,-0.63324034,0.7873522,1.3752487
-1.0752192,-0.15819062,0.6376581,2.3789544
0.5738564,0.6187329,0.92484885,-0.54058456
0.9640888,0.68740344,-0.3207387,-0.8943785
-0.13438451,0.45255667,-0.10285125,-1.1877662
0.994233,-1.7636056,0.9151497,1.4881033
1.1546755,1.5940596,-0.648798,-0.2027362
0.915013,-1.0424398,-1.9617432,1.7737147
-1.8849187,0.22803791,-0.058275238,0.0044600363
0.15216756,-1.5912265,3.3689828,0.95588505
-1.6683888,0.4409348,-0.62356293,0.3766964
-1.4025663,-1.1169816,1.1068203,0.998123
1.4654269,-0.4120809,-1.121373,-1.1588603
0.18138155,0.004075158,-0.76924103,-0.6693316
0.38016042,-1.0619749,1.9941455,-0.69263065
-0.8793463,0.80803806,2.163343,0.36985493
-0.40133062,1.0212402,1.0872544,0.34177333
-1.9734718,0.64364165,-0.42015845,-0.8238196
-0.37003234,1.1284274,0.11478221,-0.15312457
1.4205538,0.14190908,-1.024734,-0.40028265
0.31510282,2.152734,0.59674096,1.7946086
1.0379413,-0.5387077,-0.8243217,-1.5067602
-0.7612349,0.17582801,-1.6869555,-0.25143433
-0.2188953,-1.0500337,-1.2857985,0.2704647
-2.655288,-0.39263684,-0.860811,0.29808667
-0.8328493,-0.057576004,-1.8066541,1.3739915
-0.826002,1.2284538,0.39758426,0.31728858
-0.25234184,0.5584901,-0.77039015,-0.2950084
1.007477,-1.5407933,0.96130884,-0.053958263
0.5437639,-0.5314816,-0.5822792,0.50175416
0.87336284,2.130172,0.5857121,-0.26860294
-1.412789,0.39031723,0.3648846,1.119395
-1.3758154,-0.8926581,1.0084821,2.8416917
-0.66516876,1.7608781,1.0798987,-0.21911336
-1.0761734,0.85274255,0.48809287,-0.5367247
0.12000542,1.7732143,1.3611062,0.37100455
0.58317894,-1.0396631,0.22734782,-0.8017237
2.0040512,-0.7645658,-0.121796906,-1.5121924
-1.2014349,-1.4178828,-0.93878216,0.49630982
-0.2091025,0.37288666,-0.82110125,1.3863268
-0.95581913,-0.74740523,-1.5421971,0.29080465
0.47290194,-1.0080183,0.79063296,0.23550166
-0.26726425,0.089548364,0.40897283,-0.8282475
1.7365644,0.95837784,-0.3004483,1.1239636
-0.016278796,0.027958622,-1.0621223,-0.027891776
-1.009288,-2.756747,0.2362969,-0.55516773
-1.5737287,0.6551311,-1.0066998,0.10136013
-1.4212235,0.8096053,1.7863345,0.31239188
1.4824218,-0.3528365,-0.42684814,0.040861327
1.0029476,0.17518479,1.211686,0.5049467
-0.22143319,3.3094563,-1.454042,-2.7035673
2.2084944,0.36418697,0.63817555,-0.7146265
-0.9933581,-0.80098003,0.25071004,1.0128253
1.7021259,-0.6298496,-1.5182066,-1.0886184
0.8326865,1.3813589,0.56136584,-0.18024963
2.0604956,-0.5439547,-0.7194435,0.5756001
1.2542849,2.0308752,1.6856531,-0.55321044
-1.1864213,-0.996676,1.8823049,1.0932891
1.5227016,-2.0233765,1.4049994,0.40264493
-1.0864096,0.86362976,1.6543008,0.9919638
1.8098239,-1.0736053,0.47322044,0.57851696
-0.56705016,-0.57407963,-0.16196431,1.0701711
-0.28544214,0.37197456,0.83930904,-0.024953123
-0.6346396,-0.2756644,1.4652356,1.0978482
-0.6146492,0.12349722,-1.0029403,-0.7018205
-0.6940251,-2.1810308,1.3739215,1.021802
0.82031584,1.609377,-0.94920516,0.21148022
0.34504783,0.48536593,0.04893004,-0.41478848
1.7808338,0.109905005,1.0849705,1.8323116
-1.529577,-2.2046545,2.068684,1.0694405
-0.45739004,-0.0729884,-0.028035445,0.5146825
-0.43370545,0.7989182,1.7292411,-1.255975
-0.7660187,0.82808757,0.6778144,0.54865426
1.0547055,-0.62851655,1.2490991,0.26492998
-0.6591886,0.53796244,-1.7783631,-1.0777633
1.6692219,0.37069267,0.28109136,-1.7645108
-0.2852532,0.5165245,1.4337255,-0.919644
0.032082085,-1.0130316,1.30606,1.7435746
2.0101926,1.1624844,1.3578266,0.013842683
0.46296626,-0.15018572,-3.1679156,0.06344914
-0.60101235,-0.5251059,0.8553019,-1.6777264
1.3560454,0.95822287,-0.5539085,0.8304915
-0.76697195,-1.1702157,-0.9185971,-1.3149126
-1.0401934,-0.21383604,-2.3052938,-0.9246628
0.77547336,-0.591802,-0.45365378,-1.2677534
1.2547679,-0.08800546,0.71806043,-0.22886571
0.40334925,1.3946363,1.6353439,0.097908035
-0.42277455,0.015688136,-0.7482832,1.9308509
1.6598243,0.42324394,-0.0015354304,-1.7170022
-0.65535593,-0.66661054,0.2911112,0.30311814
-1.6790894,0.07234629,-0.75256056,1.6931297
1.5180943,0.8144555,0.29156256,-0.37297022
-0.73248917,-0.1779834,1.2405888,0.6159096
-0.68783253,-0.050530687,-0.2331856,-1.0788822
-1.257663,0.023347836,0.3823403,-0.644693
0.5415421,0.47308198,1.4688652,1.1366429
0.43371683,-1.1819153,-1.0007433,1.1218982
-0.14902988,2.5148404,1.1808487,1.3973907
-1.4326625,-1.1504643,-0.3167178,-0.10105856
1.040595,0.08520275,1.495456,1.5066847
0.55433476,-1.2914816,1.4095093,1.1773304
-0.79116535,0.20819938,-0.9815695,0.633404
0.4275964,-0.8470062,0.8718683,0.95458984
-1.7744422,-1.7954004,0.39659715,0.5041104
-0.70205057,0.80965894,-0.63318455,1.6294867
1.956529,0.21265738,-0.053568676,-0.40400586
-1.0027804,-1.603179,-0.6666093,0.6280398
1.0813508,1.9589016,1.1417774,0.68966126
-0.5120992,-0.89468586,-0.6709806,0.97921246
0.23280142,1.3212752,-0.7559606,-0.5397791
1.518624,-0.5219673,1.0951955,0.82332325
-0.44925365,1.4245435,0.9557105,0.3401014
0.20975977,1.4361756,0.18845467,2.0272987
-0.1037081,1.1245294,0.4267441,-0.074771166
-0.11343425,0.81082475,0.8673049,1.2341051
0.019458741,-0.60296416,0.48174542,-2.9202085
0.55336916,-0.36004314,-0.37789023,0.031848535
-1.0610397,-0.92843235,-0.35248098,-1.2089502
-1.4711907,0.6188688,0.6533808,-0.4914802
1.0748369,1.1667916,0.007777604,-1.828676
0.9231078,-0.39060968,-0.5007246,-0.5465735
1.0078056,0.7830292,1.1201476,0.24398682
0.25793895,-1.5146852,0.74227,0.028607229
-1.650139,-0.35253626,1.4626294,-1.0273532
-1.3087448,-0.8401086,0.29009783,0.45354605
1.548558,-0.86154073,-0.08864615,-1.4109117
-1.1540469,1.9881548,-0.9803255,-0.81921226
2.5566044,0.274697,0.5964017,-0.30032933
-1.3748474,-0.88786036,-0.030252248,-0.83430696
-0.32999894,-2.253822,-0.17322834,-1.2660689
0.19943556,1.1477917,1.3637773,0.7106362
1.2925472,-0.3669501,-0.45742586,-0.24890351
-0.22423448,0.13421638,-1.8182176,-2.1656764
0.24799943,0.47756034,-1.7759457,1.2394844
2.4070394,0.836372,-0.7331472,-0.3814852
0.5639686,0.11203246,-0.69403106,-0.796171
0.11578153,1.7897384,0.5364791,0.2038761
-1.8232816,1.7536094,-0.27918565,-0.099775195
-0.6987833,1.9185708,2.2459238,1.6861386
-0.21839865,0.183079,0.07058723,0.28025967
0.25735056,0.54350513,-0.9420801,1.174659
0.12551665,-1.9972559,0.5420245,-0.8129218
-0.5309565,-0.6793001,0.34713557,0.53689146
0.4697634,-1.0081139,1.253175,1.5331541
-1.2926676,-0.67157257,0.45903432,0.891159
0.33659858,-1.679247,-0.537782,1.2148187
0.13374811,0.98712474,0.8457523,0.93938845
-0.2800157,2.5063992,-0.08943193,-1.0143415
-0.9627399,-0.20008823,1.8350899,0.30703634
0.58367515,0.81372774,-1.4600519,-0.23957756
-0.11843417,-0.91541016,-0.8784652,0.42039683
1.4764167,-0.49641165,2.0997922,-0.5149369
-1.1491029,0.52197987,1.3069156,-0.25011018
1.4003755,-0.72676426,1.2276154,-1.436064
1.1059262,-0.88033533,-0.88469446,-0.7392988
0.34066677,2.288081,-0.4858957,0.14053808
0.71378994,0.8424621,1.3459005,0.3384724
0.7900213,1.2940304,-0.9525693,-1.2476126
0.69327444,0.34894362,1.5021042,1.4714643
-0.67878145,-1.2155079,0.31845063,0.6030855
1.2188885,-0.56606,-0.60285074,-0.15705328
-1.3299001,-0.21911412,0.76960236,-2.2274723
-1.1109306,-0.27755177,-0.28781053,0.63778955
0.24599884,-1.5395554,1.4693747,-1.0466413
-0.74336076,-2.0589674,0.47117722,2.2106018
0.15473427,1.7040633,-1.5014257,0.22518721
-0.39294103,1.3610088,-0.34734544,-0.6732185
1.2047668,-0.83766836,-0.43235525,-0.6738678
-0.27163202,-1.505331,-1.7304949,-0.19505028
-0.39898878,0.38562617,0.7979249,0.97989476
-2.1566443,-0.09728837,0.2335584,-0.7433294
-1.7786235,-1.7859514,0.45567104,-2.1958907
-0.12191612,-1.7297876,1.8926287,-0.1823685
0.19627772,-1.4094049,-0.7535022,-0.7009864
-1.8913398,0.06881757,-1.4874252,0.42243487
1.1489571,-1.4375293,-0.9514288,-0.40843645
1.0556799,-2.3354712,-0.1316651,-1.1806321
-0.2806718,-1.2493913,0.7576653,0.1632721
0.9149846,2.0217323,-1.0781869,0.7734545
1.6265109,2.0108223,0.23547539,0.4608253
1.8519399,-1.5876697,-0.102543086,-0.57994777
1.7551327,-0.77194244,0.2530537,-0.88506156
0.77157664,-0.48340455,-0.9663127,0.65740013
0.88310426,-0.3198001,0.71798813,-1.1970303
1.339582,0.12466731,-0.7593349,-2.7526534
1.2088351,1.4495906,-0.84494805,1.6971165
0.6099512,-0.97529525,0.8428599,-1.7030742
-1.620553,1.3162802,0.782387,1.3351405
1.5983481,-1.2477679,-1.2405459,0.92808706
-0.20524181,1.1546129,1.5662922,-0.7896952
0.56033987,-0.647175,-0.40350795,-0.6829171
0.6348809,-1.2856194,-2.6810522,2.4631636
1.7337214,1.3148566,-0.18846893,-1.4359977
0.6110459,1.2986042,-0.8074454,0.7437497
1.4077445,1.0089728,2.557443,-0.97857594
-0.13075975,-0.67364585,1.0633997,1.2856646
-0.49874583,0.3860637,0.50764936,-2.451958
-0.27801585,0.51510644,1.4565815,2.3773527
-0.041828882,1.479651,0.10508989,0.75034374
-0.15781136,0.24002106,0.2699992,1.5669055
2.7159386,0.36523363,1.4543405,-0.22109818
0.425847,1.1951329,0.8183656,-2.2574651
0.9768851,-0.652435,1.8455352,1.1883729
0.6814029,-0.2877875,1.3828781,-0.028352454
1.5185388,2.192539,0.8907675,0.8337831
0.22899832,-1.0809608,0.5743786,1.8158183
0.8798035,-0.12184227,-0.053240117,1.4662527
1.678847,0.7315876,0.08438588,1.9101372
-1.3501184,0.39992422,-0.9542635,1.1660458
1.1286248,-1.0329839,0.33342382,-0.13852526
-0.092378564,0.8002997,-0.78535795,-1.3304247
-1.6150922,-1.0710843,-0.09292534,0.50836587
-0.8275397,1.1073359,-0.3956739,1.1953746
-1.3130176,1.4323876,0.30575445,-0.38031852
1.060813,-1.501207,0.68732476,-1.3685082
-0.28763765,1.3210093,2.0850592,0.7119143
-1.868714,1.4353045,-1.7208709,-0.6932357
-0.4730952,-1.0704658,2.2204022,-0.12680258
1.7142118,0.26465732,1.8076482,-2.4052234
-1.0861412,0.6081966,-2.0816643,1.465172
0.6082742,-0.596786,-0.1814088,0.38304028
-1.0749685,-0.6830045,-0.2870394,-1.5255489
-0.7158875,-0.07160561,-0.90193564,-0.11881252
-1.3612859,-2.4181988,0.095663965,-1.6947032
1.5301179,0.52979374,-0.6021645,0.57846963
-0.89914227,-0.44295025,-0.5263131,-2.186183
-1.1009276,-1.073446,-0.97797316,0.13625897
-0.8316754,-1.3013769,0.5626816,-1.1554611
0.016602788,1.2101339,1.898001,-1.834882
-0.22802873,-0.26053804,-0.561276,-0.45224345
1.0778552,-0.042147804,0.55183536,-0.05189098
0.24467133,0.41101184,-0.1605338,1.0566258
-0.264647,-0.7882232,1.33342,0.21514842
-0.075094745,0.5200229,0.56810194,-1.6991667
0.15140165,-0.24887563,-1.1247169,0.57981235
-0.99234277,-1.2180164,-0.7698446,-2.0559692
0.7707354,0.015298681,0.0847181,2.0799956
0.16237572,-0.10785945,-1.5907925,-0.53304213
0.8688812,-0.87563497,-0.7951152,0.5305312
-0.103958435,-2.8225026,-0.123337254,-1.2308055
2.1978054,1.4690933,-0.32761332,0.90732086
1.1047474,0.5571675,1.6925592,-0.46829632
-1.6531165,-1.9844483,-0.3047807,-1.6326708
-0.30589432,-0.71021944,0.012640624,-0.42283458
-0.7695941,-1.1236353,-1.2223091,1.4987776
-1.3159289,0.60068816,-0.15314522,-0.3488133
0.25994283,-0.31526232,1.1380986,-1.1531659
-0.41815796,0.13730025,-0.59769934,1.8452312
-2.1009228,0.38117522,0.35572848,-2.333978
0.290023,0.77980244,-0.07766435,0.2806647
-1.3441176,1.3039261,1.4811974,0.44820374
0.46151403,-0.40483344,1.4554949,-0.4171633
-0.1189885,0.5874733,1.6172553,2.0853288
-0.10958775,-0.3567938,0.99229187,1.2229935
1.2705668,-0.44345596,-1.2151539,-0.36722672
-0.4428369,2.0015633,-1.9215662,-0.7380211
-1.3401583,-0.63806957,0.061747182,-1.2123104
0.053797632,-2.4521039,1.122028,0.27319205
-1.2277023,0.24213408,-0.1586365,-1.3009869
-1.4601941,0.3554604,-0.14946789,-0.17836492
-0.030643849,-1.4197019,-0.93267375,-0.11148438
2.286375,0.91616905,-0.43670496,1.5600013
-1.0227841,1.5425084,-0.19087362,-1.115907
-0.27833197,0.78591704,0.17902224,-0.6010812
-0.015804622,-0.04760365,0.28772032,-0.16774555
1.390672,-0.0505388,-0.23560199,-0.2634896
1.3116175,-0.82920164,0.6812033,-0.3275711
1.1976358,-1.5416671,-0.4609718,-2.1192193
-0.36319104,-0.24021241,0.4965351,1.1394855
1.021163,-0.29149845,2.3113732,-1.0381075
-0.3408666,0.82490295,0.10091091,1.3951879
-0.5705413,1.3028706,-0.55221826,2.3287945
-1.3525805,-1.6028035,-1.4663477,-0.97383213
-0.212532,0.925836,1.6556255,-1.1805973
2.2165263,-0.5763078,-0.41941586,0.56284446
0.50051486,0.17820229,0.8045659,0.23903126
0.53862625,-1.5589372,0.3309304,-1.2901468
1.7578804,1.0957097,0.24963611,0.5390624
-0.58226264,1.4967239,-0.93090844,-0.8962808
-0.31949434,-0.21849859,1.1674842,0.79954916
0.12665983,-1.1947917,2.1456437,-0.7974381
-0.42610815,-0.5689058,1.0792106,-1.1098742
0.28799576,-0.93969584,0.40968186,-2.2083821
1.4710623,-2.116327,-1.5867842,1.902614
-0.16135569,0.6571231,-0.12188706,0.2734429
-2.3286643,0.7755007,-0.9435483,-0.5990406
-0.6171102,0.49373832,1.0716944,-0.59686893
-0.4272018,0.31075358,1.4788518,0.7694267
-0.65328556,1.634416,-1.2709612,0.6574432
0.72420394,-0.5302878,0.2996752,-0.8231086
-0.2049506,-0.0018337638,-0.5605846,-0.06697496
-1.0228301,-1.506548,-1.5283507,-0.13642883
1.5635022,2.575929,0.8214753,1.0910366
-0.61362255,0.671319,1.8410511,0.037456233
0.6754245,-0.12011378,-0.26114172,0.007049405
1.4421109,1.8848177,-0.770478,0.28948048
-0.3972324,0.7701901,0.8147057,-1.0279
0.18785095,-2.0290418,1.0999583,0.595315
1.2267346,-0.61275613,-0.009364713,-2.3139715
-0.7022624,1.5876644,0.58183146,-0.9929765
-0.17675588,-0.8899803,-0.53236926,-1.6411831
-0.4349788,-0.32380724,-1.5028223,-0.35043862
-0.0016779939,0.1859474,1.1903632,1.0647081
-1.6495513,-1.1173079,1.064879,1.3455215
0.5549014,1.4086185,-0.70860565,0.16717897
-1.1865019,1.5449722,-0.93178487,0.24140313
2.0534673,-0.7786715,-0.831673,1.268781
1.2740209,-0.6852306,-1.1984385,-2.1684165
-1.3044125,-0.80990857,-0.011340321,-1.3409134
-1.6989028,-1.0466663,-0.15869431,1.1331319
-0.6020412,-0.5565033,0.33258143,-1.2465903
-0.74823153,-0.84061986,-1.1522309,1.4259697
-1.207955,-1.6380693,-0.10251158,-1.6760587
-2.1141384,-0.05678692,-0.26427633,-2.4844315
1.3866763,0.7339484,0.54103,0.49516618
0.33375704,0.37566477,-0.63713276,0.45140663
-0.3056379,-0.5429697,0.24840948,2.156201
0.98408335,-0.41456592,-1.3882971,-0.5057965
1.3118975,0.8838414,1.915639,1.0608985
1.4094653,0.1526092,-2.79795,-1.7186105
0.44948137,-1.1384441,2.0236564,1.7477839
1.2353679,0.20316604,-0.20636795,-0.5897941
1.634063,1.3525833,-0.2801412,1.3741808
-0.81387943,-0.1930707,0.35733587,0.0045754067
-3.1052272,-1.0836934,0.7378951,-0.6474343
-1.4264024,-0.3045903,-0.73175323,0.87595665
0.25664413,-1.0479138,-1.0715642,0.76601636
1.3006922,0.45697328,1.2344515,2.1347284
-0.496441,-1.0010545,0.68192285,-0.81192976
0.4330707,0.15798469,-1.1857454,0.36542413
-1.1958928,0.41634974,0.72977686,-1.7305481
-0.088099785,-0.67598325,-2.0810313,1.2499939
-0.10389547,0.9972927,-0.7547688,-1.3790121
-0.2854007,-0.33860812,-0.2663841,-0.77437633
0.57546484,0.4340582,-2.0069027,0.37022448
-1.3728877,2.047592,2.339093,-0.9056795
-1.0652678,0.09978219,1.266222,0.39573213
0.26737365,-2.551823,-0.48414582,0.4692151
-0.47923535,2.003733,0.8412247,1.0992173
0.83158314,-1.8349396,1.1457045,0.43483365
1.2647358,0.35396892,0.79400736,1.2993569
-0.3715857,-0.7732182,-0.75448984,0.04344849
0.62709016,-0.3324895,1.2958572,-1.5735654
1.8680589,1.1179565,-0.98419356,0.3764642
0.7256186,-1.351783,1.497743,-1.0833871
-2.4398546,0.56238955,2.1364982,-0.12489592
0.6288803,-1.156085,-0.17529507,2.0999153
1.4454554,-0.017864464,-0.8693148,-1.0217932
0.9368372,1.7513727,0.7723108,1.6638533
0.28712043,0.124632575,0.5005634,-0.4441847
-1.2392424,-1.4871783,0.014774232,0.58741933
2.6648288,-1.3058047,0.8007705,1.4435582
0.925228,0.25831676,1.1738011,1.0042318
-0.9188733,-0.23003528,-0.5932475,-1.171888
-1.3283614,0.07691777,-0.26482752,0.37520194
-1.4015099,-1.0245898,0.12804301,0.8364334
-0.7708809,-0.82051086,-0.12276746,0.7158116
0.97283703,2.0284975,-1.3875606,-0.75326777
-2.0768661,0.6364946,-0.5066439,2.0163336
-0.85100615,-0.038824294,-0.21565099,-2.1543727
-0.7471604,-0.32958192,-0.008722447,-0.78583705
0.6325645,-1.1817336,0.3865335,-1.2355108
-1.3384778,1.1497581,0.38799322,2.4712834
-0.06957172,-1.6726689,-0.03290199,0.6840222
-1.2481855,-0.112352885,-0.39912733,0.35598534
0.09604253,0.55542505,-0.0010641575,-0.18176438
0.015167521,-1.1266282,0.4693414,-0.3637791
0.2753657,-1.0628194,-0.2260623,-0.5268046
-1.0451355,0.4339852,-1.6168057,2.0336323
-0.85227805,-0.5670925,1.3185301,-1.4185346
0.74011445,0.84667486,0.72359204,-0.9751542
-0.558566,0.09235714,0.6250077,-0.68038344
1.491717,0.09105148,-0.14882039,1.4897765
0.22467217,-1.6506712,1.1120102,0.30163676
0.61651915,1.8522768,0.25392193,-1.1660694
0.74729276,-0.5533582,0.07867252,0.6560766
0.6408194,-0.23588522,0.59084034,-0.75428236
-1.2756172,0.48547405,1.0933933,0.1518954
-1.4245775,1.6850431,-1.0069312,-0.44578847
-1.7170465,2.1117175,0.35118613,-1.0638055
-0.38021174,-1.127405,-0.30418566,1.5520463
0.9819736,-0.25598472,1.9290959,0.7205668
0.86602396,-0.8396019,1.3944739,2.783958
-0.45729056,-1.3542705,0.5473332,-0.97893494
-0.7949614,-0.23871379,-1.1779042,-1.3984045
-1.4319748,1.1318672,-1.3887392,-0.3722061
-0.9974797,0.63155377,-1.0191256,0.6302843
1.3607899,-0.9178347,0.30493572,1.2448405
0.44600272,1.1867026,0.581018,1.1906397
-0.6990912,1.0129901,0.5264576,0.70638347
1.0034775,1.2937357,1.3630184,-1.040978
2.3514297,-0.069176175,-1.4669491,-0.86551374
0.84420097,-1.3451834,0.9027004,2.112085
0.42513642,1.2216927,0.79562235,0.24631196
-0.5205622,0.5383314,0.8488769,-0.85101825
2.2109387,-0.2921725,-2.0589805,0.8708052
0.91492504,-0.5685583,0.4633837,-0.01217783
-0.84681565,0.22274277,0.9197199,-1.7496066
1.5785801,-0.38224235,0.06004157,0.3152871
2.059036,-0.12405096,-0.35934857,0.82212555
-0.13967675,-0.21461946,0.14454153,-0.7156014
1.5888827,-0.7685083,0.048914574,-0.50343144
1.2752287,0.07174364,-1.1876105,0.12330015
1.4134429,-0.30542812,-2.0496478,0.18136127
-0.27939546,-0.41572815,-0.32159933,-1.1575999
0.70756036,1.6784089,-0.8457131,-2.0267346
1.5066355,0.90062827,-0.7992725,0.7702215
2.2984602,-0.21779928,0.8523198,0.061401196
-2.1092522,-0.06626433,0.18366285,-0.57698745
-1.5672259,-0.4441209,0.83699554,0.34850556
0.08528872,0.13711655,-0.69901896,0.6801941
0.4771392,-0.20739353,-0.11158333,-0.01409442
0.5236783,-0.7548118,0.53906375,-1.45996
-0.08786286,0.020172419,-1.1736068,-1.4871655
2.2827883,-0.07548899,1.7457272,-0.036579322
-0.7437596,-0.5206326,1.4736937,-0.3136295
-0.33453453,-0.6658067,0.4056698,-1.0209765
1.057863,0.67347324,-0.54153264,-1.7970989
0.81775177,0.39267105,-1.0441935,0.47510427
0.6032132,0.40425187,-0.08399715,0.26716655
-0.0698976,1.0356319,1.3171501,-0.15128584
0.8913489,1.0956362,0.09809761,0.7754195
-1.0684223,1.706908,-0.10438832,0.3737191
0.7887805,0.6352296,0.7689354,-0.5796618
-0.22353582,0.01332485,-0.30905136,1.0415432
1.1342927,0.95398676,1.2057935,0.16877581
0.14677061,-0.98766595,-0.3764882,0.65699035
2.0584002,-1.4692373,0.33122468,-2.6383555
-0.21196821,1.0663832,-0.7412954,1.1055635
-0.5204908,-0.47679415,1.3700241,-1.1377742
-0.09802289,-1.7500353,1.0251683,1.5241457
1.5450143,0.16679722,-1.289025,-0.018377138
0.9043206,0.4820327,0.33582908,-0.23443052
1.1599594,1.6421378,-0.8728623,2.8175812
-0.6982977,-2.2202985,1.4005271,-0.94390565
0.19179398,1.6768492,-0.17955188,1.1160437
-1.0257378,0.7432701,-0.012795497,-0.9474448
-1.3616954,-0.67645955,-1.1461302,-0.97780013
-0.32705837,1.3581299,0.38493338,0.09272253
-0.099959284,-0.033853203,-1.2226824,-0.75841504
-1.0569088,0.33257097,0.17263813,-0.851484
-1.8245529,-0.78291434,0.7187858,2.210083
1.3595523,0.0870842,0.6748869,1.3224547
-0.12956342,-0.6440201,-0.07113814,0.8100447
-0.84329844,-0.14438218,1.5460147,-0.26986176
1.0189567,1.8480368,0.90926355,0.3561108
2.4077148,-0.770206,0.40279195,0.98429203
-2.8843257,1.5336148,-1.8567587,0.56263506
1.7721114,0.64328104,-0.80727154,-0.21881025
-0.26077977,0.5637542,0.73598427,0.5702108
-1.1103665,1.24585,-0.05900804,-0.719268
0.3069724,0.12561446,-0.90340334,-0.27468994
1.2991039,-1.0778203,-0.62156636,-0.018576693
1.0662016,-0.10576538,-0.9806476,-0.6067358
-1.0586126,2.2713592,-0.24422497,-0.32031178
0.44254762,0.47810212,-0.6666815,0.3259844
-0.22811384,0.1564376,-0.32336438,0.2006014
0.59753376,1.314959,0.5481157,0.10164687
0.3379471,-0.92737347,-0.000431341,-1.5883214
0.9905874,0.5531792,1.1139256,-1.0444459
0.6477262,0.6942325,-1.2308487,-0.3585166
0.9902172,-1.2735101,0.6501253,1.6567848
-0.091708474,-1.178102,0.5031401,-0.22841202
0.05414153,-1.8099174,-0.4836666,-1.2312294
-0.8939557,-3.3541138,-0.3158485,0.39258432
-0.35582146,0.21040818,-0.477823,0.26287714
-0.6550926,1.569799,-2.112562,-0.27537763
1.2736346,-0.21068656,-1.5834537,1.450313
0.5526733,-0.5706414,-1.08263,-1.5340513
3.4242594,1.834312,0.87562513,0.0025616926
0.6190188,1.6567352,-0.85231763,-0.67774653
1.5150129,1.4693491,-1.1880305,-0.10992385
-0.34119076,0.9271212,-0.19169715,-0.28851578
0.33758017,-0.75917816,-0.12592903,-0.15014404
-0.83876204,1.0998826,-1.3220776,-0.24041185
1.1669084,-1.6090173,0.0514258,-2.4671078
-1.1700174,-1.0528579,-0.55206966,-1.7236605
1.2586281,0.6397432,-0.32825816,-2.112641
1.0181127,-0.58542794,0.46484458,-1.3999959
-0.7856314,2.7775714,-0.2856151,-0.36064088
-0.8255539,-0.50062567,0.98426414,-2.039091
1.3019849,-0.06577135,-0.80407166,-2.3425632
0.8561031,-2.9869208,0.17677706,0.18569484
0.5341042,-1.2718921,0.0092710955,0.5144838
-1.7173908,0.738998,-1.1135465,0.81180644
-1.6050172,0.62245846,-0.48471004,-1.9826496
0.7809011,-0.5876551,-0.09980219,0.3676729
-1.2233944,-0.98175114,1.0721519,0.28260806
1.4920352,0.7091902,-0.9744198,0.07910989
1.7361116,-0.6675301,-0.23852754,0.4060426
0.6009983,0.11660739,0.6610776,-0.44618958
1.0061064,-0.22570339,0.6550458,0.02469893
0.34732753,0.87952316,0.049307473,-0.80136937
0.6467028,-0.21601032,0.8529632,-0.10373687
0.021725731,0.56569093,0.847908,-0.034045536
0.3348313,-0.6559229,1.3608392,-0.71124977
-2.2661865,-3.1246805,-0.9700047,-0.09851053
-0.12358795,-0.45278323,0.5542477,1.6029315
0.47130576,-0.49763098,-0.9802735,-0.7007655
0.26979214,0.9978446,1.1146404,-0.66424197
0.2913363,-0.5170672,1.1114272,-1.4309983
-0.35623378,-0.20060532,0.18953092,-0.88302755
0.58897495,-0.84485173,0.37857834,0.29305646
-1.2941421,-0.08099607,-0.5720188,-0.445566
2.0485601,-0.47625795,-1.0157013,-1.7264903
-0.32654053,0.38667396,0.67928475,-1.0991337
-0.0981674,0.7782144,-1.3212507,-0.36196098
-1.7730209,-0.44702995,2.6511662,0.06634789
0.36064515,0.07274545,1.5377922,-0.5108291
2.0958648,-0.39904818,-0.92633396,1.6672305
-0.29115194,0.8059647,-0.60399896,-1.0895885
0.34845766,0.88642377,-0.6738461,0.5568136
-0.30090436,-0.49931154,0.22868815,1.7130864
-1.5091311,0.41237712,-1.1998954,-0.33010593
-1.210989,-1.6892887,-1.5710312,-1.0487183
0.9512839,1.3606997,-0.026509142,1.4076791
1.2382104,0.8285845,1.9929088,-0.78296
0.87048656,-1.6818258,0.87178123,-1.2176329
1.185945,0.2224732,-1.7480958,-1.410102
-1.9857142,1.5596998,0.0023413845,-1.717414
-1.1868478,1.4814389,0.22532177,-0.55055326
0.093304664,-1.3499188,-0.28759518,-0.22960384
1.9990345,1.1372069,-0.50526124,-0.70082754
-0.3521342,-0.3173148,1.065185,-0.5400217
-0.42155644,0.18780819,-1.1286538,-0.19047637
2.230678,0.06088753,-0.089570284,0.6095591
-0.97240126,-0.22448593,-0.88159895,-1.2820293
-1.0089302,1.4113054,0.6414252,-1.9789443
0.19818348,0.38717824,0.4961048,-0.3379507
1.172599,1.394049,0.04564112,0.48247173
-0.5569593,1.5686002,1.3237852,0.4735487
-1.043886,0.38576818,1.873762,1.5624093
0.6235817,-1.2745519,-0.10496922,1.5418789
-0.9590556,0.42077237,-0.71528965,0.119219705
-0.16222103,1.6331468,-0.50707066,0.9521628
-0.91884685,1.1695842,-1.3639268,0.815623
-0.6726521,-0.20668228,0.8822227,2.3006048
-1.6218836,0.35628074,1.7553313,1.8464983
0.9367034,-1.1400859,-0.36136454,0.038819395
-0.84175223,1.0029483,1.5930341,1.2572249
0.43454576,-1.1099929,1.0819156,0.30450833
-1.3145882,0.84559995,-1.5118065,-0.7574182
-1.0715269,-0.51863736,0.96781904,-0.9931053
1.123933,-1.8164197,-0.2207051,0.19120824
0.09817564,-3.0994885,0.3480481,-0.005463118
0.049718015,1.2615037,-1.8652885,1.5946513
-0.70216227,-1.3040816,0.29212752,0.90559715
-0.28938645,1.1777209,-0.046172943,-1.2297093
0.27284184,-0.16285652,1.507344,-0.94861716
-0.91614604,1.1029307,0.69441414,-1.4032391
-0.32172948,-0.44724497,0.49930024,-0.06758966
1.2619761,0.35936368,0.565788,0.4017138
0.8938827,1.0393903,-0.14610592,0.45701656
0.5355708,-0.5467296,-1.3305545,0.21510887
-0.23086512,2.0737038,-1.0648748,1.5634522
-0.44555044,1.6370972,-0.6524947,-0.38985294
0.30571327,0.16768081,0.16061457,1.0960051
-0.36189535,2.1694887,2.4403768,-1.4010012
0.98834985,2.017579,-0.29271728,-1.0278671
-0.33657497,-1.1416008,-0.37005237,-2.159365
0.4181842,0.05755899,-0.11631935,-2.083018
0.12227547,0.42794114,-0.7794461,-0.24603531
1.2092829,0.3222433,0.22685806,-0.529394
-0.6102174,1.8415473,-2.1691346,-0.34984726
-0.30972037,1.6490827,0.25479347,0.7732423
-0.85155684,-1.8517213,-0.8970498,-0.849506
1.427127,0.034747228,0.11049756,-1.5288433
0.46030834,-0.81951743,-0.3531535,1.1251606
0.13807602,-0.11311998,-1.7029516,-1.329925
0.3976826,-1.9530563,-1.8568132,-1.5053681
-0.4479595,1.3124107,-1.1577898,-0.6834015
0.20804645,-0.852556,1.1118854,-0.14249653
-0.1724236,1.2148334,1.8042357,-0.6296884
1.6117686,-1.0169039,2.3171449,-0.20626168
0.44730002,1.6888663,-2.3649845,0.16392756
1.4801054,-0.10663259,1.9078507,-0.029424297
-2.0007708,0.104770295,-2.2501478,0.797355
-0.7762276,-0.7314318,-1.0726618,-0.93809724
-2.5431197,0.3440148,-0.14313927,-0.46775278
0.5057072,-1.7788992,-1.3881298,-0.9487232
0.26906043,1.1604965,1.1468067,1.6475933
0.8211035,1.0996842,0.110272676,-0.70898974
2.0577266,-0.6189608,-0.12956169,0.3263243
-1.5232934,-0.9224911,-1.3840971,-0.81037736
0.046631757,-0.8562425,0.11761882,-1.8542993
0.9138762,1.4663097,-0.39088613,-1.5663478
-2.5506816,-0.9484493,-0.521625,0.63412684
0.14176977,1.5039191,0.095011026,1.4921137
-1.6956184,0.064331606,-0.489257,0.40138254
-0.45525494,-0.32618546,0.0825434,-1.0269668
-1.4946239,0.81320024,0.81282496,0.08799137
-0.7253848,-2.2354102,-0.6791763,-0.89802104
-0.26691052,1.30693,0.76138824,1.0467576
0.3280648,-1.1328278,-0.042348824,0.013140325
0.32186413,-1.4847765,-0.8107723,0.22686951
0.7587358,1.3566649,-0.44240302,0.002818574
1.0282233,2.237236,1.2444727,-0.50589895
-0.061264664,0.42440128,-0.3264569,-0.41652244
0.5023044,1.1077671,-1.36473,1.1959449
0.82022077,1.0965306,-0.54686844,-0.5123369
-0.5113593,1.0725596,0.5057469,-1.4806976
-1.1835716,0.12118121,0.38254893,-0.35048848
0.38109168,0.81702,-0.2795048,0.15413928
-0.91253656,-1.4418612,0.95242655,1.1521231
1.297872,0.37940058,0.62610817,0.87054855
1.1438195,-0.46032518,0.6983882,1.8695577
0.36351672,-0.9927479,0.92754287,-0.0054840907
-0.6773526,1.8592949,0.75733966,-0.9540622
1.2572887,1.4735438,-0.97740614,-0.81516093
0.0497837,0.8517118,-0.86419845,-0.60834634
1.2207237,-1.5240325,-0.50854343,-0.2831811
-1.1951522,0.21215972,1.9111238,0.92107487
-0.013841615,0.47664064,-0.98651713,-0.029518878
-1.9275777,-1.4270879,0.770761,1.1079586
-0.25769848,1.5082325,-2.320867,0.47407147
-0.52467614,1.5389018,-1.8713318,0.42434114
1.2437311,0.050832126,2.306246,-0.38880122
-0.004682865,-0.25600395,-1.5847309,0.052035153
-0.4712292,-0.8072436,-2.542681,0.12169276
-1.9069493,1.2485175,-0.4355077,0.48563448
0.99591404,2.132598,-1.3589549,0.78623986
0.22564368,0.412764,1.2821257,-0.4113857
-0.48027298,0.27833223,-1.1538976,0.8058787
-0.8386809,-0.52770233,-1.4073436,0.5358305
0.54427516,0.43982854,1.1575862,0.65790135
0.31553072,1.7050546,0.4172148,-1.9852222
1.2317898,-0.2039606,1.2193637,-0.9151084
0.023558876,0.4240852,-0.9838035,-0.58441365
-0.98503095,-0.13896456,-0.3009062,-0.96895427
-1.4400543,2.60624,0.7501312,-1.1650457
-0.18730713,-0.2628532,-0.56047255,-0.13092314
1.8474146,1.1769257,-1.7434982,-2.0674784
-2.1649415,0.23116736,0.99042606,0.079523124
-2.0058105,-2.0953076,0.84852874,-0.73778915
1.1951634,2.0363004,1.1002105,2.056458
1.6318622,-1.9491472,-1.4121231,-1.2302915
0.8081623,1.9067245,-1.5933506,-0.38523763
0.5712268,1.0705315,1.6769097,1.7916536
0.8549793,1.7626688,1.0390671,-2.4241228
0.4529953,0.9863274,0.44587728,-0.8765737
-1.0906997,0.44127047,2.0327642,-0.4681613
0.89599675,-0.080857396,1.8739899,1.0524516
-0.7857007,-0.062220372,-1.254243,-1.3749666
-1.5366676,-1.1156265,1.01268,-0.16072084
-1.5497235,-0.85756165,1.6962299,0.96148247
-1.3813436,-0.8890533,-0.28519458,2.120988
-1.1944519,1.4475464,-1.2964047,-1.0188932
-2.2547812,-0.059514098,0.9891868,-0.6218688
-0.6030929,-1.7903439,-0.4385049,1.2892723
0.2937777,-0.42688593,-0.63589096,2.358942
1.0806495,1.4190583,-0.7326488,-0.3918536
1.2744442,-0.95411605,0.37358004,-1.863734
-0.1607118,-0.4022721,0.2286817,-0.92540187
-0.86612123,-2.1042774,1.0553691,-0.24156454
0.4978523,-0.80832845,1.3750371,-2.5405576
-0.87004846,-0.46732035,-0.19394924,-0.92728204
0.3816917,1.3128563,-1.536742,-0.73147786
-2.2051167,-0.47714144,-1.1397599,-2.065455
-0.13289991,-0.90281546,0.6837085,1.206879
1.4798895,0.8209827,-0.3798928,-1.520455
0.5028927,0.21106143,-0.4570888,0.038376626
-0.11749789,-0.77244043,0.46022695,1.8203058
-1.6759475,-1.0068045,-0.92022604,1.0234702
-2.2597666,-0.07387928,-1.8198967,0.01794201
0.04114454,1.8730779,2.3064618,-1.0889899
-0.6977327,-1.0851138,-0.3603792,-0.6947162
0.18335697,0.0533774,1.2086896,-0.6263466
-0.17485707,0.034240276,-1.366814,-0.07533788
-1.6704509,-1.4374465,-0.19883102,-0.16572466
1.7310983,0.5526345,0.81385416,-0.069714025
0.28316647,0.75410837,-1.1778355,0.7418721
1.5504658,-0.8801229,1.8379657,0.9069271
-2.2704382,1.951037,-0.26207387,-1.1191992
0.15336095,1.5115666,1.2576381,1.6406742
-0.28233144,-0.45290008,-1.2348847,-0.6789295
1.344338,1.8155152,0.3867178,-0.6851682
1.5102143,1.7132732,-0.61096317,-2.0606997
-1.9297142,0.41506806,-1.6035556,-1.3287328
0.98470545,-0.37903225,-1.5739292,-0.27338806
0.8346297,-0.15241542,1.1461846,0.23205122
1.3732489,0.7940919,-1.1403811,-0.024331763
-1.8296082,-0.2694252,-0.18445681,-1.6234821
-0.66614807,-0.3966502,-1.4428169,0.7158289
-0.1147727,-0.6680118,-1.9022783,-0.3582098
-0.03354271,-0.4078973,-1.7290145,-1.0306946
-1.4038819,-1.2588345,0.060537696,1.0902642
-1.1051261,-0.6042868,-0.33133745,-0.3274266
1.618855,-1.0195452,-0.558755,0.8836605
-0.057662755,0.679671,-0.77418387,1.0379649
1.2922646,-0.034389496,1.1915119,0.05964035
-0.2896665,-1.2492201,-1.0998293,0.31994915
0.5342329,2.0636747,1.2302277,1.0449241
1.4198623,1.7516214,-2.0567021,0.77924937
-2.2287867,0.01210345,-1.6017798,1.3164543
-0.20677903,-0.51517963,-0.36887842,-0.15705104
-0.40640295,-1.1904899,-0.048623163,0.7378835
-1.7898841,-1.3352652,0.33713004,-0.33989245
-0.75302565,-0.5648071,0.25217554,0.5234505
-1.2719231,-0.15731168,-0.2870395,-0.23840328
-0.7333764,-0.37322176,1.0206866,-0.15631863
-0.043452967,1.4483659,0.9744772,-0.050325196
1.2649673,-1.5430207,-2.8988,-0.37391505
-0.19424357,1.2057986,0.09453893,-1.4186841
-1.7439477,-2.2966757,-2.050011,-0.72007257
1.640376,-1.2425091,1.1884378,-0.34714702
-0.879026,-1.632388,-0.8920638,-0.718629
-0.34661445,-1.3808551,-0.84881777,-0.63374084
-0.5630485,0.7101289,-0.5578724,-0.6285074
-0.8639221,-0.6820031,-0.704399,0.008555667
-1.4201909,1.7169076,-0.51487136,-0.47505963
-1.2678977,-0.6395521,1.1820871,0.9677092
-1.7739297,0.9035368,-0.3471994,-0.69392014
1.7090482,-0.289212,1.6509461,-0.7417234
-1.2107874,0.990679,0.62683994,-0.55790675
0.5619907,-0.1315906,-0.2190918,0.8306358
-0.34019884,-0.025463281,0.83973867,0.77285534
0.54876864,-0.72314364,-0.43772304,1.3239312
0.8954293,-1.3779545,2.5649755,-0.23894046
0.14715028,-0.017635746,0.6622707,-0.6540055
-1.659965,0.07648093,0.0009470472,0.67928374
0.7471356,0.78580815,-1.2820213,1.1575997
-0.80344427,-0.4126396,-0.78755945,1.9491352
1.3385578,-1.6491911,1.1034998,0.12356999
0.34197977,-0.3367355,0.41130906,1.048533
-0.23190638,-0.21917307,-0.7880086,0.18802747
0.32491493,-1.8235136,1.8842558,0.77628946
1.8242013,0.35764346,-0.64659405,0.9940143
0.08381049,-0.6196357,-1.1411198,0.40084124
0.01116899,2.295063,-1.9337497,-0.6518003
-1.0907125,-0.8924205,0.46996412,0.51807374
1.0364472,-1.1999062,0.63084066,-0.16471593
-1.3552343,-1.9395252,-1.2736176,-0.10029253
-2.0006433,-1.5665289,-0.52738404,-1.2658275
-0.54669577,0.34231254,-0.91822326,0.13604032
-0.89092183,-0.9736064,0.9375234,2.4158435
0.25764203,-0.90552837,0.048008278,0.78628904
-0.70784,1.527957,2.4511049,-0.30269665
0.26003087,0.48879865,1.006569,-1.9414027
-2.8468773,-0.8186993,-0.8409189,1.0201061
-0.6432882,0.51931214,-0.43178815,-1.9422596
1.5987332,1.3540298,1.4287417,1.1239667
-1.5292922,1.4714075,1.2312983,0.1551353
1.5977727,1.9105126,-0.51782817,-0.3409902
-0.52090585,0.46598563,-0.59895253,-1.3885555
1.4674556,-0.054105505,-1.3721496,-2.057564
-1.6727439,-0.3173202,0.41393834,-0.35337657
-0.07248659,-1.1794744,-1.1907778,-0.89957255
-1.1222157,1.3571901,-0.27085438,0.75705063
0.6169321,-0.10153392,-0.8050353,-0.06776951
-1.7135962,0.20162205,1.382487,0.91866994
-1.041663,-0.7717763,0.022700416,0.8421628
-0.54484135,-0.31314605,-0.81467396,-0.9735726
-0.037178982,0.81873965,-0.11627406,-2.226241
0.530948,-1.0347699,-1.2757804,1.1556888
-1.3650526,-1.736648,0.19361427,-1.1229329
-1.2398344,1.2940195,-1.62352,-1.1027969
0.8689205,-1.3507051,0.9904344,0.45472556
-1.3322866,-0.49870974,1.5922351,2.4029455
-0.43859702,-0.7881809,-0.27917433,2.2095659
-0.28987736,-1.9940882,-1.4784036,1.4623713
2.0427408,2.4112067,-0.4303681,-0.93535405
0.07959358,-0.49245366,1.721451,1.3411473
0.5243667,-0.59184813,2.4696527,-0.4989123
-0.48017448,-0.83731586,1.1511369,0.47320548
1.3656652,0.40800804,-1.0592247,-0.18719155
-0.42019683,2.1599827,-0.5678569,-0.09204596
0.1841891,0.9565858,0.39573064,-0.3666822
0.87757325,1.3508214,-0.88615257,-0.012402929
-1.8144864,-0.43895742,-0.6235654,0.5686256
0.3420665,1.0687591,-0.12952998,-0.5251132
0.29984453,-0.15023857,-0.9247471,0.99535644
-1.1440167,-1.7968582,-0.32093522,0.828892
0.51949096,0.7729123,0.34246293,-0.9849097
0.72798944,-0.9880708,-0.6845866,2.766034
0.9000653,0.8817249,0.2850917,-0.0012538746
0.080527425,-2.1474614,0.12237053,1.2559701
0.33625305,-0.6279639,1.4037312,-0.49174827
0.16775379,0.21632496,0.77237076,0.1140351
0.6555812,-0.11367812,1.8410016,0.6427832
-0.94615555,1.7117018,-1.0813352,-0.4296125
0.9514843,0.506662,0.76603854,0.43148693
-0.4346052,-1.2260796,-1.4589008,-0.7381159
0.7096219,-1.0269971,1.0476626,0.53708863
-0.5441018,-0.5293398,-0.66443026,-0.1221343
-0.13679919,1.0090303,-1.7941464,1.13541
0.39597008,-0.77815574,0.97044337,1.2375731
0.8042448,-1.5077165,0.9589299,0.095008686
1.5704572,0.79878646,1.1071944,-1.2859704
-0.13739914,-1.8375543,0.25097772,-1.4286548
-2.0540793,1.2940797,1.0169507,1.1487293
1.2892652,2.1652157,1.3931723,-1.5020521
0.69914925,2.008938,-0.8423603,2.1171808
1.0346084,-0.50455916,0.8380681,-2.3898206
-0.038192507,0.5242514,0.7144477,1.1884861
0.54442066,1.3992438,-0.7676551,-0.48300204
0.2404215,-0.66957307,1.8405546,-0.6409346
-0.23191135,-0.47260213,0.44693166,-0.76479816
-0.5550885,-0.6649745,-0.24706589,1.3433697
-0.798619,-1.033778,-0.42608577,-0.07427742
-0.19203833,-1.0704366,-0.7655761,2.141389
-0.4064085,1.3109189,0.4525813,-1.129458
1.6824923,-1.5515399,-0.91033655,-0.6829009
1.4982322,0.704411,0.31535706,1.3167677
0.81315124,-0.022065407,-0.027305039,0.20546609
0.89758474,-0.43424124,1.4328218,0.3082186
0.04213212,-1.4935771,0.29999423,-0.43215424
-0.031611837,1.1772503,-0.026518488,-0.4203484
-0.053947058,-1.7568148,2.2962,-0.84895855
0.97762597,0.9376121,0.035407625,-0.5169989
0.42649543,-0.9854053,-0.5887917,-2.162647
-0.59056735,-0.5726949,1.6014631,0.8132491
-0.89541554,-0.53016114,-0.37387905,-1.820151
-1.2971362,-0.9598039,-0.05266193,2.1193192
-0.96221745,-1.2462598,1.143523,1.5619124
-0.57038766,-0.74187356,1.8651097,0.8593282
-1.8924496,-0.74228466,-0.4704142,1.2608893
-0.6319799,0.6638068,-0.40551856,-0.37689266
-0.9918927,0.42457163,-0.53552634,2.8292198
-0.50941336,1.085398,1.8316602,-0.58859134
0.55710554,0.5888677,-1.1113731,0.854109
-1.1840763,0.956345,1.4065796,0.68916273
0.87277895,0.9593471,-0.24509242,-0.124900006
0.5625151,1.6547728,0.5154455,1.1404682
-0.45790243,1.615141,0.5325463,-0.059897088
0.7978761,-1.4951483,-0.35694662,1.3545552
-1.1518224,-1.6047447,-1.031559,0.718921
0.7760765,2.228078,-0.3587995,2.4532952
-0.35827368,-0.39253753,-1.1013912,0.62952
2.1987252,1.3776659,1.6501104,-0.027297398
0.6258089,-0.17663008,0.19942153,-1.2059848
-0.9945536,0.61651146,-0.67752635,-0.47154823
-0.853856,-0.62891936,0.8283949,-1.0473192
-0.03769284,-1.3532469,-0.8632247,1.527866
0.8767785,1.2334781,2.5212212,-0.2279161
0.89591944,0.42625615,-0.3192598,1.1957994
-1.2585548,-1.1692636,0.19748089,0.44756135
0.12482149,-0.6426627,-0.3407505,1.3552704
1.6315341,-0.7520533,0.16045755,-0.586657
1.5964695,0.93973047,-0.31714496,0.010140858
-1.1910194,-0.1257926,0.080494285,0.922515
-1.603851,-0.4235338,-1.7487057,-1.4828626
-1.2914146,0.7107885,0.17209598,1.5504327
1.8728456,-1.5915865,-0.1500718,-1.0829617
-1.6832664,-1.4159629,-0.6501973,-1.6337111
-0.6986423,-1.731781,-0.28555408,0.44798192
0.713865,-0.70478374,-0.9234546,0.93045735
0.080748685,1.2591683,0.3704532,-0.23321116
-0.3023892,0.90879786,-0.4168814,0.8268037
-0.14064616,-0.86708826,0.17313266,-0.9199315
-1.4976044,1.2396262,2.0952775,-2.3100214
-0.18792106,0.652682,1.2541463,0.88154805
-2.9165397,-1.7777822,-1.107548,1.3764323
-2.1041763,-0.3286822,-0.62880665,-0.67300105
0.94653565,1.237119,-0.16245697,0.33145928
0.1666598,-1.1951438,-0.9132066,-1.683553
0.5110615,0.29446128,2.1747203,-2.1526215
-2.255513,1.080345,-0.82142884,0.9247363
0.31968936,0.8007565,-1.087933,1.1565925
-1.3148773,2.9665651,-0.22125672,0.3456474
0.47255325,-0.93314534,-1.0883032,-0.95991874
-0.1822345,0.32057256,1.3641882,-1.7294804
-0.93506217,-0.030105582,-0.82644683,-0.77876943
2.4922318,-0.26442477,0.367375,0.20771456
1.0975194,0.6816822,-0.2820157,-0.3670184
-1.1918386,0.94789165,0.9113614,0.354988
0.63589406,0.20763518,-0.33797008,0.6049597
0.4800689,1.5580043,-0.795828,-2.465722
1.241744,0.03331758,-0.7748538,-0.34094316
0.7238083,0.5941535,0.40142807,1.2629368
1.2329682,-1.3033594,-0.47772035,0.7308379
0.30317175,-1.6403021,0.7467395,1.1719457
-0.6145559,1.3699069,-0.59561765,-1.7950369
-0.09248206,1.4545273,2.591927,-1.2514957
-0.8312383,-1.4290975,-0.2963287,-1.6535122
-0.6870273,-1.0496325,-1.1655054,0.2592326
1.8235515,-1.5695653,1.0200163,-0.96563053
-1.2962925,-0.6453525,0.44902122,-0.14987603
-1.2259363,1.8807476,-0.16312195,-0.6939196
-1.6631702,0.45029745,1.0900413,1.3583767
-1.429568,0.3759175,0.36812517,0.7098856
0.7624386,0.18210724,0.32623234,0.59901184
-1.2123206,0.9548751,-1.2012819,-0.4909382
-1.8524103,1.0597353,-0.27134982,-1.0489875
-1.123868,-0.73716855,1.3101492,1.9444407
-0.4254433,-1.5077349,-0.8635819,0.5797083
-2.0254414,0.38669315,0.5472425,-0.9903116
0.25980994,-0.0863617,-1.6760386,0.6146472
-1.11467,0.15057613,1.0495101,0.4600244
-0.038119484,0.09226283,-0.9686709,0.4430588
-0.24296077,0.4107019,-0.6761621,2.1861198
-1.0667708,0.51408285,1.5028461,0.20002563
-0.25268757,-1.6944209,-0.9979334,-0.7587762
0.7824226,-1.6391847,-0.70896906,-1.6521666
0.919754,0.8019396,-0.0020056115,0.8135486
1.2515823,1.7610714,0.9046931,-1.7759309
1.847966,-1.82695,0.302722,0.34310055
1.4619699,0.89269394,1.512956,-0.9502278
-0.36314046,0.952871,-1.4001026,0.7499579
-1.2857463,0.9311116,-1.0874056,-1.3363824
-0.44148707,-1.915933,-1.6917261,1.4302145
-0.06381398,-1.1636041,0.16527833,-1.2087998
2.4229407,1.5566363,-0.2814115,0.55989045
1.4797632,0.24039668,1.4924383,0.6753422
-1.2206228,1.2322024,-2.305432,-1.2787952
0.008187211,0.491372,-2.1367424,0.003863055
-1.37172,-0.19405481,0.97315603,-0.80209434
1.3107147,-0.70726323,0.20453514,0.35700223
-1.976352,-0.29411617,1.2169135,1.0553315
-0.52623165,0.38953462,0.8095464,-1.7975875
0.87501365,1.0246414,-1.5019419,-0.16130707
-0.19352992,-1.3525151,1.1882709,1.9669751
-1.1305059,-0.22844155,0.85387343,0.46399665
0.5758984,-0.97567946,-0.1851477,1.6235374
-1.090985,0.2055966,1.076556,0.21099132
-0.24847382,1.6659557,-0.65127575,0.33890304
-1.7252309,-1.9509526,-1.4893508,1.0723517
-0.24548368,2.3983936,-1.1267498,-0.7390414
0.4807739,0.31086615,-0.1534663,-0.81105554
0.44757402,-0.20302229,0.11119209,0.8567445
-1.4072443,-1.1269435,-0.94665,0.5457954
-0.39034176,-1.4315164,-0.8937083,0.29871982
-1.6701788,-0.9132307,1.043855,0.78969485
0.54309666,1.431492,-0.22521383,0.1600932
2.5844772,0.30693606,0.8550708,-0.74730957
1.4152472,-1.737143,1.7323833,-1.8056897
1.3723749,-1.2601532,0.5344985,-0.038903125
-1.450888,0.48481992,-0.9474162,0.048813693
-0.8091173,-0.019542769,1.6679995,0.7882915
0.0442921,-0.47437787,0.7835155,-1.7109041
-0.8245987,0.35318804,0.37668765,1.945044
-0.9601646,-1.0145371,1.4442083,0.5018875
1.9689333,0.26906762,-0.56359804,0.4838325
-1.477222,0.86989534,0.28819045,-1.9224911
0.23799661,-0.68857896,0.5790201,0.43449453
-0.38043377,0.71680087,-1.1594725,1.4242047
-1.1576642,1.2862059,-1.1022787,-1.283293
0.63914096,1.6841145,0.28171808,0.6692549
-0.8663448,-0.92780215,-0.787255,-1.7287093
0.9131946,-1.7550256,-0.4277587,-0.31004053
0.18618122,-1.9960108,1.4007266,1.0826551
1.242496,-0.2195279,-1.2591155,-1.4233928
0.6111744,2.5289423,-1.547214,0.83737296
0.158922,-0.47815582,-0.9974282,-0.46652773
1.3956816,-1.5920453,-2.3340049,-1.4134467
-1.2974254,-1.2080473,0.49267304,0.49988922
0.46909904,-0.120684244,0.8857242,1.6891977
-1.7208163,-1.5764704,0.28702816,0.0569117
0.73606163,1.5134199,-1.4538153,0.69422406
1.1032648,1.0567926,0.1405288,0.4298375
0.3362052,-0.20541687,-0.31441692,0.015575435
1.2251266,-0.8778329,0.43413815,-2.3443465
0.51667744,1.4464854,-0.6221551,-1.9865382
-0.109321244,0.31961575,-2.414189,0.5936186
-0.5091176,2.1640518,0.32466123,0.6162676
0.88409144,1.0667756,0.01673727,-0.55815196
1.2937359,-1.3581356,1.3740379,1.5828758
-1.0896888,2.3948877,-0.43490735,0.49591443
-0.50021344,1.1171634,0.5619733,-0.7307232
-0.089339726,-0.719619,-0.47237042,0.46072507
0.8670906,0.703959,-2.2277164,-2.163857
-0.9247502,-0.006366916,-1.2334707,-0.30007255
-0.13065143,-0.26996574,-0.8399855,-0.42640147
0.07084997,0.36942062,-0.16525984,0.1282262
-0.065152526,0.5573473,-0.051781215,-0.3140656
-0.5660062,-0.48934612,0.44448528,-1.4655125
2.1637053,-0.3480677,-2.1927862,-0.8509614
-0.31441802,-0.11978329,-2.233759,-0.7649481
0.4312325,-0.3707685,-1.1316231,-1.6464815
0.11035304,-0.07432034,-1.1635196,1.141172
-1.6155742,1.0384651,-0.74268264,1.246031
0.78242993,2.0416214,-0.19902359,-1.2804682
0.29762462,-1.1832122,-1.3699315,-0.1473639
-0.99207443,-0.60016865,-1.7889323,-0.008284897
-0.9015543,-0.16703011,0.80131584,1.1121149
1.2148201,0.57732403,-0.15553541,0.090215266
-1.0228347,-0.22862321,-1.249227,-0.40096164
-0.4514453,0.8266287,0.953504,0.1019038
1.2127378,-1.8278255,-0.45191708,1.5044928
-2.5143697,-1.7735826,0.79699403,-0.004399948
0.66071075,2.602527,0.08143572,-1.9098623
0.2757719,1.7894856,-1.3202215,-2.3636167
-0.008055672,0.4613897,-2.1784148,0.73158103
-1.3033946,0.2736522,1.7134638,0.28736553
-1.8401419,-0.1804819,-0.0403976,-0.25245902
1.7663326,1.1420403,-2.0047312,1.4270443
-0.50536835,1.0189627,-0.34353298,-0.78061223
-1.190233,-0.2752074,1.2248216,-0.8843018
1.1190805,0.44591746,0.064659745,-1.4879621
-0.60847443,-1.2774756,-0.9482446,-0.08470301
-1.1878376,-1.1409987,1.189747,1.5620899
-1.6013523,-0.728801,-0.35286495,1.055722
1.7339826,-0.69733787,0.840053,-0.309178
-0.0086700665,1.0912337,0.5252113,-1.3133634
0.44940868,0.40028137,-1.1003047,-0.47253063
1.3223448,0.6835818,0.7905843,-1.9082593
1.0989453,0.022785518,1.3613338,-0.011041074
-0.23371714,0.028726906,-2.6815045,-0.49138278
0.8456684,2.3676348,0.25672093,0.12157751
0.0903125,0.16987707,-2.287465,-1.7582988
-1.1495354,-1.1035047,-0.20183909,0.8615088
2.0741754,2.169493,0.17407212,1.823702
-1.0895175,0.6821643,-0.4652247,-0.48499152
-0.5402829,-1.5340841,0.07123372,0.07071255
-0.39753208,0.13193303,-2.4366183,-1.8084273
-0.25742707,-1.1537508,-0.09290521,0.95188683
0.706125,0.7471456,1.1727053,-0.6072661
1.4685346,-0.78317773,0.113119766,-0.97144836
0.75264806,1.9388136,1.0872223,-0.14432532
-0.029001303,-0.39855185,-0.7608236,0.89660674
0.9602682,1.7630424,-0.8760207,1.1650527
-0.53572637,-0.34340405,-1.6783148,-0.3200919
-0.9438737,-0.93665,1.158871,0.089613795
0.5797862,0.1709988,0.18272099,1.0873969
-1.9899459,-1.2613177,0.84754735,0.9997777
-1.747002,1.2214172,-0.61099905,1.6821115
-0.74626654,-3.3760486,-1.5352874,1.6179702
-1.3769844,1.7959309,1.182522,-1.2380626
0.653715,0.7394028,-0.4152204,2.6419592
1.2434311,-0.41155925,-0.5551324,0.50801384
-0.37981322,1.1180042,-1.0019592,2.1926816
0.138147,-0.70109993,0.8378824,-1.4144948
-0.02272789,0.65418917,1.4163333,-1.2426424
1.2250291,-0.22148031,-1.4665984,-1.3029132
-1.6284161,0.637681,-0.576209,-0.7115181
-1.3075005,1.6125722,2.768388,-0.20569563
-1.5630636,0.69147676,1.4073209,1.2613318
0.7436769,0.6476759,0.7423468,1.0627786
-1.3049843,-0.93998295,3.0348747,-2.5155337
2.012633,-0.36740237,1.4260114,-0.6847357
0.9823435,0.5644056,2.0190394,0.5923524
0.35706243,1.2937609,-0.10954768,0.27818686
0.11347059,-1.1911862,1.3839966,-2.6086683
0.6937166,0.85111916,0.29830974,-1.6786076
0.1806247,0.13715005,1.6313766,0.08972148
-2.2218006,-0.65726626,1.6565703,-1.578627
1.8136245,0.17037791,0.42509726,1.260598
1.196657,-0.8220698,-0.27739167,-1.1294492
-1.5239118,-1.1434637,-0.0028326928,0.3984456
-0.3209818,1.7375879,-0.59651905,1.1640365
-0.24166545,0.49360654,0.96075565,-0.21667512
1.5025703,-2.046158,1.7136618,0.9283433
-1.6461555,-0.5973986,-1.1497239,1.1180681
0.87595534,-1.0312412,-0.747528,-0.69423354
-1.8229867,-0.38062978,0.6083197,0.57882804
0.60753113,1.653858,-0.30692726,-0.4682956
1.9742931,0.46068147,-0.058809996,-0.90220207
-0.9897815,-0.7367137,1.5111299,1.5918934
2.284853,-0.7202957,1.8510787,-0.4991483
-2.3192592,0.76694036,0.038216785,-1.6951154
-1.9948037,0.6443376,-0.41444546,-0.58791965
-0.13319537,-1.231965,0.0386473,-0.6407484
-0.73991555,-0.0777744,-0.39530423,1.0517242
0.3797485,0.5197169,-0.76522225,2.3798535
-0.90653366,-0.1287264,0.55718744,0.7580821
1.9534981,0.12771483,-0.06687073,0.43399364
-2.1087606,1.4796927,-0.95059866,-0.5784799
-0.39174846,-0.23420924,-0.8528413,1.1166687
-1.3122675,-1.7519637,-1.4821587,0.9635197
-0.9974874,0.0898504,1.1086754,-0.35914794
-1.3157465,-0.55896837,0.25912368,0.60867894
1.51465,-0.8257453,0.881399,0.6652457
1.3477206,-0.5152069,1.5399632,0.6752187
1.3194324,-0.77477807,-2.2939134,0.22705667
1.6077491,-0.16823463,1.0674212,1.3128554
-1.1945035,0.902216,-0.17236342,0.07702683
1.8231889,-1.2153372,-0.3996417,0.94500387
1.7887089,1.8377733,-0.5612529,0.94191146
-1.1321005,1.395563,-0.056574278,-1.3073566
-0.92941886,0.5909402,-1.8203372,-1.1474698
-0.021539925,-2.213904,0.32688648,-0.4791621
2.12282,2.1368628,1.7051901,0.18216343
0.13782127,-0.7834193,0.73376334,0.7774652
-0.44711497,-1.4824595,0.6526181,1.5934854
0.35721532,-1.5181441,1.2164994,0.38429216
-0.33969823,-0.61843896,1.327832,0.7179693
0.12308284,-0.675854,-0.006394917,1.0112296
0.36801496,1.7408918,-1.443344,-0.3919401
-0.33084464,0.13838188,0.6366056,-0.56715393
-0.3041767,-0.5670387,-1.5035828,1.3490058
-0.016578518,-0.30762935,1.2741363,0.428949
1.1817298,1.0718347,-0.4091696,0.4928582
-1.2258737,0.5139344,0.9986988,-0.9699433
1.9784018,-1.234764,1.5460762,1.1397072
1.1284261,-1.4184253,1.4190884,0.1861288
1.0062057,0.16766469,-0.6384944,-1.1205164
2.2771149,0.6055359,0.80014664,1.5039014
0.10149611,-1.0714588,1.5183936,-0.99089736
-0.091019124,1.2320751,-1.1169456,0.43386084
-0.1988005,0.5764753,2.5687919,1.2127379
0.5913345,-0.018472182,0.5856768,-0.28242713
-0.31262076,-0.12803046,0.7918743,0.9520793
-0.03501449,1.8221542,0.5919128,0.4585102
-0.41055885,-1.0551875,-0.8873076,0.8623438
0.4279875,1.4086994,1.2553272,-0.2862441
1.182645,-1.51626,-0.9092957,-1.5285345
-0.6791551,0.9672738,-2.275409,-0.18312383
2.4308066,-0.8526994,-1.1643904,-1.455256
-0.8281198,-0.3182605,-0.9520475,-0.43712026
0.67648673,0.14850804,-0.67909884,-0.15335792
-1.7172433,-0.6435901,0.97797304,-0.5523729
-0.7439339,-2.6479115,-1.3572266,0.4957841
0.013142353,0.5829758,-1.400389,-0.26488924
1.1076937,-0.5522895,-0.64455026,0.3889114
0.56345165,-0.7657165,-0.30402035,0.4700873
0.7663234,0.88967144,-0.166709,1.141015
-2.2301035,-1.1359766,0.9525617,-0.79529345
1.4674772,-1.3351765,0.13692366,1.9594845
-1.5165204,-0.41352636,0.020927835,-1.5921878
1.0949382,0.8796444,-0.1201193,-1.7318815
-0.64020777,1.0311656,-0.7995144,1.4684082
1.0187294,1.2639401,0.68939465,-1.4147936
-0.3950945,1.2595081,-1.1943393,-0.86869633
-1.6520627,0.13642134,0.2933649,1.0540959
0.9629238,-0.24061544,-0.46227926,0.06439511
1.6323632,0.51337934,0.3640784,-2.9844375
-2.2044637,0.26283312,0.75076956,-1.0716633
0.85612655,0.32364136,0.67339545,0.76387584
0.77097934,0.5712928,0.98526245,-0.3742205
1.3470848,0.57465494,0.15648626,1.8944056
0.07337626,-0.16698278,1.5656604,-1.8339258
-1.3710611,-0.5158413,-2.0370266,-0.7988967
-0.78936595,-0.6203818,-1.3460826,0.8944743
0.93218243,0.31750357,-0.48363638,-0.7902787
-0.35278222,-0.304946,0.87547904,-0.6761286
-1.4648075,-0.056884132,-2.2239542,-1.1032336
0.6040037,0.03367647,0.38160685,0.57425123
0.56221896,0.27746215,-0.7158524,-1.5015057
-0.22185145,0.3068125,-0.3001939,0.0019644897
-1.1019583,0.21738572,-0.39795446,1.0597506
0.34310615,-0.3953152,0.23368795,-0.04543252
-0.22507656,-1.8239759,0.8569877,1.2856134
0.907723,-0.7507885,0.64209455,-0.29387558
1.8099854,-0.66133595,-0.08984951,-0.69296175
0.54450685,-1.8933179,0.04503123,-0.7189674
-0.7758417,0.17744914,-1.8219751,0.7537596
0.9353168,-0.010223626,-1.2265915,-1.5260234
1.1116529,2.7838664,-1.052709,1.3463808
-2.180334,-0.26385555,1.4882427,-0.69634646
-0.21506514,-1.5826182,-1.1009688,0.7201645
-0.8079169,-0.91887087,0.3984323,-0.58787775
-0.47241232,1.1563392,-0.00075878156,1.625869
-1.4329079,0.82547957,1.6350652,0.4261105
-0.7808123,-0.5423548,0.5108488,-1.2548436
-1.2369772,0.60486495,0.8338488,-1.2529899
-0.9851746,1.8902572,-1.7831156,-1.8006542
-2.2678561,2.220751,-1.9016248,0.40230393
-0.33103636,1.7127708,-0.47942853,1.076997
-0.8713324,-0.31574345,-1.9219062,-0.27486092
1.2931409,1.2494154,0.89868635,-0.062333275
1.1086402,0.13007012,-0.38359332,-2.1161942
-1.9683995,0.5316442,-0.6677487,0.40289822
-0.29850766,1.4458442,-0.9875236,1.8810027
1.2222339,-1.571987,-0.18664926,0.3634098
1.0024332,-1.5163757,1.8948137,-0.6339925
-2.7347345,2.3207674,-0.7817955,-0.40100566
-0.2965002,0.48643908,0.87944245,1.4607687
-1.6790501,-0.6513686,0.2615828,0.35580903
-1.2190766,-0.08607936,0.37394014,-0.14048104
0.011936852,0.44608757,0.24455677,-1.1756077
0.27424383,-1.142606,-0.7727135,-0.36254275
1.4157155,-1.9009534,0.10523639,-0.46902817
-0.1453565,0.54085237,1.8541806,1.9535344
0.47213838,-0.49359214,-0.44268867,-0.8602787
0.99472606,-0.13221234,1.7152196,0.8787606
0.41993764,-0.53473383,-1.8811184,0.20654102
0.16160162,-1.3241203,1.0310789,-1.7973759
1.1284206,-0.48420224,0.6760429,0.2863483
0.96940464,-0.57169414,1.7729313,-0.95764774
0.9920616,-0.17047572,-0.769053,-0.06792968
2.337666,0.7261295,-1.0404271,-1.75226
-1.367234,2.279916,-0.63562506,0.16505502
-0.20819533,2.4855983,0.05927664,1.7939417
-1.4418132,-0.12023682,-0.58783954,-0.5003816
0.13314673,-1.2321249,-1.6072512,1.4299808
-1.0481838,1.1798611,-1.2578574,1.9798272
0.4435378,1.0357019,0.9662303,0.6365867
1.6739879,2.0640352,1.0943061,0.013563259
-1.7643478,2.2021232,0.6449065,-0.3598632
0.040150184,0.5733063,1.5530756,-0.37783545
-1.0335134,0.37020206,-0.05131834,-1.0696493
-2.2475288,1.3116018,0.81077737,0.44512227
-0.19435947,-1.4457943,0.1319318,-1.3339163
-0.70660114,0.95912445,-1.8775806,-0.79351646
0.1918057,1.5737532,-0.648898,1.1647754
0.6658067,-0.41422153,-1.6297134,0.91640466
-0.6273439,-2.0698614,1.7813369,-0.61503845
-1.3640872,-0.0062644016,-3.7100887,0.775891
0.13870767,0.3877277,-1.442382,-0.014820627
-0.40185216,-0.1709306,-1.653912,2.125027
0.29965743,-0.899918,-0.39694905,-0.31503797
-0.360441,0.12203387,-0.1881966,-1.2349852
1.2681766,-0.03312836,0.13197489,-0.56562114
0.28162423,1.6011924,-0.023027174,0.6029528
1.0459815,0.7375405,1.1425341,-1.032619
1.7456838,-1.1446654,-0.25665796,-1.029299
-1.5459951,1.2862492,0.21715163,0.31747255
-0.123238504,0.06536892,0.803317,-0.2487083
-0.20306206,-1.4223998,0.19551797,-0.9494957
-0.14705023,0.402286,2.0553598,0.27052578
0.80455565,0.06366303,1.1420768,2.1125345
0.7240317,-1.6569982,-0.16406718,1.8577328
0.962981,-0.44305992,0.50839907,-0.82298404
-2.0041595,0.98622346,0.36560982,1.5888187
0.9590922,0.0025112063,1.3133464,-0.70487416
0.46049896,-0.37651664,-0.8377714,-1.5905157
-0.42513257,1.7814934,-0.6609563,1.4276168
1.5799555,-1.1952893,0.06464517,0.46902412
0.3323135,0.012068417,-0.6404571,1.7419689
0.19671518,-1.8242596,0.7652811,-0.62378776
0.471759,-1.2116023,0.08628142,-2.2075486
-0.30745766,-1.311374,-0.95485455,0.7318854
-0.5813383,-0.793658,-0.32365662,1.131604
-0.5430957,-1.6727812,-1.5605559,2.2961574
-1.815834,0.7160631,0.067004986,1.3866374
-1.6435872,0.6985838,1.2623835,-0.8827703
1.092089,-0.1252964,0.07647746,0.37596756
0.87576723,1.2846017,1.1454067,-0.17479642
1.793742,-1.7279786,0.15642025,1.0717587
0.41775253,1.3831338,-0.7922744,-0.41540295
0.62278,1.0156777,1.4831202,1.8871005
-0.2787967,1.7409134,-0.14853159,0.7589461
-0.62933004,-0.48111045,-0.20268655,-0.32828692
2.082146,-2.1672115,-1.5315151,0.72681886
-1.8119996,-1.112997,-0.31007397,0.86075866
-1.8679017,-0.37404683,1.0046245,-0.20977296
0.6882903,-1.2497587,-1.0184234,-0.5991635
0.4395457,0.40229136,0.25321606,1.0049614
-0.5966637,0.25252596,-1.0158954,-1.368078
-1.3753273,-0.7869908,0.621429,-2.6201975
-1.2348454,-1.8533264,1.3126498,-0.4414083
0.012471947,-1.2960287,-1.9262466,-0.86126214
0.3779387,-0.41414762,0.85162836,1.461706
0.37626252,2.201592,-0.03492871,-1.9811424
1.1019194,0.13089117,-0.21333817,-1.4864235
-0.28353736,-0.2794666,-0.41542447,-0.99335057
-0.6360383,0.859077,1.3553737,0.81569284
-1.1649505,-0.34089217,-1.1058601,1.7036048
-0.41049084,-0.9382302,-1.0599884,-1.1637287
-1.3293477,0.102537185,-1.9211843,0.18578683
-0.039974615,-0.621012,0.33892822,-2.2622023
-0.13195711,-0.55599165,1.4001387,-0.18282495
1.271319,-0.44692576,2.0790768,-0.76943755
0.6281701,-1.3926611,0.4560775,-0.7449251
0.2599251,0.77220094,-1.2405854,-1.9180142
-1.0876776,-0.33805493,1.7433344,0.7345669
0.37577644,2.0372546,0.028572666,-1.8019533
1.8562336,-0.46078715,-0.26394856,0.85077333
-1.3538314,-0.7478599,1.1475245,-1.3439664
0.7905481,-1.3578937,0.36118504,0.25464174
-0.29122046,-0.8721846,-0.29568753,-0.8890494
-0.5382154,-0.25166973,0.23223929,0.002170516
-1.403932,1.2179084,2.0110145,0.10963344
-0.9838992,0.6094894,1.2343562,1.5451198
2.1673958,-0.9438242,0.8740729,-0.36221176
-0.19324178,0.43638653,1.979275,-0.5560213
1.3407978,2.067066,-0.5635513,-1.7610954
-0.5788326,-0.4607747,1.493051,-1.5962338
-0.01930665,2.2277238,-0.5728895,1.1739497
0.49559227,-0.49658012,0.58556443,1.6718913
-1.2988995,2.0719635,-0.9805005,-0.030447388
-0.8882119,0.5244354,-1.0617833,0.30401573
0.8684567,-1.2510523,-0.4634931,-1.5487002
-0.6104126,2.4112115,-0.91874677,0.5980542
1.6498078,0.52872294,-0.6955677,-0.7859573
1.3441745,-1.4949358,-1.0860893,-1.4173216
-1.2739433,-0.4909017,-0.87104666,-0.5656129
0.61185414,0.4343332,1.0201197,-0.08249577
1.79495,2.0101342,0.06783665,-1.0367581
-0.9334715,-0.24379207,0.6420055,-0.3546086
-0.34737164,-0.6564599,-0.2681639,-1.0028595
-0.79561436,-1.4846221,-0.07500487,2.4784603
-0.0863363,-0.47175026,-0.5624441,1.9224358
-0.69044757,-0.63927627,0.312071,-0.09337031
0.09844258,-0.0025273939,1.4609541,0.8228921
0.81326944,-1.4211829,0.9693154,0.7348469
0.32199967,0.098508306,-1.6728792,0.4804857
-0.96562606,-0.8031891,0.40305486,-0.1555995
0.9463233,-0.9388855,-1.5803766,-1.2107636
-1.2632703,1.5948439,0.6131646,1.0269885
-0.3262854,1.4364191,-0.74089736,0.7644611
1.713394,-1.008223,1.1210212,-1.779537
-0.8700885,1.5836784,1.1473403,-0.077000745
-1.8938723,-0.052701868,1.0257983,0.88594574
-0.44277808,-2.084366,-0.3726731,-1.4330093
-1.5554503,-0.08204548,0.2047211,1.676908
-0.80016,-1.0627154,0.45070034,1.1185647
0.70496553,1.8150887,0.5576237,-0.44489875
-0.09194119,-1.136965,0.96552867,1.9203546
0.45358744,-0.1260409,0.14714955,0.37957564
0.43807486,0.6154157,0.62028855,-1.2932731
-0.8589356,1.4181919,-1.6715615,0.84884685
2.0241122,-1.0278867,-2.5943503,-1.0832949
-0.4758605,1.9285324,-0.7565528,-1.1271981
0.7962058,0.43991435,0.651381,0.40486702
0.8619202,0.38579506,-0.2168804,-0.58544344
-0.3948076,-0.4076924,1.2841372,1.6583581
-0.82679325,-0.41547948,1.0918565,-0.7460825
-0.7291569,1.1428881,1.0655229,0.46970293
-0.06254809,-1.1320513,-1.0899818,-1.5717146
-1.0917163,0.48450217,-0.8329246,-0.8354435
0.18291332,1.6015261,0.7530355,-0.45608792
-0.6662905,-1.3210963,1.7976552,0.55734676
2.5500493,0.9590973,1.2500644,1.2991047
1.606219,0.26811513,0.71280766,-0.482588
0.41003382,1.6121901,-1.9684678,0.17956315
-0.9439376,0.37877876,1.4497893,-1.3286774
2.6048985,-0.4288129,1.381053,-0.14781696
-1.2511926,0.51274276,-0.488673,1.3033003
-0.5251649,0.80728936,0.92224854,-1.4454564
1.2527139,1.4315583,0.73792434,0.03309956
-2.1329155,-0.13193987,-1.6429366,-0.92991734
-1.5373708,-1.4936291,0.22335832,-0.1273664
-0.042095967,-0.41752717,1.1519392,-1.4770439
-0.9729001,-1.1338395,1.5659033,1.9743897
1.2792158,-1.3844705,-0.33336926,-0.31763402
0.9489731,-0.47260225,-1.263007,1.7427753
-0.9313089,0.095956266,-0.36840227,-0.7525928
0.057359736,-0.14766984,1.9425653,0.39127016
0.28202695,0.71220857,-0.9421864,-0.29109663
0.22824804,-1.2426059,-0.9417664,1.9249711
1.8115689,-1.3225328,-0.5035149,1.5862852
-0.358012,0.004354406,-0.6738017,-0.17605633
-0.398222,-0.82578796,0.60769606,-0.9762784
1.4274957,0.32849336,-0.38905397,0.3098107
-0.3350677,0.27470022,0.7460485,-0.31343704
1.0014025,0.42940536,-0.09037199,-1.9327267
1.7930502,-0.7757182,0.615235,0.34626222
0.9201742,-0.8246461,-0.051609427,-0.05670576
-0.14845721,-1.4078714,-1.8993826,1.3723722
1.412982,-1.333646,-0.18830742,-0.8789635
-1.1861749,1.0482031,-0.9403738,-0.7513007
0.31816545,1.6182972,0.36103904,-0.26273718
-1.5105274,-0.35700068,-0.23199181,-0.37341473
-1.0613922,-0.3290144,-0.96787775,2.091535
-0.08573967,-0.6400139,0.20471941,-1.0433089
-0.49996796,0.36371052,0.13578112,2.4474068
-0.2133992,-1.5544921,-0.5310661,-0.28425166
0.98452896,1.0774302,1.4418616,1.3277448
0.27521765,-0.99267966,-1.9818728,0.45712078
0.27768815,0.5612162,2.2347922,-0.08451796
-0.036128655,-0.15698655,0.2834889,2.6451836
-0.41639695,2.0070124,2.0873137,2.092483
0.20719086,0.9644564,-0.2961029,-0.4776815
-0.30456534,0.842125,0.9687255,-0.7493154
-1.2227138,0.75328565,0.8409974,-1.3907499
-1.0443091,1.2059845,0.273507,-0.42781606
2.0936506,0.7093316,1.3625064,1.5725739
1.1195996,0.67300683,-0.101857185,-1.8812256
-0.7530985,-1.8798912,0.9272872,0.5188852
1.1546882,-2.4925063,1.146,-1.207346
0.31795773,0.21322915,-1.2053027,-0.71004623
0.109879486,-0.37396446,-0.6081833,0.8711304
0.40595332,-1.916357,-1.15019,-0.21586452
-0.9851692,-0.2444008,-0.86197615,-1.8654529
-0.69883376,-0.37907043,1.9851608,-1.259834
-0.96355957,0.713135,-0.508807,1.9518872
-1.7111739,-0.6022166,-1.3830253,1.8077519
-1.1787927,-1.8021731,0.46018484,1.6947737
0.88349706,-0.44007498,0.011014186,0.16482878
-0.3068409,-0.6481203,1.3142915,0.4626654
-0.8150261,0.8742965,-0.4784778,0.35218427
0.79811954,-1.1002549,-2.198755,-0.073859386
-0.90136397,-1.449622,-0.33279034,-2.2482305
-1.4364983,-0.9579409,-1.1926272,-1.3014675
-0.9815383,-0.99713504,0.12534532,-0.2541641
0.26872322,-0.0044030068,-1.2296615,-0.61256474
-1.9505718,0.11394291,-0.8220489,2.0507836
0.49577588,-0.64743054,1.0171914,-1.9873593
-1.125714,0.47463247,1.1009742,-0.07332336
-0.21890727,-0.30644208,1.4786313,1.5985364
0.8812254,-0.92466944,-0.9381342,0.7853296
0.9803019,0.20387457,-2.607359,-1.3472072
1.2854456,2.0268242,0.37389696,-0.2826669
-0.10220106,0.24534084,1.0361397,-1.1070333
-0.78765875,-0.045006078,-1.3130692,-0.011814097
-0.4463148,-1.9261031,0.8786902,-0.61223215
-0.51546746,1.3315443,0.8876335,-1.2063613
0.9538269,0.27356243,0.2653302,-1.2827829
-2.275339,-1.544841,-0.21455725,-0.7889306
1.5055141,-0.57431877,1.2260464,0.5054243
0.05455957,-0.63394433,0.5863473,1.7143142
-1.1899977,-0.93552667,0.43438008,-0.6056765
0.08602141,-1.5609741,-0.38591808,-0.57261455
-0.9754694,2.3561156,-0.9584267,-1.0623137
-0.9824846,-0.6871341,1.8068315,-0.34291935
0.51299465,0.14207214,-1.2957348,0.058903
-0.48409787,0.5824855,-0.8285037,0.92949015
0.55745447,0.23876658,0.57561207,0.2942294
-1.2196271,-0.31931993,-1.9069581,1.0026646
-1.0402538,0.8178531,0.91794825,-0.06409569
-0.14398715,-0.79038435,0.86423314,1.5440222
1.0459993,0.9034072,-0.8096657,-1.0240675
-1.5159516,-1.5669874,-1.2203534,0.78334767
-1.3368521,1.4122748,-0.13621567,-1.040373
-0.29053834,0.6404193,-0.22330557,1.247513
-0.56362826,-0.958281,1.3684705,-1.046687
-1.472115,0.5907224,-0.7653234,2.090568
-1.209243,-0.09341209,0.8718511,-1.0247953
-0.022680823,-0.09994498,0.5187352,0.9847034
0.6343234,0.05305595,-0.099278644,1.0170974
-0.34550437,2.6540496,-0.9583525,-1.3505145
1.2555236,0.65984124,0.0078079347,-0.88387984
-0.55988944,1.076314,2.5818913,-0.48802358
1.0034721,-1.0476663,-1.2404367,0.09234524
-1.1368716,2.2504082,0.18068047,0.124960445
2.1553557,1.5558271,-1.7221823,1.3300787
0.1805981,0.94085765,0.05474649,0.284992
0.956646,2.1211517,1.2830595,0.30665082
0.7450191,-0.45227936,1.5652858,2.9494445
0.72507256,-0.7315323,-2.0950017,0.51162183
1.5216582,0.4574235,1.551171,0.80555564
0.7562086,-0.89635766,3.429449,0.78537446
-1.0855736,0.38879716,1.2359487,-1.9228498
-1.5251353,-1.7781613,-0.5537951,0.25221166
-0.08751136,1.290806,-0.19029044,1.0692198
0.742841,-0.62999886,0.5814675,-0.6832058
-0.11270508,-2.0073147,0.22070229,-1.7548258
0.2183534,-0.18920825,-1.1242944,0.3234605
-1.318944,-0.13324912,2.0278087,-0.8707646
-0.14245111,0.97878677,-0.6035126,0.3201008
0.84752285,-0.14334798,1.1531845,-0.53229135
0.27382937,-0.21768774,-0.7877556,-0.67027724
0.958632,0.606134,0.95913965,-2.0559735
0.2651554,-0.82013106,-0.8942022,0.25189444
0.5613696,-0.35361943,1.0593507,0.34124103
0.20150404,0.25555837,-0.27424592,-2.4455605
0.31013957,-0.06817221,0.0073738038,1.0295533
0.31532517,0.13621037,-0.012085359,0.79684305
0.60666543,-0.378013,-0.9200277,-1.7801908
0.6658796,1.1179483,-0.5289251,0.3478007
0.17818642,-0.43043897,0.5521471,-1.8691496
-1.3948145,-1.1545465,-1.8486805,1.0607522
1.2192832,0.5441412,1.4278736,-0.07163055
-0.9250059,-0.14701052,0.6388899,-2.0419645
2.0837977,1.0286013,-0.49870545,0.15306069
-0.84828097,-1.9550033,1.3300704,1.444037
-0.0525252,0.76519376,2.1444263,0.037619933
0.35950366,0.7994659,0.7918373,-0.8115879
-0.8998449,-0.5790999,-1.4636298,0.65383744
-1.0191468,-1.1230803,-0.020527821,-1.0010484
-1.2543185,1.4008108,1.6306615,0.99136627
-1.0640434,-1.7533724,-1.9587041,0.045423467
1.34508,0.34093547,-0.72756845,0.5827087
-1.2987046,-0.40343294,-0.08705491,-1.1547233
-1.7935402,1.2777935,-0.59233046,1.4848946
-2.138405,-1.7211009,0.02105133,-0.031100046
-1.0634627,0.3722901,1.6647515,-0.23310964
0.10759312,-0.6970156,-0.0907082,0.28178734
1.2178267,0.55944073,-1.2019049,1.3219507
0.49129513,0.030839037,-0.616477,-0.35441378
-0.31528816,-0.34586835,-1.5995121,0.9858227
-0.049929574,1.6096201,0.143731,0.021487983
-1.6860722,0.38598993,0.7501045,-0.01391543
-0.3798929,-0.41976467,0.8306242,-0.51513815
-0.14403476,1.3100154,-0.6894587,1.7418598
-1.1201574,1.0213729,0.43398643,-1.1370883
-0.33631888,0.31254706,1.9109615,-1.1813607
-0.17998478,-2.8794053,-0.017674748,0.04624847
0.022727711,0.66021067,-1.8669698,1.8263034
0.46229568,-0.2797411,-0.7989492,-1.0678048
1.0363387,-0.00044008583,0.9854224,-1.4336259
-0.9531463,-0.5912128,-1.0782524,0.5269862
0.60797375,-1.5805033,-0.6752029,-2.1683056
-1.236928,0.4475936,1.3035187,-1.1098894
-0.7042207,0.5968336,-0.36482996,0.33126685
1.7798003,-0.778357,-1.0365165,1.1895171
1.1612871,1.2229881,1.5040957,0.21500605
-0.2273879,0.97009003,0.7552641,0.4649699
0.36037165,1.5807223,0.721503,-0.97073406
-0.71782875,-1.2904531,0.9020941,-1.5905896
-1.1232927,0.29575258,0.6361006,-1.8868531
-0.16740616,0.6633992,2.1503427,-1.8716321
0.3970557,-0.22200854,0.28278416,2.2589967
-0.112219304,1.2396029,1.005496,-1.4084365
-1.9424626,-1.636959,0.7193967,-0.75101745
-0.039914005,1.455541,0.7685973,-1.6601827
-0.62530905,1.67135,-1.352531,2.7477043
-0.05136736,0.55492616,-0.80751306,-0.4764179
-0.5316083,0.28690344,0.33181313,1.2488188
0.39371943,0.5702283,0.4680121,-2.2551408
-1.0340858,-0.15780836,1.9975663,2.546958
-0.013419931,0.87709314,-1.3810593,0.84261435
-1.0829868,-1.0610607,-0.60360956,-1.2475669
0.25476074,0.2201679,0.40896448,-0.775867
-2.445752,-3.1730525,-1.8281969,-1.5394219
1.1587794,-1.0570419,1.44687,-0.04093384
-1.2677757,1.5737586,0.9712431,-1.2385731
1.0046636,-1.1240718,-0.2463176,-0.66259056
-0.6357227,0.3966477,-3.0251546,-2.6319816
-0.58820164,0.4236399,-0.35341132,-0.61797553
-0.22505072,-0.51536655,1.8682923,0.5586809
-0.17698841,0.34109893,0.75477517,0.2975772
-2.096202,0.13579078,0.34413663,1.7164958
0.40169016,-2.7493572,-1.1398681,-0.6302245
1.950533,1.399266,-1.2840391,-0.77965707
0.46280387,-0.62947357,-0.39894506,0.43159577
-1.871128,0.44519365,-0.5925525,1.4682107
0.52655554,0.6890656,-1.0073886,-0.4865865
1.2921526,1.0388192,-0.055888884,0.5490933
0.4972334,0.38642588,2.4020135,-0.17385496
-2.0625482,0.286178,0.109859504,-1.4596078
0.73587656,0.72812784,1.9667859,0.43102437
1.9172213,0.8068874,0.4225405,0.82384574
1.6182201,0.0034749927,-0.7319177,-0.7241914
-0.6634307,0.67080754,0.4951284,-1.5864733
2.1947,0.24036078,-0.70912474,0.5290124
-0.25562698,1.7882854,-1.0639197,0.74078417
-1.0181491,0.53165907,-0.20588067,1.0046625
-0.66650826,-0.34847513,-0.14070396,1.1763352
0.579389,0.054845557,-0.14028278,-2.1741884
-1.3042654,-0.7281668,1.3871891,0.8233892
0.80263627,1.1210567,-0.15566802,-1.9888754
0.91423863,0.84661126,-0.611594,0.16087449
0.2540838,2.0691345,-0.83235157,0.57940733
1.7738518,1.0845219,1.099905,-1.114964
-0.72117716,0.85973454,-0.7662315,1.9493742
0.8889787,0.9652283,-1.5265596,-0.29263487
2.3096128,-2.4976184,-1.2141869,-0.7920674
-0.85636985,0.648919,1.1850134,1.6625289
1.1550918,1.0881014,0.062244177,-1.7379053
-2.5027041,0.40471977,-0.23921247,1.2573524
0.1091473,0.008008647,-1.3769192,-0.8730251
0.6114011,0.139797,0.7837097,-0.08496211
0.25769457,0.42312858,-0.40535116,-1.1983607
1.0706345,0.9412997,0.2994547,0.5809958
-1.2428004,0.8382361,-0.3026133,0.43217042
1.3473338,-2.1651201,-0.70641625,-0.8783835
0.432746,-1.662381,1.2272271,0.51965314
2.1547368,-0.7694131,-0.31758216,1.2275504
-0.17433746,0.15382886,1.8199269,1.2130722
-1.7312247,-0.014330409,1.3534831,-2.545019
1.343771,0.16949584,-0.0066717523,-1.0769835
0.49456137,-1.7454267,-0.4827675,1.8399543
-1.2283635,-2.1501043,0.04332373,0.09977805
0.31098267,-0.12850934,-0.40760052,1.3328357
1.2900743,1.8068315,0.6688333,-0.9949688
-2.048938,1.7263379,-0.25232002,1.2582299
0.8749117,0.56891394,-0.05048544,-0.6128733
-0.337716,-2.137203,-0.77782935,0.0647478
-0.5632105,0.2575682,0.36126277,0.45731792
-0.51620716,-1.083218,0.48040354,0.36743814
0.20394461,0.62084526,-1.5991387,-2.0933266
1.6532931,-0.010177064,0.2598434,-2.465673
1.4064331,-1.0817794,0.507266,-0.6587088
-1.6848063,-0.83741,-1.4888616,1.4677616
-1.0320392,1.1955005,-1.6054441,0.9113759
-1.517159,0.21928447,-0.5499405,2.590455
-0.40107062,-0.7021732,0.87997055,1.0850892
2.0329204,-0.76241964,-1.1154369,-0.3317355
1.451543,-0.20587474,-0.17533451,1.4938596
-0.31899324,0.81223273,0.40088722,-0.037121158
-1.5619005,0.57426196,-0.3182671,1.2216761
1.0548766,1.4722475,-0.20221095,0.3559728
1.9264255,0.8226724,-0.3568401,-0.646467
2.5018494,-0.19640912,-0.712994,0.06579187
0.46016893,0.15166655,1.0331798,-1.1838571
-1.2399651,-0.7154413,-1.192855,-0.12985279
-2.1654637,0.19795151,0.45206767,0.030926375
-2.1859856,0.6597548,0.64204687,0.9607155
0.7424892,0.64958984,-3.0102463,-0.19128129
-0.1702421,0.17416404,-0.4789499,-0.1471801
0.5697377,-0.21369268,0.4015755,1.5788918
-0.40247202,0.6557823,1.1493521,-0.72131664
1.0230678,-0.504346,0.5912606,-0.53420043
-1.115075,-0.999158,1.2171849,-1.5992957
-0.4277484,-0.010424087,0.41951698,-0.32084537
-2.3310475,1.2099824,1.5153209,-0.6618311
-0.6852975,-0.9838504,0.6716914,-1.3950243
2.0176787,0.81067485,0.37047175,0.7883603
0.22304296,0.55847585,0.28432178,0.5069556
-0.1983054,-0.16933613,-1.7924597,-0.15619281
-1.1687382,-0.17322019,2.3790605,-0.8387641
-0.6142612,-0.43323696,1.5161679,-0.23680629
-1.2507817,-0.6808235,-0.15610927,-0.5972801
-0.011636983,0.22552817,-1.2108707,1.4498253
-0.37476534,-0.23240063,-2.1232903,0.13854149
0.8178759,-0.16177973,0.98970646,-0.14863403
-1.1812221,-0.9396228,-0.56934696,-1.0460889
0.6911317,2.2798772,0.834615,0.83051085
-2.469593,0.2769879,0.88998926,-0.5268725
0.3460817,-2.3095062,-0.5251149,1.1761032
0.75367814,-0.9739855,0.8367448,-1.628835
0.19497238,-1.5543116,1.5128124,0.39239582
-0.8909546,0.9134769,-0.68674135,-0.6005069
0.60095745,-0.320473,-0.8434721,-0.067786485
0.2121125,0.6175837,-0.15884978,0.9555521
1.4170575,0.08629503,1.1587273,-0.16621362
0.6626282,-1.0663662,-0.8347626,1.1621448
-0.6067464,-2.2529404,0.74457145,0.18322502
-0.62099826,0.98685867,-0.7490574,1.6054215
-0.8599396,0.5334316,-0.49163926,-1.616929
1.9132357,2.142645,-1.9914689,0.042831115
-2.0504158,-0.7310992,-0.12636882,-0.19017696
2.189222,-0.026584232,1.0068581,-0.14839405
-0.66363335,0.6915209,-1.0520144,-0.94840825
0.6998311,1.1051754,0.41867682,-1.0150348
-0.8793325,-0.5806033,1.4977293,1.3651603
-1.5150763,-1.2989889,1.3283073,0.9882694
2.4041245,-1.3610713,-0.22060847,1.125358
-0.30520037,-0.65971285,0.8137701,-0.5774322
-0.2730653,0.17528883,-0.040383544,0.67533165
1.1286715,-1.3111664,1.3445845,1.0368952
-0.88070846,-0.34642094,-1.1435285,-0.8728469
0.49206594,-2.148502,0.5467364,0.38159415
-0.77197266,0.26413757,1.0175853,0.09683873
-1.0622565,3.0646403,1.2075875,1.9588959
0.76796156,0.5295859,0.45640007,0.05785753
1.3348693,-0.33237705,-0.3731443,0.97703636
-0.36119255,-0.5778869,-1.0422993,1.1473855
-0.8605424,-0.9785451,-1.760479,0.27791113
-1.4072406,1.7585005,2.2051206,-0.39491004
-1.3774103,0.20031214,0.08052552,-0.2032213
-0.2198962,1.025765,-0.4711444,1.4922621
1.849275,-0.8346769,0.006982377,2.8184888
-1.5005461,-1.320062,-1.2830137,-1.2716861
-1.1733452,-0.5112133,-2.0309453,0.66672444
1.149445,-1.2664685,-0.69807047,-2.215185
1.6592181,0.1555456,1.5877684,-1.568419
1.8753135,-1.1967162,-0.70589966,-0.107550636
1.392612,-1.0534599,0.59352946,-0.51375437
-1.0365801,0.9894852,1.9679495,0.87416524
2.0807793,0.7335937,-0.44237328,-0.59955525
-0.6792304,0.78914744,0.13806143,0.8055815
-2.4039197,0.36259872,-0.11098489,-1.3378953
1.1816665,-0.81214833,0.32362613,-0.45948163
1.1971947,1.7739571,0.19720067,0.47519806
0.285436,1.1353475,1.247294,-0.3487466
-0.52259654,-0.83593255,1.0466558,-1.3657781
0.26937112,-1.0704048,-0.3172439,0.8819732
0.138525,2.0172348,0.0420281,1.7117232
0.45757782,-0.17961925,-0.08287143,-0.052109744
1.2570261,0.47205365,-1.1954005,-0.43798444
-1.3925831,0.44822222,-1.3290831,0.13987516
-0.7488557,-1.3530737,0.11503115,-0.3659118
-1.0806047,-0.84860957,-1.7817367,-0.35415173
0.017389838,0.59098494,0.8119669,-0.72564554
0.57628834,1.2092402,-0.69597477,1.0432466
-1.3181665,0.96173954,0.766755,-1.2576168
0.33614814,1.2436471,-0.68321174,-1.8779126
0.060703598,-0.2902302,0.68731815,0.5703311
2.2176006,1.1388136,-0.23276617,-0.9834102
1.2145354,-1.6588088,0.70949715,-0.36573103
-0.4939152,1.1468731,-0.6608124,0.91472375
1.5543463,1.5249325,-0.14589818,-1.9233842
1.4093497,0.39944738,0.7843937,-0.06364015
-1.4705673,-1.4375308,1.1583928,-0.40375456
0.3830899,-0.7051094,-0.43309724,1.6278939
-2.0888507,0.3375773,0.55505973,2.2311757
-0.07999962,0.97159415,-0.31636113,1.0840404
1.9002601,0.36471227,0.38377604,-1.9102886
-0.5029301,0.55943495,1.6677921,0.23523192
-0.457188,-1.0012771,1.6139661,-0.26915762
1.0407507,-1.1032506,-1.4776783,-0.73807234
1.2291038,-0.8931922,-0.8699644,-0.3453552
-0.16670047,-1.3259498,1.254393,0.11201225
-2.1116135,0.9698008,-1.9095501,-2.3437524
0.039530735,0.08696136,-0.48266256,-1.8116838
0.78454673,-1.2079554,0.06387116,-1.3863499
-2.522866,-0.39792237,1.113435,0.11738457
1.6823909,-0.9270335,0.078368485,-0.5188493
0.0074459985,-1.0194416,-0.7199452,1.150639
0.37188986,-1.1590747,-0.69999456,0.34099647
-1.5156903,1.018725,0.51106405,-1.0785214
-1.1654075,0.76738864,-1.5744507,1.6805427
-0.7751229,-1.0549427,-1.2222292,0.2595476
-0.77303344,0.81106734,-1.7629077,-0.59880453
-0.12007243,0.3681509,2.1919734,-0.08866391
-0.7488995,0.29101506,0.7356363,-1.1089362
0.9502539,-0.50839925,0.61714256,0.889186
1.7215478,-1.3716042,1.725665,2.5293474
-1.2619283,-2.0814512,1.1716233,0.22503874
1.0994116,-0.18896335,0.5742619,1.5533694
2.1243942,-0.65090275,-0.10340383,0.7528639
-0.330171,1.4767009,0.06819165,0.9111286
-0.97602427,-1.5999422,1.1080703,-2.0416121
0.44395843,0.13968748,-0.7459676,-2.0768127
-0.8813839,0.8091924,-0.5360502,0.071099505
-1.0130335,-1.9412439,-0.6955244,1.3624574
-0.804871,1.7247224,-0.21409704,0.69331807
-0.26586032,0.62089306,-0.85644734,-1.0251175
-2.4212122,1.0149193,-0.7698279,1.604726
-1.201378,-0.82886875,-1.1247486,-0.42746386
-0.48150668,-1.5727774,-1.0462083,1.0639625
-2.0554755,-1.1429,-0.66606194,0.5778701
1.3785018,-1.0113257,0.6610257,0.46295094
-1.0529832,-0.74267286,0.5186669,1.8543622
-0.8524729,1.9844825,0.6546275,1.0998101
0.26813713,0.66536707,-0.5422028,0.23502557
-0.6034923,0.9397858,-0.26209915,-0.030968634
0.49312827,0.7612568,-1.0451484,1.018327
-0.4779536,0.12802781,0.4705237,-0.40529758
-1.735232,-0.79251814,1.9172181,-0.045925435
0.9858888,-2.3513906,-0.7705167,1.6775568
-1.6795185,0.37986055,-2.0668087,0.1881906
0.4000301,-0.03150716,-0.98271984,-0.82493556
0.06385443,0.32758746,-0.83206856,-2.0088534
-0.30514503,1.913735,0.21266246,-1.3043317
1.6834176,-1.0412208,-0.5508605,0.39681625
0.09083366,1.7319084,-1.0367097,-0.2978444
-0.081485674,-1.2620499,-1.5471053,0.41897985
-0.94396204,-1.1227285,0.38004866,1.4053934
0.8411466,-0.34553957,-1.4208349,-0.04947738
-0.73890424,0.6752402,0.19405574,-0.535663
-2.1631145,-0.9105462,1.3383511,-0.2406543
-0.5232061,-1.0424105,0.14378256,-0.05913416
0.11883136,-0.570045,2.0180998,0.30946675
-1.1210203,1.0384915,0.7386295,1.7539701
1.1633162,0.6053573,-1.685276,0.8276876
-0.28494716,0.2925677,-0.021516686,1.0082148
-0.31223866,0.6918591,0.795756,0.17464533
0.9370916,-0.67115366,0.36633447,0.6872451
-1.2746153,-1.0452089,1.30071,-0.55390507
0.82965827,0.4999355,2.1502857,1.9150188
0.4193788,0.57624483,-0.9046504,0.32527962
-0.7179152,-1.6736219,0.249014,-0.7817927
0.18675482,-1.8447319,-1.5940833,0.53188956
-0.43166628,-0.3666234,0.372136,-1.3098139
1.8937598,0.7051668,2.5082643,0.4926934
-1.629903,0.65397596,0.77960306,0.018121008
-1.7943187,-1.4051888,-0.42182758,-0.119368024
1.8325633,-0.30742836,-0.7750432,-1.0585787
-0.119594574,-0.51107943,-1.7175264,-0.63518125
-0.645417,-0.48279196,1.3675716,0.45284668
-0.5592191,-0.1695318,-1.0650821,-1.427941
-0.375838,-0.336553,-0.84076583,0.35318187
-2.1745558,-0.3185999,1.5548135,2.4832757
0.4146839,-0.17398776,-0.37502944,0.3860523
-0.25547674,1.1285697,0.3837303,-0.13050507
-1.7555001,1.0009611,-1.5058191,1.338972
0.8023615,1.8716686,1.5773668,-0.20785446
-0.1179567,-0.38282737,2.171906,0.85413253
-0.2195058,-1.1028253,0.97433263,0.45954353
0.9764446,0.7692454,0.2850702,1.0399278
-1.3211098,0.8030257,-0.6239242,-0.47907624
0.94399434,1.4725451,0.22349267,0.0074046734
0.98259145,0.5453654,-0.55155474,-0.38897172
0.8283307,0.48244265,1.1635896,-0.14481157
1.2295674,1.500029,0.48819897,1.5515112
0.3112709,-0.07476445,0.08987266,0.6274689
-1.1371167,0.8830941,-0.88920796,1.3417037
0.16996099,0.34389597,-0.08256501,1.086061
-1.0293254,-0.44458926,0.73594564,-1.7286186
0.46658087,1.4080694,-0.8720075,-0.62572
1.1695572,-0.39286348,-1.6225095,-0.17270724
1.1878225,0.5744867,-1.9643604,0.3711282
-1.0179886,-1.1767818,1.8916674,1.0750515
-0.5209717,0.034496132,-0.60842043,-2.0042045
0.50809675,-0.53666323,1.8971301,0.71591014
-0.34405592,-0.47817206,0.81501824,0.058045153
0.8199175,0.21529959,-0.16565502,0.5807477
-1.4204932,0.8903289,-0.94159466,-0.31406572
0.30921942,1.8339958,-0.21579349,1.4002072
-1.1743952,0.48236096,1.959984,-1.1420935
-1.3749236,-0.603246,-0.28550267,-0.711351
-1.7274665,1.310484,-0.7135207,-0.42333972
0.020158961,0.20623529,-1.2172863,0.3013135
-0.3204879,-0.12880419,-0.31420702,2.0269434
0.8575029,0.2216446,0.8793834,0.28395417
-1.374429,-0.750571,1.1394478,-0.12230639
-0.72459525,1.2606746,-0.4932717,0.33119202
-1.087759,1.3881136,0.43163097,-1.5624921
-0.89238477,1.1138582,1.3723146,0.08601865
0.7713729,-1.3013701,0.7636608,-0.75752616
-0.67172694,-0.6190575,1.4413167,-0.24149391
0.24877,-0.39371696,-1.0575688,-0.112552464
-2.4411867,-0.6238153,0.15255024,1.2771776
-0.6111312,-1.1455014,1.4803118,-0.16091284
0.07155425,0.19611548,0.12319008,0.3229743
-1.358512,-0.66767216,1.8484888,1.4228239
-1.0682521,0.429463,1.5678381,1.4734882
-0.61720586,0.09610307,0.8517428,0.6115577
0.93565536,0.3378154,-1.36383,-1.5406536
1.2496086,2.0546885,0.049595892,0.44355562
0.1608231,-0.5180472,0.114824526,0.18183665
-0.45726064,-0.10294322,0.09101866,-0.6894082
0.04288247,0.72310334,0.20178165,1.7799557
0.08853845,2.2263596,2.2086172,-0.28147817
0.48779273,-2.5568957,-1.8492224,-0.95157623
-0.70020074,0.5341097,-2.198265,-1.1316596
-0.69482267,0.084310584,-1.2512178,0.8733773
0.96134156,1.1859968,-1.0179794,0.27065203
-1.86858,1.8383247,-0.27969742,0.898657
0.1228102,-0.1732058,-0.5154754,-1.3485247
-1.0118275,1.3901185,-0.26567423,-0.7885152
1.2016666,0.6621464,2.0667915,-1.6462274
0.079983965,-0.9261578,1.6164522,0.29339778
1.8863996,2.0915892,-0.16295367,-0.25561693
0.16884133,0.38125917,-0.1595875,-0.0424585
0.7138375,-0.19511142,-0.6078464,0.11556371
-0.19034694,-2.3330235,-0.40407845,-2.1846342
-0.459079,-0.085568994,-0.18877442,1.315906
-0.9743337,0.052389923,-0.9854422,-1.4643744
-0.5511019,2.6521502,0.61842155,0.018680625
0.013545774,-1.8945389,0.44892132,0.05946054
-1.0342358,0.69601613,1.9898549,-0.9823925
-0.517252,-1.0970478,-0.0565138,1.0275909
-1.9671015,-1.977685,-1.4011486,0.047336772
1.1214341,1.9443929,0.5032805,1.2383387
-0.52789783,0.8896691,0.0654633,1.1638106
-0.5308068,-0.85398614,1.034483,0.0031697617
1.2025857,-2.4487417,-0.33531496,-2.4273953
-0.69731706,0.36993372,0.18304901,-1.8725948
0.6125662,0.6139186,0.6243068,1.0485599
0.28778595,1.3298818,-1.033221,-0.01805644
-0.30509204,1.2939746,1.5762712,1.8612642
0.26811734,-1.7934791,-0.8114049,-0.6630973
-0.6043908,-1.612558,2.3924599,-1.6397198
-2.715468,-1.5278543,-1.1381847,-0.1157246
2.508218,1.5523195,-0.8370183,1.2540455
0.100935414,0.48719555,0.5910982,-0.32938987
-1.0165278,-1.0293169,1.0963424,0.23583728
-1.4856429,-1.0021514,-0.9314503,-1.8502877
-0.33478883,0.24343507,1.1161289,0.40813676
-0.60789657,1.1746341,0.38627952,0.4460896
-1.0888851,1.472778,2.3018916,-1.201643
0.78498656,-0.038708236,-0.8875764,1.4238542
-0.25623107,-0.5180856,-0.7433601,1.4752197
1.2683023,0.7416078,0.5500162,-0.016450005
-2.0274446,-0.049588438,-1.3228123,1.2614384
-0.08828541,-1.1028037,-0.23044074,-1.4034532
-1.6592575,-2.5290067,-0.44900706,-2.0203533
-1.0089314,2.280152,-0.6078864,1.3411764
0.61328596,-0.96434593,-0.57297385,0.19320853
0.08379355,-1.2853656,0.5286555,-0.5602525
-0.52595407,-0.396965,0.5863099,-0.9031061
0.1904201,-0.25313595,1.0298692,-0.45901114
-0.027142322,-1.7661959,-1.6895787,0.108932525
-0.056355998,0.24765265,-2.2717123,0.18860315
1.1831226,0.6769588,-2.4706109,-0.12227283
1.4530141,-0.51528275,0.647184,0.3055533
-0.93514735,0.97618026,-0.823167,1.4788809
0.43910757,-2.3963482,-1.1919278,-0.26285553
0.8649882,-1.1814256,-0.9272857,1.6417407
-0.22586986,0.31163755,-1.0181764,0.95307964
-0.47962922,-0.11040047,-0.49417827,0.24780686
0.43436173,0.8288491,0.6187034,1.1860602
1.2734679,-1.6924108,-1.0904828,0.3023303
-0.38272366,0.74353224,0.6796623,-1.0321025
0.9542558,-0.6730656,1.7976282,0.051915035
1.7644486,1.1337383,-0.39689887,1.0215728
-1.4829789,1.0893202,0.73896784,0.5796699
1.0952369,-0.13811035,0.025473977,0.22978109
1.1632862,0.958184,1.9483843,0.6298636
0.5808164,-1.1592141,0.6583337,-1.4182502
-1.7421339,-0.61930597,1.7263166,-0.74203664
-0.7191973,-1.0417978,0.12850289,0.8125749
-0.7212579,3.172679,1.3374178,-0.118492305
-1.5739328,1.6284125,-1.4050441,1.3615518
-0.04905115,0.28881177,-1.6516758,-1.5964218
0.61754215,1.8961984,-0.0642766,-1.7491759
0.22141887,0.15249632,1.8328223,-0.4855297
-0.56181663,1.1278249,1.8056462,0.74236727
1.4946024,0.33821112,-0.16462082,-1.34279
-1.3335912,0.16445954,1.0054929,0.45004803
-0.5921344,-0.48923418,-0.34033495,-0.6691522
1.5181402,-2.2843177,0.13831954,-1.2787911
-0.16042425,-1.4726187,1.5180913,-0.7766527
-0.15415,1.2839485,0.45149028,0.3327542
-0.21286294,-0.5496858,1.5778803,-0.78708416
0.7186387,2.0930212,0.32212374,1.0956644
-0.31975392,-0.68935645,-0.84072995,2.1255999
-0.8654712,0.21855947,0.9579113,0.9086194
0.75073,0.8921161,0.5615351,0.89961815
-0.26963437,0.895649,-2.1734948,1.7131971
0.12764736,-0.046437565,-0.38653886,0.39132303
0.10755622,0.6751936,-0.38168278,-0.3673387
-0.5133206,1.1356596,0.64734745,1.1411661
-0.7089903,1.5911549,-0.004395381,0.80783874
0.011377298,-0.3897489,-0.47639427,-1.2737161
-0.3397903,0.5085846,0.34216753,0.6111359
-1.229467,0.3809124,-0.46378878,1.4995179
-1.393671,-0.9573387,0.7785004,-2.0319722
-0.6850626,-0.27630356,1.9318271,1.2539604
0.3198273,1.3660926,0.8226298,-0.72301066
-0.15087882,-0.008587637,-0.43580157,-1.2293538
0.488655,-0.03376378,-1.2450273,0.8511004
-2.2720459,1.3343005,1.724216,-0.9576148
-1.5044792,0.96924096,0.33089304,1.6595737
-1.4660597,-0.061864015,0.46052673,-1.5198655
1.7240747,-1.0630254,0.75127983,-2.4895294
1.0348828,-0.18478222,-0.28422412,1.8226876
1.0307971,-1.6636465,1.0582399,-0.008093118
1.0824943,-1.0100429,0.5643377,0.96675664
-0.6410822,-2.8162627,-1.7782377,-0.87919164
1.768596,0.8715893,0.15520556,-0.30273658
-1.2425956,1.8564242,0.7955473,-0.04407774
-2.0937426,0.9431214,-0.9765086,0.09434768
-0.22291365,-1.2378802,-0.8403503,-1.9419549
-2.203905,-0.30056265,-0.9864317,-1.5921363
-0.796824,1.078058,-0.041199114,-0.9445996
0.20885918,0.66502446,1.6916441,-1.8830355
0.38026017,-0.17549166,-0.22215317,-1.661353
1.3586695,-0.7770011,-0.56407684,1.6626573
1.0871066,0.33735514,0.6497931,-0.35826814
1.1360952,-1.9615674,0.62711,0.82053405
1.4440191,0.8638723,-0.8579752,1.119416
1.014739,0.50893325,-0.7036287,0.9505531
-1.2326847,0.55358136,0.38677886,0.93454075
-0.8602919,-0.2727464,-1.3448455,-1.0482892
0.5115468,-0.60859245,1.0582362,-0.38775325
-0.0131333,-1.5937954,0.24019882,-1.2545822
1.9543673,0.33643633,1.4044071,2.05122
-0.014742237,0.038564533,-0.46265107,-1.4979051
-1.2008159,0.31383947,-1.8315666,0.85561883
0.8365151,-0.76333576,0.874387,0.77195174
-0.248076,1.5431293,-1.4906138,-1.1241809
-0.667405,-2.1958263,-0.6979668,0.9450889
-0.4692341,0.74812055,-0.7102363,0.5339326
0.44768164,-1.8147744,-2.2132378,0.83364177
1.4266509,-1.1998227,0.89909893,-0.8143987
1.5340852,-2.3134325,0.31683287,0.84032714
1.4583701,-1.8058333,1.3812358,0.8209729
0.6345343,0.2905679,-1.1793716,0.6853294
-1.5671983,0.6433059,0.48626277,0.6416771
-0.9740383,1.1044716,-0.4742574,-1.9551339
0.8628349,0.26285324,0.36564717,0.5454669
-0.5178353,1.4116826,-1.0647655,0.591628
-0.52189666,-1.0109369,1.2844781,0.34108755
-1.2739514,1.0479842,0.19863477,1.4689192
-0.8890991,-1.64779,0.05414025,0.0041051568
2.2975705,1.0553836,-0.011403169,-0.8474866
0.32386446,-0.47114366,1.3517613,-1.8398226
1.1655598,0.9499744,0.71498173,-0.8051803
0.11217354,0.8365356,0.4361557,0.33543178
-1.6157066,0.7792106,0.34904206,-0.57835174
-0.7915961,-2.6939123,-0.08150582,-1.3849803
2.548593,1.1709628,-0.06267427,-1.2150401
1.2159216,-0.4610957,-0.64083856,1.3503494
-0.0058956337,-1.6770811,-2.0671444,1.384148
0.36624396,-0.8377334,-1.3286574,0.8858824
0.4989435,-1.1786124,-1.2123861,-1.5185932
-1.1431671,1.3072287,-0.38905898,-0.46490785
1.1151198,1.2262242,0.42607287,-0.7788325
-0.74336517,-0.51166564,-1.394917,-0.9545688
-1.9500829,1.0129893,-0.78566366,0.46458712
0.3926242,1.328512,-1.9707808,-0.5351455
1.2568563,-1.1077303,1.605355,1.1296732
1.3283777,0.50375324,1.3360307,0.5042347
-1.3662331,-1.6388046,0.515181,-0.263915
1.0093458,2.7339501,0.15902771,0.22137353
0.66432106,0.107996844,-0.37910864,-0.75990695
1.6099896,1.2741537,0.64291525,0.018147076
-0.1536645,-0.5287622,-0.5504286,-1.4485987
0.5485523,0.1518571,-0.20283277,-1.2820495
0.6006343,-0.83987874,1.5359412,0.7081124
1.2650019,1.5703765,-0.09723507,-0.23750675
-0.073185585,0.6098538,1.9999372,1.8026756
0.6006135,-2.0698812,1.6184974,-0.42584544
-0.9815449,-0.60851383,-1.241488,-0.32389233
0.517434,1.2880297,-0.18662862,-0.6523403
1.141598,0.46959454,-0.59307814,2.6590512
-1.7292556,0.3737759,0.15320572,-0.4152688
0.635906,-0.8549715,1.5519955,-0.22979859
-1.5340058,0.39044693,0.92355514,-0.7590831
0.102051824,0.5529056,0.4499349,0.6727107
0.77180725,-1.3409101,-2.6899683,-1.7797465
0.87003565,-1.0192548,-0.9935299,-0.089820184
-0.06845995,-0.1688649,-0.6350966,0.43379498
0.13816933,-1.8396988,0.56341696,-1.0384902
1.3182266,-1.1505322,-0.067154646,-2.017845
0.44186747,-0.8107975,1.7025107,1.8855832
0.5902265,-0.433141,1.4693301,-0.58330643
-0.10448986,1.2493926,0.44680858,0.651023
-0.4459068,-0.3951772,-0.8230752,-0.12221277
-0.2880365,-0.059921768,-1.778038,-0.5445214
2.2737195,0.5167129,0.50129414,-1.703724
-1.0192834,0.033232156,1.0679978,-1.762557
1.8242766,0.15697503,-2.4974866,-0.33491665
-0.8558266,-0.7243435,-0.3579064,0.34527335
0.6112261,1.861211,-1.0255591,-1.1610982
0.7932746,-1.0110253,0.599952,0.5316445
-0.3286696,-0.4372015,-0.74551255,1.2747177
0.52973574,1.2758589,-0.18550906,-0.42952067
-1.6850009,-2.0336726,-0.35579038,-0.7695736
-0.7547645,-2.0123377,0.98450154,0.7407703
-0.04436716,-0.5898796,-0.64189035,-0.6484037
-1.3086839,-0.17484419,-0.23949972,-0.8823857
2.4136205,0.20316336,-0.14256796,0.51519734
2.4669118,-1.8869483,-0.047905423,-0.2647467
1.0218993,-1.0391033,-0.58895105,0.43923065
0.13346826,-1.4320256,-0.31108028,-1.0938787
-0.25698954,2.3098605,-0.7586711,0.7741044
1.5894206,-0.28534117,1.282249,0.8679822
0.6531051,1.0373734,-0.929586,-1.4115442
-0.8496728,0.82791644,0.72095597,-0.30264738
0.3172569,-0.7043786,-0.4368959,0.0664474
-0.36399838,-1.6216164,2.2355218,-0.35830703
-1.5380428,-0.962571,0.44606486,-0.8557444
0.76975834,0.3807157,0.41512227,-1.430442
-2.580781,0.79911697,1.1770074,-0.6647897
-0.5194982,-0.4091554,0.6543481,1.4605908
-0.2645628,-0.17893222,1.0901265,0.16216703
0.084496655,-0.080235384,-1.3352071,0.353324
0.37561503,-0.418255,2.0287898,-1.1366931
-0.96152836,1.2628684,-0.81126946,-0.8642727
1.012402,-1.6952679,1.165308,1.176852
-1.8344798,-0.37512526,-0.7838221,-0.4436841
-0.38372886,-1.3247784,1.6286097,-0.03317239
1.6495013,0.05858845,1.9178935,-0.1806385
-1.399353,-0.960614,1.4966388,2.4555852
0.55875915,-1.1360266,-1.965105,-2.392611
-0.412288,1.0545185,0.07202646,1.4453717
1.7048668,1.008737,-1.8808745,1.3805622
1.4471109,-1.3327789,-0.14505565,-0.75996643
-1.0843053,0.419934,0.88576764,1.2956929
0.6289228,-1.7344904,0.6492554,-1.0300224
0.004652754,1.6429083,-0.78142124,-0.6260807
-1.2938149,-0.25832465,-1.7102807,-0.3394196
-0.20539556,1.7739588,0.84483653,-0.6077701
1.0441815,-0.1810593,0.7004937,-0.017103225
-0.25003028,-0.3536236,1.8319008,0.86105275
-0.016571881,-1.260456,0.6318628,0.5743159
-0.25724345,0.5080567,0.6461514,2.8559885
0.27260992,-1.847827,-0.8112708,1.4522521
-0.37574214,-0.2347523,0.7527126,0.7964736
-1.0866938,1.0800822,1.2450546,-0.91242737
-0.2576538,-0.41058385,-0.23386087,-0.029544875
0.05684566,-0.8153851,1.5366141,-1.065653
-1.6770065,-1.3256897,-1.8045093,0.8780455
1.1345123,-2.0950923,1.967996,-0.14137441
-1.3950992,-0.36620966,1.4130672,0.7521889
-0.89957887,-0.4857429,0.43777686,0.2271121
-0.5309485,-0.36058044,-1.6972431,-1.2459433
0.5438545,0.605016,-0.1278817,0.29434124
-0.71445346,0.23008347,-0.25531676,-1.6889917
-0.12860845,-0.24870811,0.44528994,-1.0690143
-1.2056923,-1.7461985,-0.7467368,0.06474373
0.14641345,-0.70654124,-1.3085995,-0.091806374
-0.9939655,-0.27101442,0.58929276,-0.120266475
-0.6846455,0.1460622,0.09977918,1.6441386
-1.2871222,1.1956698,-0.7041331,-0.022490127
-1.0220828,-1.8765687,-1.1286454,-1.0720991
-0.07002191,-1.0021143,-1.4871397,-9.207795e-05
-0.005525481,0.42361194,-0.15236667,0.038110036
0.53592813,-1.1781045,-2.2462327,-0.97686636
0.44713452,-1.2248354,-0.5444731,1.8845628
1.1731673,2.3725257,-1.0822471,-0.4647188
-0.9755527,-1.2410938,0.3714589,-1.9950249
0.14935954,0.1664661,-0.3358812,0.65409017
-1.8446778,0.4973403,-0.9476335,-0.027367776
0.10176674,-0.19038457,0.037012246,-0.96990806
1.2156761,2.015793,-0.091943935,-1.3764691
-1.3594421,2.5700579,1.4656372,0.86261415
-1.1523966,1.1939392,0.7234382,0.05579333
-0.28721008,-0.5837832,-0.16944836,-0.32990026
-1.503329,-0.3009181,1.8294176,0.99719685
-0.2740941,2.1009884,0.91958517,0.1837161
0.45255852,-1.6757642,-1.7681386,-0.40451214
0.5863281,1.2974831,-0.031059494,-0.85225
1.2188993,0.9219347,-1.6101907,-0.8791616
0.46852368,-1.8636031,-1.0654683,1.4414914
-1.223359,0.025145385,0.32505748,0.097973794
0.96121025,0.2643092,-1.2265248,-1.7269379
-0.5606899,0.97867453,0.8098634,1.6824815
-1.2658865,0.6618545,0.14379759,-0.57155824
-0.19048452,0.84982955,-0.064691685,1.1114547
1.4866996,0.9288312,-1.8940058,0.83475846
-0.9576532,0.0016495761,0.86957645,-0.656827
3.0028517,-0.801277,1.3252399,1.0917089
0.017992819,0.9989156,0.83335096,-0.20660828
-0.27336833,0.103296295,-0.11693909,-1.6858658
0.055843152,-0.08399591,-0.90989727,-1.5571258
1.3906944,-1.4926491,0.23254456,-1.1409204
-0.72469807,1.0817082,0.5337842,-0.626264
-0.6003735,-1.5918839,0.31706876,1.1169336
-1.4491156,-0.8877641,-0.48538688,1.1204419
0.2755416,-1.0124459,2.553154,0.79729784
-0.9243848,-0.94671005,0.19895348,-1.7392404
0.22192256,1.096479,-0.10606956,-1.3537045
1.393323,-1.8707088,0.021346541,1.6110226
1.2964213,0.59247726,1.7271578,-0.097981736
-0.9301094,-3.0811849,-1.6426597,-2.0959477
-0.13014236,0.420009,-1.14427,-0.4900465
0.41866192,1.4636858,-0.88691044,0.0849631
-0.70963836,-1.0807555,-0.12520857,0.78126335
-0.4114168,0.13897474,-0.1056626,-1.4761233
-1.377294,-0.6172913,-1.748031,0.6838948
1.2613188,-0.7567021,-0.4340853,-1.1730702
-2.1734319,0.63964653,-0.51283854,1.2715672
0.39588577,-0.72099,-0.63417494,2.0710416
0.61582565,1.2796596,-0.3419572,0.46003318
0.17808017,-0.21077771,-2.033018,-1.6911589
1.7523011,-0.3834781,1.142049,-1.831762
0.80767316,-0.2607633,0.019255618,0.48570314
2.454671,-0.43804252,1.2812335,-0.9789361
-0.62810034,1.1139379,-0.5509645,0.110744596
1.3124332,-0.063927725,-0.7554101,-0.99543214
0.63265437,-1.6222124,-1.7073447,0.23214127
1.2598226,-0.17006889,0.28906748,-0.22268046
-0.59066486,0.46355683,0.17257136,-1.5975434
0.943805,-0.046897233,-0.39937532,1.2041097
-0.18805742,-1.5435551,0.6296083,0.45886385
-0.5779285,0.68915045,1.3954531,0.2122508
2.1862261,0.732641,-1.3470507,0.13359156
0.2696017,0.80365,0.3011814,0.28820848
0.9118514,0.8591852,-1.272673,-1.51914
1.8769295,0.07461907,1.4574865,-1.4714458
1.169662,0.25234208,0.29301822,0.93271476
0.43054953,-1.0263518,2.0345802,-2.5983868
0.10125511,-0.2803683,-0.27598888,-0.46945354
-0.98256266,0.48021618,0.66035753,-1.5245154
-0.2218192,-1.7116469,-1.1144478,2.166394
-1.4338728,1.1440841,0.9324629,-0.007444089
-0.0077542877,2.7335002,-1.2482631,1.4021453
0.9474192,-0.40370643,1.150511,-0.41860348
0.93927246,-1.2860175,1.4330908,-0.059255075
-1.5505189,-0.4597989,-0.78164387,-1.5634804
-0.6155251,0.87564325,0.17509493,0.93755454
1.2619197,1.1459893,0.06759579,0.92548615
-1.476084,-1.6929572,-0.7860194,1.1091437
-1.9188738,-0.4207068,0.061698712,0.16902067
0.1579142,-0.1122992,-1.2164147,-0.776213
0.8349931,-0.9787067,0.29314265,-0.24532329
0.10007517,0.31098953,0.60741305,0.65116215
-0.47343323,1.8172077,0.44517112,-0.59801304
-1.8774183,-1.5449315,-0.057500497,-0.04006716
0.7952773,-1.3611372,1.3716692,0.45548147
0.40942726,-0.7714619,0.6181126,1.5138154
0.57442874,-0.4003179,0.46296826,-0.48568523
-0.16673432,-0.72189593,-0.3476511,-0.88587976
-0.5572429,2.0066383,-0.41030535,1.8577
-0.626525,0.050706163,-2.3335779,-0.94502014
-1.265612,-0.5295533,0.35373083,0.66280717
-0.44204748,0.9370866,0.14999229,-0.8532591
1.6532964,-0.67707574,0.92069584,-0.3617177
-2.8418174,-0.6525469,0.6771761,0.7346431
-1.5220094,-0.2628438,1.0191374,1.7022434
-0.7777154,-0.46022484,0.23898098,0.32768545
0.97951275,1.910442,-0.58365744,1.2090896
0.7484837,-1.4591563,-0.0937922,-0.5215956
-0.28050306,1.1758187,-0.89727193,-1.3243644
-1.5630065,0.07025976,0.8380342,0.48320192
-0.95999944,-0.46360704,-0.6097177,-0.3247361
-0.48728892,-0.43674755,0.6996584,-0.7682253
0.50790155,-1.1705731,0.08891309,-1.3259964
0.46694398,1.2273586,0.019917257,-1.4502454
2.7468324,1.331225,1.2691858,-0.52494216
-1.2696372,-0.848806,0.53994656,-0.20494123
-1.7292001,0.91579103,0.8105359,-1.9085739
1.0846353,-0.30240744,-0.79453593,-0.44069377
-0.42688295,0.8887612,-1.1819199,0.090801
-0.23203182,1.3922572,-0.9532288,-0.6439746
1.5733794,0.14844742,1.897344,-0.748515
1.103489,-0.7856251,-1.4959137,1.1945338
1.0168542,-0.2981664,1.7517637,-0.6635113
1.7046643,-0.50861776,-0.17649086,0.40947542
1.6954803,-0.81000704,-1.7142293,1.8306015
-0.82528716,-0.6029481,-0.05037208,1.4439963
0.9446352,0.65032697,0.09120053,0.30926123
-1.8633627,-1.075849,1.0914226,1.6064441
-1.2527275,0.21159714,-0.53971577,-0.64992476
-0.8183357,0.5080835,0.09010738,-1.4166938
-0.51101536,-0.20437428,2.4139676,1.6521838
1.4519808,-1.0670764,2.611694,1.4980739
-3.0309741,-0.5097822,0.34744787,-1.1895893
1.6236831,-2.1029723,-0.03273818,-1.4551976
0.53237313,0.50952965,0.29523966,-0.74154794
-1.2399925,-0.68117666,2.2724028,-0.3519488
-0.48985332,-0.60349506,0.82565224,0.491455
1.1746192,0.031873405,-1.2059512,-0.6939295
-0.37483644,0.6697103,-0.29862726,0.9560066
1.0451325,-0.032571964,1.8807663,-1.0941916
-1.5184234,0.104950756,-1.4034814,1.4308263
0.7759306,0.56838113,0.4925199,-1.3282304
0.37005097,-1.0851593,1.2804832,-1.1421223
1.9585023,-0.54470706,1.2281542,0.68564636
-1.1977942,2.0196092,1.6156197,1.3589848
-0.027132988,-0.26706508,-0.5232212,-0.2666688
0.124814965,-1.5444336,-0.040091567,0.3392136
-1.1401694,2.0061283,-2.6153512,0.14474542
-1.1947122,-0.711209,0.47411156,-0.41771206
0.49047354,-1.9204496,-0.17639987,-0.046181586
0.721107,1.3627007,-0.17956331,-0.94484216
1.4701585,-0.8803347,1.6269926,-0.39555192
1.4047619,1.5592965,2.5006156,-0.21149018
0.77293766,-1.2248296,0.34220505,-0.19290298
0.009164138,-0.6895739,-0.382722,0.41724804
-0.066060364,0.9379174,0.52833873,-0.51194197
-1.9177974,-0.905553,-0.31302467,0.15745689
-0.08989455,0.37187532,-0.648695,0.49996492
1.4702399,-0.2997396,0.74826884,1.7834158
-1.960647,1.7319447,0.5882711,1.6534238
0.016898328,0.7662784,-1.1268696,-0.3685992
1.1811057,1.0436643,0.7474784,-1.5333334
-2.0639029,-0.33159873,0.44104952,0.3874779
-1.773442,-2.0664983,0.55799305,-1.2766962
0.6814543,-1.2062161,1.7042328,-2.367107
-0.9881806,-0.27484083,-1.8516643,-0.61667156
0.4625644,-0.48349276,1.3376513,1.0827001
-1.7958457,0.18267587,1.0112115,0.52155846
-1.3123705,1.3741173,1.4838676,1.4389914
1.5381122,1.0908762,-1.9191651,-0.34855857
0.10502455,-0.034717534,-0.11702248,2.0317936
-0.9290435,0.7919184,2.413658,-1.5441108
-1.3265611,-0.8381589,-0.66794336,0.21802653
0.77423257,3.0409102,-0.9731826,-0.034471914
0.07023682,-1.4167156,-2.4808793,-0.9100638
0.43755892,-1.2273343,0.048063755,0.7796931
0.14847995,-1.5502028,1.4184334,-0.71432656
-1.1213365,-1.1842206,-0.31215897,0.46794456
1.677897,0.67108256,1.0669292,0.112991236
-0.8251685,0.6047791,0.43592036,-1.0237643
0.99005574,-0.7262178,-0.120125465,-0.65533376
0.37263626,1.5021083,0.057696693,1.5289594
-2.742154,-2.138084,0.93269444,-1.9231126
1.0911345,0.32918373,1.1213717,-0.21161683
1.3108718,0.5665451,-0.11159139,0.7845767
-2.8333292,-0.23539017,1.3085006,0.17908703
0.1730563,0.55292886,-0.7581303,-0.70363367
-1.2534481,-1.2001083,0.3546172,0.36484104
-1.4824572,0.8989455,-1.0494194,1.0001919
-0.42977235,-0.64454895,-1.2361695,-0.713967
-0.17906399,1.983823,-0.9231417,-1.8430215
2.02188,-1.9156091,0.30800816,-1.2055407
0.4929471,1.0487517,-0.47128174,1.2390503
-0.25607145,-0.10953751,-0.17301185,-0.28958642
0.7002141,0.5656684,-0.22260481,0.15192975
1.40799,1.1211785,1.0422758,-0.024072578
0.8516998,-0.24553122,-0.7142047,1.9422624
-0.258169,-1.3582276,-0.74040335,1.3117874
0.29535332,0.44629157,1.1789976,-0.23761079
0.7725995,-1.4153408,-0.2218101,-0.9975639
-0.36436164,-2.9769382,-0.41104645,0.5443704
-1.2145015,-0.27815482,1.8573873,-0.070561014
1.2543104,0.48565206,1.3051914,0.15230794
0.65069723,-0.2361693,1.4940672,0.8132597
-0.67122704,-1.1280736,-0.60751563,1.0558382
-0.56332123,0.25373402,-0.9390277,1.4318024
0.46328336,0.0621693,1.537141,-1.0855217
-1.136748,-0.08974859,0.91067374,-1.2013999
-1.190043,1.2120247,0.6664932,-0.5331186
-0.73366827,0.21694902,-0.93858564,-2.0415215
0.29616803,2.3907838,0.6111902,1.0646544
0.77052724,1.2318238,-0.13750316,0.5118209
-0.67241114,-0.40970144,1.2247924,-0.9112946
1.65784,-0.7120393,1.7310877,0.859623
0.43323618,-1.2800692,0.5394041,1.1622689
2.0514681,-0.6006271,-0.54081607,1.5491184
0.20328881,-0.90888107,0.60968506,-0.09268354
-0.8239158,-1.2182769,1.0967449,-0.2277485
1.7074852,-1.0044714,0.3418122,0.70101184
-0.70996636,-0.014769122,-1.126419,0.21117626
1.5787117,-1.5050423,-0.22591014,-1.1960466
-0.8673379,0.4520711,0.9518923,-0.094305895
0.36216792,1.0478896,-0.31400493,-1.3729749
-0.28011414,1.1319758,-0.632995,-0.0076102368
0.65927464,1.5876046,-1.4376281,0.87158865
-0.5408532,2.645982,-1.6991451,1.4538969
-0.28826162,1.2062883,0.17062175,1.0810515
-0.13892832,-1.2618817,2.032905,1.2498119
1.0521389,-1.0871663,-0.17113543,-0.5096199
1.2747691,-0.20037392,0.19897515,1.3091589
0.79549456,0.79758483,-1.4190363,-1.5498867
0.018239534,1.6734579,-1.3721977,0.688282
-1.2209783,-0.30184373,-1.8101473,0.19324857
0.28169397,0.119465485,-1.2140759,-0.00820545
-1.2758468,1.5658698,1.5693008,0.02069218
-0.52514255,-1.1454462,-0.95535076,-0.10844479
-0.68242675,-0.32457575,-0.72001976,-1.20454
-0.44175425,1.3987573,-1.687649,0.06720058
0.41194344,-0.124082506,0.28225183,-1.0857137
0.34350628,1.1411545,-1.2152823,1.6258415
-2.0688863,1.248597,2.1233726,0.7978535
-0.036070775,-1.7753149,0.40697333,-1.8417184
0.39261,-0.42952812,2.5017767,0.11226454
2.2786388,-0.14772518,-1.8469563,-1.8310301
0.15019634,-2.1174505,1.02619,0.8769322
-1.6263005,-0.27904722,-1.279718,-1.5873293
0.52574706,-1.1602662,1.3376687,-1.677176
-1.2468697,1.0434662,0.9898569,0.04143007
-0.8709957,-1.7339246,2.7588468,-0.072725624
-0.7509392,-0.4367022,-0.65024316,0.20355587
-1.7634795,-0.91716075,1.1366245,-1.3665104
-0.57626754,-0.66418153,-1.0086834,-0.5536495
-0.9782776,-0.8244096,-0.12504442,2.1526382
0.29144502,-1.1634618,0.6927106,-0.8424623
-0.69864345,0.89748895,-1.2148876,1.2673755
-0.8275132,0.2125633,-1.1130428,-0.30987096
1.3112147,-0.99717754,-1.332819,1.0927877
0.81087506,1.0590587,0.40442765,-1.0763997
0.4184837,-0.1894425,-0.78047985,0.13362102
-1.4094375,0.10900155,-0.40731075,0.023589544
-0.78760225,2.4282598,0.6855001,-1.0658733
1.2038926,0.8833039,-1.1830475,-0.5900025
-0.26977155,1.2092267,-1.1123772,-0.89613163
-0.9403607,1.1220567,1.5812144,-2.1696844
-1.535889,-1.7247738,0.27908933,-1.4612335
1.2290264,0.6287665,-1.127006,-0.10036761
-0.498734,-0.48171794,0.80402774,-1.3008261
2.329769,0.3951319,-0.521731,1.0511489
-1.4052778,1.0732768,-1.0306307,0.5115562
0.09265894,-0.31674036,-1.3919122,-0.6103693
1.3401765,-1.4595573,-0.37780604,-0.4258476
1.5808345,0.6186823,-0.30667198,0.2911077
-1.7830894,0.1411248,-0.0680771,1.6340162
1.0708561,-0.5760304,1.1212525,-0.29898474
0.955218,-0.08460976,-0.26927873,-0.2903332
1.7141545,-0.96564436,-1.2540046,1.2048187
-0.37932742,1.9286711,2.464722,1.0955567
1.5745149,-0.9641186,0.1650399,-0.97603375
-0.34104413,-2.250818,-0.06430762,1.3297502
0.19868945,-0.023571543,-0.97199273,-0.75933176
-0.9191277,1.6591913,-1.9521334,-3.098847
2.0935662,-1.3517448,-0.91215587,-0.50885165
1.0805727,1.1124913,-1.4728963,0.7378092
-0.32469422,-1.5563626,0.38182342,0.0025598197
0.84814453,2.071756,-1.4366386,-1.0916276
-0.94710654,-0.62148005,-0.71265507,-0.48516744
1.8466659,0.89951164,-1.7036215,0.15879764
2.7264092,1.3705864,1.6823969,-1.2761723
0.3204802,1.834474,0.53734356,-0.49647146
1.058204,-0.1492723,1.7737314,-1.7327157
1.892496,-1.2212926,1.792865,-0.6701382
-0.77409786,0.5468451,2.2795935,-1.6334124
1.3630141,0.75126016,0.28256118,1.6981298
1.4093468,0.118369706,1.0261723,-1.6753982
0.4379926,-0.56128514,1.2860783,0.3233467
0.17336549,1.1852444,1.1037893,0.319932
0.13009545,1.4312819,-0.7814811,0.05496686
-0.79872805,-1.1208804,0.0880315,-1.608324
0.68277794,-1.701758,-1.4562443,-0.020739673
-1.844223,2.5921783,0.04777653,1.4088501
-1.4343802,1.9129972,1.4428718,-0.6348457
-0.36219123,0.77987134,0.6744062,-0.4368802
-1.0884023,1.4243681,0.17088413,1.7710252
1.586626,-0.13037336,0.9052239,2.3258522
1.2201319,0.04366402,0.8054285,-1.6684846
0.45184028,0.4285866,-0.07718055,1.2487507
0.6971017,-0.85261893,1.8726363,1.291629
0.49711594,-0.42253286,0.6548246,1.295589
2.0506377,-1.427535,-1.176105,-0.0060145715
-1.5093718,1.0585874,-1.5513644,-1.8993146
1.3173726,0.09983241,0.1938623,-2.3858652
0.24621987,-0.049615968,-0.7020321,1.5017178
1.1051822,-0.4574982,2.476005,-1.31937
-0.2896468,-1.1638471,-0.6946434,-0.3115874
-1.0150838,1.1180408,1.0496826,-1.429256
0.003410648,1.1982971,-0.2223583,0.44116476
-0.53273416,-1.7056289,-0.532265,-2.3924425
-1.4528238,0.20186016,0.95859355,-0.53209573
0.009040553,-2.2305746,-0.44112256,0.88474375
-0.27211168,0.26263326,0.37934613,-0.45739138
0.5855181,-0.24876168,1.1156641,-0.97947836
1.6499479,1.6514316,-1.3617438,2.0412207
-1.189323,1.5292045,-1.8702116,-1.7943926
-0.545047,1.5262505,-0.2852504,-0.06532158
-0.7578898,1.5378994,0.25983334,-1.3688349
0.09502454,-0.5428904,0.11020556,-1.1274045
1.2613605,-0.35104105,0.75121903,-1.6299715
-0.7948548,-0.09425233,-0.00867674,0.7029983
0.54018044,0.8117611,1.5474292,0.8992129
0.8128105,-1.1055751,-0.47012523,-0.37828407
-0.47445843,2.4858215,1.0516757,-0.6599163
1.5157573,-0.037720907,2.1273577,0.025259499
-1.0048494,0.01343647,0.16380572,-0.06568127
0.8326759,-0.8316972,-1.1447828,-0.55238295
0.442237,1.6850246,-0.50534976,0.2171823
-0.13387114,1.2470144,-0.5575861,-0.28232336
0.28836712,-0.37330642,2.4884608,-1.5553831
-0.1796533,-1.3711139,-0.0037391037,-0.26485685
-1.0983863,-0.5482119,-2.248086,0.19925334
-1.5989811,0.30040535,-0.8391352,1.2902287
-0.17945455,1.8375647,0.24833232,-0.14567155
1.0352256,0.6304182,-0.7705353,1.6336917
1.0506921,-0.28166336,-1.2709742,2.554288
-0.2253386,0.99129355,2.0242484,-0.24543762
0.76976067,0.7940155,-0.14986518,-1.1908966
1.2512219,-0.24010377,-0.96136945,-0.7923634
-1.314203,-1.0378027,0.7862676,-0.47333595
-0.4823108,-0.7693284,-1.3288482,1.9383924
-1.6229218,0.40731558,0.8313894,-2.5684083
1.3810846,0.8562413,0.027087498,-0.7277595
-0.9175275,-1.2611485,0.68124604,-0.8891315
1.4557672,-1.4888809,0.89098054,-0.4043584
0.92368907,-1.4867405,0.6825144,0.82934105
-1.2674185,-0.8140295,-0.8758497,0.39093015
0.4437291,0.34112722,0.8817769,0.6819249
-0.4840145,-0.6502706,0.6919281,-0.24963847
0.964786,-0.71078646,1.5872809,2.1060607
0.2044575,-0.6560242,-0.23690996,0.27640188
1.5980836,2.1959767,0.7447198,-1.7637545
0.011305026,0.73395836,-1.7916152,1.2943339
1.9263164,0.19009738,-0.3749364,0.6055408
0.76829505,1.9890304,-0.11181593,-1.4743856
-0.7371989,-0.6450029,-0.4773484,1.7723731
-0.899988,-1.1394492,-0.377447,0.14829223
-1.0723153,-0.21174976,-1.119219,-1.022348
-0.4598151,0.37558746,0.8242416,0.57287467
2.2030282,-1.076111,-0.28672364,0.60510945
2.0795972,-0.36986497,1.1188145,0.5515581
-0.97309977,0.80885,-0.04312856,0.25930092
-0.13747299,-1.1511039,1.3845121,-0.22956707
0.56931865,1.3398232,-0.4232312,0.726384
-0.07126705,1.2314178,-0.54231185,-0.18364462
-0.06472416,-0.38722557,1.3389224,0.7590091
0.6877128,0.9087881,0.8210541,-0.1742816
0.96633387,0.04923251,1.2546984,0.35602167
1.3715426,-0.5471672,1.242047,-1.6216166
1.6397557,0.10925665,-2.2553988,0.38859463
2.1259308,-0.8128922,-0.69693613,1.9084132
-0.069430426,1.6067109,-0.8107707,-0.9638017
0.190369,-1.097149,0.37889406,0.89237195
0.5815838,0.49044088,-0.12544635,-0.4795599
-0.069117114,0.5963056,-0.66118157,1.3630321
-0.64568245,0.70595324,-1.8689185,-1.2814685
1.8111597,1.263069,-0.6144822,0.035325028
0.99913126,-1.3367724,-0.755247,-0.7997966
0.65437937,-1.5195783,-2.1668367,1.3387117
0.9121215,0.100130074,0.42945582,-0.5090345
0.28340304,-0.9105113,-0.8101898,-0.5077002
-1.6902584,1.0062454,-0.51477057,2.1886559
0.92566675,-0.37160057,0.8642263,-0.035680875
1.1670684,-0.22742426,1.5035226,0.013388723
-0.40367088,0.9720552,-1.2856649,-1.775659
1.1908157,-1.6489348,0.59668636,1.541636
-0.13288483,0.4220686,-0.28719273,0.9583176
-2.0710194,0.88226974,0.03873887,0.03546049
1.9888722,-0.5027916,2.5032728,-0.75275016
0.53361654,0.73035043,-1.4987901,-0.13308257
0.19253097,-1.6627663,-0.3732106,-2.5345314
-0.084332116,1.90773,-0.011366188,1.9870679
-0.6576117,-1.5323678,1.4935114,-2.3903894
-1.3365712,0.7259829,1.5230083,1.0509356
0.027381364,0.113268375,1.0119683,-1.0714003
-0.8109511,1.2202266,-1.4813551,-1.8401897
0.34920746,0.14818822,0.72175384,0.021306163
-0.7327648,-0.16389993,0.6183469,-0.35691833
-1.9346924,-1.4244704,0.20574543,0.56306225
-0.8880121,-0.6562843,-0.41259098,-0.9729941
0.041459575,-0.62665397,-1.149806,-0.13621424
0.6776469,0.30051506,-0.38514686,-1.399145
1.4651117,-0.88542557,-0.49164665,0.7969554
0.9090088,0.48943356,-1.5424455,-1.2709326
0.097689465,-3.4660695,-1.2386843,0.526705
-0.27681336,-0.17844462,-0.13315815,-0.70623094
-0.15397678,0.473316,-0.007444603,-1.1801611
-0.615164,-0.72206414,1.5848914,1.7371745
-1.6486882,0.010373707,-0.6813323,-0.10725838
1.6860441,1.5954672,-1.0893277,-0.63105136
1.1910352,0.7176413,-0.62165064,-0.6602436
-0.30335653,-1.5933068,-1.0797185,2.1467483
-0.64926535,-0.6120733,-0.6696108,-0.48187065
-0.44542152,-1.4790225,0.67595047,0.102239154
-0.05318982,0.22407496,0.6629759,0.7666316
0.88445234,-0.5741403,1.5880945,-0.37251714
0.07744619,-0.8295721,-0.32595465,-0.90414727
0.069551714,1.6895838,1.7297962,0.4444512
-1.0725907,-2.4189355,-1.9815164,-2.0443478
-0.6570262,-1.4455266,-1.6693126,2.5033693
0.71142757,1.8199943,0.04520838,1.303491
-1.5282568,0.47302353,0.8462275,0.26160863
-1.1880349,0.2612603,-0.16390052,-0.16462605
1.2723055,-0.07369697,-0.8375265,-2.0678542
0.5550864,1.6820741,-1.7658627,-1.6719317
0.10101251,-0.2821105,0.52228063,2.1561859
-1.0140227,-0.3906688,-0.1265252,-0.2673576
-0.8006828,-0.8202272,-0.5420313,2.109004
-0.7230767,0.41684166,0.44161317,-1.2982787
-0.58484995,-1.3635535,0.11119322,0.2351028
0.8223718,0.8539116,1.134114,-1.4674654
1.5481358,0.28797665,1.635979,0.4084177
1.1612631,0.7758314,-0.85610324,-0.8414133
-0.935929,1.4372561,1.287273,-0.60574704
-0.04633841,-1.0670437,1.780258,-0.30026674
-0.07313372,0.6729885,-1.4962364,-0.82268554
1.6885285,-0.62943465,0.25904682,-0.25555173
-1.2457644,0.4575936,0.9718905,1.3448731
2.0932126,0.34661275,0.5945849,-1.3091006
-0.33251455,-2.2225225,-1.5221716,1.1748961
1.4032458,0.48609686,-0.16919495,-1.5514402
0.5978284,-0.18174952,-0.33693174,1.7389401
-0.45002607,-1.207318,0.524785,-0.31674838
-0.43393585,1.4170543,-0.5027928,-0.1182469
-0.6772416,1.8146422,-0.31475872,2.3547695
-0.1964343,-0.9145549,-0.35062703,1.2357144
0.9627167,2.1740744,0.56865746,0.39477488
0.59285116,-0.095868215,1.3384682,-0.6049332
-0.06775387,0.69899213,-2.1832864,1.019322
1.4978508,0.2759921,-1.3730814,1.1563706
-1.1663773,1.9708259,-1.4993253,1.3542219
1.6309083,-0.49679434,1.1374407,1.1154083
1.0430452,-0.79928946,1.4360434,-0.75947464
0.6610134,-1.2151023,-0.60002697,1.5858157
-1.6186824,2.1203227,-1.3601129,1.3885282
-1.291516,-0.57766193,-0.23353389,-0.101779215
-0.37229508,-0.9000578,-1.4561245,-0.1350612
-1.9962299,-1.125773,-0.2207674,0.69956493
-0.5506392,-0.9610653,-1.0112556,1.0197768
1.0468469,1.0107095,0.33175066,0.42517367
-0.60771275,1.2772243,0.74269634,0.78924054
1.787826,-1.4500926,2.2328215,1.1044049
-1.767338,0.3605044,0.14278252,0.07904671
-0.9416317,-0.63892776,-0.65494776,0.3250601
0.1726748,-0.3201119,0.52721286,-0.058888253
-1.0417299,-0.76424426,-0.61012405,1.4653432
0.13529861,-0.3264047,0.7354529,0.29384187
-0.43505403,-2.1224573,0.08614927,-0.9105117
0.89325017,-0.5455478,0.4897982,-0.49734753
0.62724906,-1.4569442,1.6067355,0.8093761
0.55383104,-0.8257299,-1.0568283,0.808895
0.2244715,-1.6015216,2.2201412,-0.23430416
-0.6197827,0.4010158,0.5316424,1.9382061
1.0569847,-0.9231393,0.02356114,-1.7562517
1.5126852,1.348601,1.6030728,0.4659901
0.47623932,0.45027253,0.56779677,0.27747396
0.17118391,-1.4388002,-0.29819438,1.7230868
-0.3386607,-0.7526873,0.6115793,0.2945617
0.8899762,-1.2933818,-1.160561,-0.5785827
0.26300704,1.48387,1.3380624,1.715144
0.65751135,0.97598106,0.6818142,-0.97044617
-1.0219119,0.82794195,-1.8232841,0.056048293
0.4813544,0.34931943,-0.6897277,-0.57062787
0.071705796,0.23307252,0.21899205,-0.45624015
-0.7213529,0.48808035,0.69693124,0.27136695
-0.37101644,1.3565223,-1.0763808,0.672437
-1.6269816,-0.8288251,-0.33247906,-1.3902553
0.5575237,1.2682374,0.72,0.98097587
-0.6127027,-1.5843477,-1.6492662,-0.5944756
-1.5052112,0.3101075,-0.32777822,-1.1483876
0.8607988,-0.6873696,0.24280986,-1.7225591
1.4400442,2.1469252,-0.35344318,1.2689548
1.1003522,2.0515351,1.0597514,0.7054112
-0.5185835,-0.59872925,0.77100945,1.49674
1.3180217,-0.8981943,1.4828986,1.0301862
1.435858,2.0384865,-0.8681651,0.08396949
-0.14494695,-2.0069828,-1.0070891,0.38252118
0.019982627,-1.3335472,-1.1486955,-0.016907685
0.08300819,-0.382662,-0.89165246,0.68398154
-0.20587765,-0.6084161,-1.7912962,-0.9603503
0.3341202,1.6866801,-0.30150986,0.18483256
-2.178658,-0.20005265,1.6092584,-1.1051561
-0.6929917,1.2991825,1.4125186,1.6974357
1.425264,-0.7609871,0.01934324,-0.18003894
1.5299522,1.9181169,0.24223334,-0.24145345
0.5990204,1.5492421,-0.8541661,0.08638142
0.7283953,-0.25827837,-0.5161765,1.4266452
-0.34343368,-0.26948297,0.84131473,-0.024412772
-0.4833478,0.62555015,0.58517104,0.006835872
-1.8912839,0.6229746,0.4269543,-0.33378544
0.42949718,0.612576,-1.6798254,-0.33415404
1.00625,-0.15126382,-2.096827,1.5738802
1.1786761,0.1923123,-1.3015115,-0.4210647
0.2878617,0.5696491,0.7700549,-1.4009566
1.133679,-1.7801142,-1.2742203,-0.38236707
0.08519523,-1.4656291,1.0477968,-0.35365286
-1.7292446,0.34826735,-1.3474369,0.55973864
0.59550625,-1.9391476,-2.5253654,0.297281
0.14229955,0.7654633,0.0097622,0.8030017
-0.52238595,1.0536262,-2.3931804,-1.856211
0.35634172,-1.7841687,-0.19098906,0.23788182
-0.72996503,-1.1724976,-0.07973132,2.1094227
0.06177542,0.91059774,-1.6177337,-1.8472462
-1.3937384,1.026583,-0.3799997,-0.5539498
0.13527186,-1.0757107,0.7874396,-0.48023668
0.05968923,0.7715209,-1.2097089,0.37237313
-0.7748317,-0.76406217,0.29783875,2.2647254
-0.7075768,1.8355461,-0.72262704,-0.99608505
-0.73872805,0.6774293,-1.3125625,1.257728
0.052822247,0.5707666,-0.9877722,1.491877
1.0868407,-0.0714674,-2.1081152,-0.48087424
-1.498054,-1.4398332,-0.6264432,1.6626525
0.7629003,-0.5612777,-1.2857262,-0.72900736
-0.42899615,-0.6665932,0.66662955,0.67816186
1.559394,0.6831899,1.631596,1.371129
-0.7007585,0.7197709,0.8767835,0.91048545
-0.5992508,-2.019664,1.0053247,0.50149345
0.4137776,-1.0006515,-1.1167065,-0.18375136
0.54377526,1.107621,0.9523548,-0.028021397
-0.16398332,0.6426384,-1.3186803,0.85573965
-0.5529796,1.910208,-1.15069,0.5737698
1.0216262,0.17525892,-0.3434348,-0.06942658
-0.16015242,0.590428,-1.0715907,-0.19014266
-2.4530888,-0.9640678,0.2965308,-0.21701351
1.2460327,-0.9821767,0.86085635,0.12920593
0.48788106,-2.2620096,2.8765454,-0.112283505
0.5034395,-0.3605807,0.3993039,0.06721863
1.310388,-0.5454035,-0.31384853,2.062762
-0.80873483,0.24225572,0.27105987,1.9224669
1.4896542,-0.13982052,-0.10558241,-0.9787348
-0.12476964,1.8629363,1.7287081,1.0073702
-0.79195374,0.79827935,0.7119699,1.7307264
-0.42763886,1.343642,1.7985344,1.1432587
-0.692435,0.74864644,-0.7522344,1.4000067
0.49104273,0.6180425,-0.23353915,-0.6779091
0.43432766,0.3442099,-1.1909311,0.72654724
1.6796618,0.6349958,-0.34685478,0.17814794
-1.2131041,-0.9360598,-0.10976994,0.96775466
1.162938,-0.7229676,1.9860576,-0.96548384
0.24875367,1.744867,0.06318317,-1.5270644
0.34736854,-0.49889517,-0.28196853,0.8788056
-0.7467601,-1.084425,-0.3397244,-0.7875945
1.1191037,0.64993995,0.17486334,-1.4150339
-0.30548888,0.23579137,0.5480248,-0.33486888
-0.030734831,-0.6364912,1.0742351,-1.4729822
1.0713961,-0.97719514,0.78764963,-0.90296024
0.8553678,0.1300222,-0.2776019,-1.137531
2.8895717,-0.40920106,0.6300149,-0.6964203
1.851249,-0.31169957,-1.3387077,-0.27332035
0.10479,-2.0900671,-1.7000375,0.64592767
-0.89070714,0.50393426,-0.7960017,0.95657086
-1.6075954,1.4684922,-2.305179,-0.39189595
0.012098887,0.25702035,-1.6635131,1.6560432
-0.20654829,0.52724725,-1.0076327,-0.7642987
0.38268524,-0.2560411,1.6128497,-1.5644274
0.057534017,1.6692206,1.0680319,0.4822627
-0.85475284,-0.1226259,1.9516883,0.40313488
-1.1601832,0.050559532,0.1309577,-0.14437068
-0.46878877,-1.4898299,0.07644353,-0.4744819
1.3814253,1.0235656,0.99907696,-0.82588464
-0.11277418,1.8748865,0.54787123,-0.64079255
0.24475083,1.2064967,-1.7527391,-0.9306463
-0.8084544,-1.0112889,0.101773754,0.02566702
-2.107095,1.52021,-0.523844,-0.87774336
1.4963465,-0.13057637,-1.2303,-0.635124
-2.1875172,-0.1008715,-1.7134517,0.950222
-1.4430695,1.2205998,0.8778106,0.92503077
1.192559,0.27655914,-0.44121566,-0.4810451
-0.15787438,-1.831859,0.08778727,-0.6775181
-0.9434717,-0.549263,-1.0109637,0.6406117
-0.45942825,-0.7519026,-0.9530429,-0.17682989
-1.0270375,2.0257993,-1.6147326,1.1075586
1.2951806,-0.66970503,0.4141102,0.71308064
-0.12686498,0.861236,0.12908214,-0.32498667
-1.5491964,-0.6737653,-0.103544876,-1.2794949
0.5639036,2.2356899,0.78118896,-0.79843307
0.5027575,0.5108071,-0.5912552,0.20113373
-1.1750433,0.0075965477,-0.26702306,-0.66830844
0.17700316,-0.62139964,-0.98750407,-0.16698365
0.961312,-1.5710208,1.2603279,-1.4933276
-0.68763053,1.1130284,0.27911353,0.563968
-2.5882256,1.570823,-2.1033528,-2.4113925
0.99965835,-0.95136297,0.14984083,1.34596
-1.1424614,-2.184356,-0.17635362,-0.013443841
-1.2240449,-2.2296095,0.9944085,1.0124954
-0.1899874,1.5470868,0.9019673,-1.5509918
-0.28143185,1.4311756,-1.0960466,-1.4475114
1.1583308,-1.1071247,1.6747106,-0.6111665
0.6685663,0.14582269,-0.017471218,-1.539011
-0.7355365,0.027434763,-2.3699076,-1.3099579
-0.03229309,-1.8434013,-0.24565451,-1.7717884
1.6801893,-1.4327391,-1.5221443,-0.5947876
-0.5351544,1.0255288,0.15583572,2.286942
-0.042604465,-0.69099593,-0.45736468,0.76732266
0.5952464,-0.7351342,0.48491365,-0.93858737
1.0476524,-1.810788,0.7401249,2.5277467
0.80231893,-0.48550692,-0.5518,2.2894378
0.5282362,-0.1076765,1.5119531,0.38079026
0.78927827,-0.19481343,0.2569511,1.3359265
-2.776041,-1.4476428,-0.93424535,-1.1939336
0.263726,-0.2704325,2.2310112,1.2671931
1.0858979,-1.3419138,0.7096501,-1.9715711
-0.31377733,-0.67797464,-0.5267677,0.47694677
1.5645322,0.105638675,2.3280811,-0.9128817
0.9591486,0.5642133,-0.32310835,0.21513489
-0.2924534,0.02771067,-1.160093,1.1042374
0.6153389,0.8006082,0.7912913,-0.4989747
-2.254406,-1.2262235,-1.3990644,-1.868215
2.4658086,1.6685236,-0.216114,0.2648811
0.66229343,-0.768924,-0.87808293,1.3398813
0.4782372,0.32153067,-0.022259474,0.9926589
0.50900364,-1.1610352,-0.65162545,0.7711064
0.63085204,1.4993813,0.6767916,-1.5575279
0.7776893,-0.19379632,0.8641988,-1.6660627
0.087905176,-0.7647299,1.6798409,1.5965585
0.11072069,-1.1927564,-0.11018967,-1.137062
0.031297132,-0.85656494,-0.47541806,-0.9209542
-0.10755576,0.83807266,1.4951906,0.12947552
-0.9468445,-0.23778026,0.6328426,-1.4362917
1.4364244,1.3749216,0.47378695,1.0719709
1.9483985,-0.15678334,-1.6074221,-2.000595
1.5417377,1.4769577,-0.09081315,1.47542
0.20618135,1.99227,1.3171386,-0.745307
1.8287338,-0.48769996,-0.076194726,1.9594646
0.8892704,0.06398262,2.5096557,-0.5384712
1.0524482,-0.016066816,0.7167509,-1.473845
-1.1916691,-0.43846706,-1.1765969,-1.0217731
-0.70016086,-0.801866,-0.24783047,-0.7315736
-1.9320736,-0.9317458,0.21880808,0.8819557
-1.9795862,1.9263097,0.78925073,0.16560762
1.9464643,-1.243368,-0.12014689,-0.62035817
-1.0012423,-0.050584216,0.21896508,0.23070255
-0.3990885,-1.7105858,-0.69971955,0.50898355
1.3914682,-2.596848,1.0226911,0.2735897
0.7573617,0.17036001,-2.027798,0.18895668
0.5189669,0.09067714,-1.6049618,0.44006705
-0.24597618,-1.4804819,2.4815476,2.9239173
-1.4270005,-1.3861041,0.5875379,1.5199583
0.15738563,-0.66975707,1.7207931,-1.436978
-0.7675001,0.98648196,0.6770317,0.12078204
-1.4773912,-0.79432404,-0.3955295,1.8248202
1.7213292,-1.520458,-0.57006687,-0.1815431
-0.81336486,1.6434075,0.38768956,1.0333327
0.3820578,-1.614296,-2.045732,0.10732373
0.3736898,0.06720529,0.44686875,-1.1353458
-0.08864036,-1.0321933,-1.7101488,0.41015208
-1.7887253,-0.87194806,0.091909476,1.419251
2.5691817,1.7685373,1.5740749,-1.558823
-0.56405425,-1.6988081,-1.1006899,-2.413666
-0.99489766,0.13353571,-0.0915829,-0.7738736
3.1331959,0.9914242,1.4727165,-1.0553012
0.3100515,-0.5751127,0.9159871,1.6713061
-0.65341294,1.3494511,0.0709229,0.18790756
-1.519074,-0.52128625,1.3561125,0.50755656
-0.5298421,0.47912416,-0.95889425,0.867098
1.5867786,-0.8998503,-1.6744472,-0.06514516
1.1476305,1.7354833,0.28748903,-1.4883131
0.08976389,-1.5510703,-1.3545284,1.7656837
-1.6028022,-0.6468756,-0.6116357,0.7652752
0.9941118,-0.21533732,-0.71098846,-1.0443538
-0.83791655,2.588842,-0.3067732,-0.6559919
-0.38887247,1.4622862,-0.26923227,0.4146598
1.3710108,1.6911238,-2.440667,0.20388584
0.122582145,-1.3996116,-0.09077305,-1.3387764
-1.399131,-0.71894103,-1.6397952,0.108745284
-0.5547961,0.6935836,-1.6300546,0.23291476
-0.8993496,1.0807402,1.793792,2.095063
0.35847032,-1.7198658,-1.9655921,0.2980505
-0.7572135,0.07101524,0.4559919,-1.5154897
-2.3851535,0.2152794,-0.40827003,0.08866274
0.9149492,-0.73021996,-0.078910775,1.6447184
0.82169956,1.460207,0.7485251,0.62805605
1.721967,-1.1537428,2.0959842,-0.29437095
-0.10802294,-0.553794,-0.0042714835,-0.36018896
1.1998342,-0.16017967,0.40598625,0.8098168
-1.9761142,0.6948269,1.0893645,-1.4666812
0.14835234,0.32934254,-0.69701415,-0.12755299
0.7644122,1.0898637,0.62691253,-0.80071753
-0.042024575,-1.6533618,-1.1392847,0.8393218
-0.62779456,1.6818525,-0.23420408,-0.32396936
0.16243732,-0.79352134,-2.469777,1.2290274
-0.023784632,0.7523883,0.51730305,0.030723572
0.5936031,0.6261461,-1.382619,-2.0408614
1.0220003,0.23959465,0.50310284,-0.3883763
1.5578166,1.0273426,1.0671322,-0.6638724
-1.621455,0.9797455,0.37856555,-0.5137556
-0.061862513,-0.28821972,0.21362142,0.3399787
1.4847692,1.0792936,-0.32477272,2.1731522
-0.8800093,-0.48048514,1.1428608,0.8097613
0.014268173,-0.80426544,-0.58417124,-0.14590475
-2.0219393,0.87203556,-1.5438694,0.08908183
0.010833958,0.074591756,-1.981292,0.06660708
1.9222169,1.5841774,0.8116433,0.06602883
-0.61039346,-1.5126858,-1.0527928,0.08580875
-2.219341,1.1673616,-0.7667896,2.0404704
0.0629311,0.040176563,-0.34363222,0.11817347
-0.57190496,0.0002642954,-0.6302056,-0.04184883
0.21332766,0.45564756,1.4122914,1.2083964
0.6314176,0.14111783,0.91597617,0.8833782
0.9846694,-1.3701613,-1.6827735,1.6337857
0.55885786,-0.841039,-2.1668243,0.17603795
-0.6117085,-0.53806067,-0.81484807,1.0919957
0.24348392,-1.386547,-1.2168239,-0.08367027
0.42910558,0.25267118,-0.6511377,-0.5514576
-1.8436528,-1.0543835,-2.133037,-0.55056274
-1.4155475,0.8497288,-0.13934569,-0.25744513
-1.3095875,-1.6787595,1.6119525,-1.2848556
1.2551906,-1.1582232,1.356896,0.73611027
0.69365823,-0.30213785,-0.31577796,0.3251822
-1.1216453,-2.4796412,-0.29650736,0.3563908
0.6041337,0.13247496,0.5470751,-0.17138523
0.7541957,-0.23509285,-0.35891485,0.09087385
-0.16466573,0.5530053,1.7519424,0.11834043
-0.6926172,-0.9433635,-1.3478723,1.130693
-1.6014031,1.5464857,0.9715849,-0.6664747
0.5904226,-1.2430146,1.3982103,-0.81331235
0.28984845,-1.2361422,-0.32780907,0.17567177
-1.8200269,-0.4382943,1.6455525,-1.111863
1.4812303,1.0823208,-1.1613624,-0.9164879
1.6700583,-0.5036076,0.57441336,1.261485
-0.04870382,0.23751186,0.35130596,-0.4853049
-0.76368743,0.25089523,-1.3270727,-0.36802134
-0.26902467,-1.8150582,-1.9152076,-0.79361176
-0.6126867,-1.8215023,0.07632507,0.8453469
-1.9518282,-0.5183434,-2.231578,0.594278
1.2369446,0.7207603,-2.1078854,-1.0672523
0.5098104,1.6806452,-1.1122776,0.5858812
0.08344193,0.47204083,0.19846122,-0.90892226
0.8522361,-0.39502534,-1.172061,-1.0926058
-0.29526845,1.6147121,0.82618433,0.647763
1.4050157,-1.7235311,0.60830647,-0.83383834
-1.5502093,-0.6597028,0.35677442,-0.03548626
-0.17188452,-0.53092176,0.9558714,-0.04180952
1.1947517,-0.051177535,0.81479084,-1.0572705
-0.93433404,-1.5744892,0.5052909,-1.3265104
-0.13149211,1.49229,0.8453452,-0.6666029
0.32942566,-0.3429976,1.1171046,-0.24825229
1.0978911,-0.48310158,0.018368281,1.032169
-0.9864425,-1.1047939,-0.46816143,1.103332
-1.1003183,-0.08337168,-1.5790541,-1.4745036
-1.2693027,-0.4933956,1.0528109,0.16626567
0.27974823,-1.2998717,0.49843618,-2.7672396
0.9670748,0.9023083,-1.6660771,-1.2015698
0.75046533,-0.032438412,0.8975633,-0.018598467
1.1489643,0.17277314,0.21943721,-0.20593512
-0.5344131,0.7176872,-0.6270978,2.2032793
-0.6639459,-0.39368275,-0.6867013,-2.3948946
-0.5855355,-2.3877494,3.0193682,-1.5207727
-0.8388423,1.5723671,0.044450685,-1.332665
0.77140063,1.4431108,1.8137175,1.6923871
0.031987924,-0.9545491,0.81700134,-0.8035838
0.71220446,0.84187764,-0.044606548,1.684493
0.30049488,-0.37652275,-0.048283204,0.47572845
0.5820465,-1.0509133,0.39508948,1.6941942
0.59605014,0.20556366,2.352509,1.9222826
-1.2799752,0.5755271,-1.1324885,-0.87405276
-0.3270751,-1.8217925,1.5051179,-0.9375714
-1.2450633,1.6598334,-0.33299166,0.53090125
1.9306684,0.14654826,0.23777553,-0.95331746
1.9769841,0.83757144,-0.31837627,0.45691404
-0.59008485,-0.6091906,-0.41159728,-0.3784074
1.2396563,0.026829988,-0.098375656,-0.77503276
-1.4068251,0.5791735,0.89740765,-0.1592816
0.25351003,1.0660843,-1.0001862,0.9681755
-0.5208524,-0.2064385,1.8247067,-2.6434705
-0.19380742,0.5407817,0.32628888,1.6552547
0.4253353,-2.1279557,-0.88913864,-1.1162188
-1.1020559,-0.004338795,-2.4006414,-1.0671551
-1.2529674,-1.0996497,1.200712,1.4839108
0.3944279,-0.25866872,-0.6891122,-2.0471513
1.3781527,-0.32178003,0.95163107,0.9719647
1.2967564,-0.3012895,-1.4017488,0.46783236
-0.32482266,-1.1097909,0.58213174,-0.8159009
-1.3172805,-0.8337014,0.7183718,0.83657575
0.023512887,1.2401838,-0.7878228,-1.8728139
0.15402952,1.6407257,-1.8117361,-2.1826046
-0.93224365,0.020268979,-0.83999217,-0.49500266
-2.021384,1.2899704,-0.051340677,-1.6675539
-0.030529201,-2.205454,-0.57400507,-0.56231034
-1.990717,0.6777506,-2.280796,1.0027626
-0.080207534,0.47318006,0.57114995,-1.1596595
-1.6158879,0.06464632,0.67093307,-1.004789
0.78473246,0.08181514,-0.8328405,0.78535604
-0.11448656,-1.6735966,1.0218636,-1.1885954
-1.0317845,0.79349935,0.24507345,1.5863129
0.6752512,-2.4695053,0.7253286,1.8139518
-1.581183,-0.7836885,0.9979574,-1.3660467
0.3914287,-0.55234987,-0.17950207,-0.18983057
-0.014219396,-0.4484131,1.6319655,0.84818643
-0.0977742,1.159412,-1.1407139,0.51875556
0.8641963,-0.04719515,-0.07167889,0.8336495
-0.07997021,1.4399586,-0.330646,-0.8531379
-0.548608,-0.6930572,-1.7259771,-1.251566
0.87711,-0.51990736,1.1584339,-0.6001745
-0.12621774,-0.0622832,0.30783808,-0.42742768
-2.5777338,-0.24229048,-0.9774685,1.5853417
0.14150184,0.8329724,-0.54141617,-1.128627
0.18510722,0.50673044,-0.6133635,-0.8741704
0.51807547,-1.0510366,-1.1295707,0.40439424
0.94967145,-0.8489875,0.21237433,1.1178483
-0.5744652,0.50696033,-0.39503726,0.58014554
0.84491724,-0.49198854,0.16137789,0.1662518
0.7362195,0.7318936,-0.4865673,0.65550363
-1.8630192,1.8949164,0.69507885,-0.43454194
-0.87207603,-2.1802304,-0.7910447,-1.448306
-0.007976889,-1.3362403,-0.4550696,0.39071342
0.2666681,1.215746,-0.28132626,-1.287241
1.6618773,0.45649618,0.3545184,0.7667191
1.5652857,-1.3694944,0.5314802,-1.1784096
1.1728686,-0.81815445,0.11877335,-1.3040354
1.094757,0.5345881,0.7643638,-0.5295549
-0.39045602,-1.8386195,0.6756769,1.2918807
1.2987624,-0.73994994,-0.39943504,1.1519747
1.8985497,1.4472746,-0.96412814,-1.273291
0.54500633,2.3550344,-0.43502682,1.2507129
-0.3602441,0.9489671,-0.40850785,0.4477133
-1.1914035,1.4169803,1.6915498,0.37279353
-1.7293681,1.2145008,-0.17435563,1.1019924
-0.538038,-0.5363773,0.28722802,0.11964857
1.7885395,0.112385385,-0.83149445,1.55482
0.095537394,-1.666613,-0.1644688,-0.49052116
0.087065175,1.1887069,0.29064626,-2.5090353
-0.2767153,-0.69308794,-0.34402248,-0.5921985
-0.042695984,0.8288303,0.3389621,-0.39070073
-1.8916154,0.68150485,0.26099682,-1.5585891
-1.7189698,1.1824174,0.45962906,0.2171551
-0.17530249,1.037544,-0.42653674,-1.5776237
-1.4676993,-0.7464382,2.2742045,0.47847882
-0.26730978,0.7227787,0.05847795,-0.44816867
0.11615731,1.283823,-0.8896921,0.65731066
-1.0303631,-0.15672718,0.47913554,-1.4707465
0.24952827,-0.4152531,-0.18352701,-1.4982111
1.5914034,-0.5601593,-0.07792329,-1.950319
2.0991862,-1.5830382,0.24200273,-0.32611552
0.59263355,-2.2693136,-1.1341423,2.3602874
0.85541385,0.94091564,1.4288538,1.3505394
0.88925195,-0.064275555,0.43115112,-1.3579694
-0.30375087,0.5433182,0.02691439,-0.85056394
1.5453894,0.15318395,-1.2383082,-1.47849
-0.1559282,0.9504544,0.080479436,-0.789996
-0.413442,0.22465248,-0.78970236,1.2734902
-1.1738281,-0.33886003,-0.9605877,0.49248323
0.8326617,1.5807798,-2.842838,-1.0170443
1.0046495,-1.5722401,-0.7874216,-1.2431641
0.1692597,-0.6914702,-1.8623886,1.8500338
0.22930723,0.9992562,-0.19444455,1.1271633
0.5795881,-0.49681458,0.29249486,0.8683427
-0.24113637,0.25623074,-0.771309,-0.73806757
0.91111565,1.2938321,1.1793339,-0.106928915
0.7090088,-0.40414533,0.69245577,-0.59111583
0.21234728,1.7050154,0.9528365,-0.17806305
1.189008,1.333448,-2.3228862,0.5566837
0.2170188,-0.5704724,0.12285894,1.3509758
0.76664555,-1.8810667,0.5561657,0.12915337
-1.5919245,-1.2957691,0.048222255,-0.419566
0.19470644,-1.5013491,-0.22073202,0.7829405
-1.0098635,1.2300936,-0.47629467,-0.11401703
0.20657156,-0.12430054,1.4191505,-0.9910132
-1.2500647,-1.3192769,-0.58648115,-0.73688334
-0.884764,-0.105671294,-1.1338843,0.4029386
-0.9007437,1.309717,1.0664016,-0.7065762
-0.4264057,-1.5622485,1.975883,-1.4358655
-0.1345922,1.4476595,-1.1984698,-1.4530382
0.95494336,1.949632,0.14716133,1.3242816
-2.2589273,1.7195655,-0.96602553,-0.541952
-1.4046556,-0.32487112,0.021863518,-0.19152938
1.4677616,0.0074918433,-0.28969276,1.3942509
0.5763573,-0.784337,1.369757,1.7452303
-1.4812602,1.4619383,2.1775453,-1.4377717
0.55465484,-0.6527373,-1.3228756,-0.47696322
0.1760565,1.2691827,-0.43337342,-3.3268514
-0.014878365,-0.47441864,-1.351709,1.2839702
0.68737966,0.9590582,1.3685347,-0.5910336
0.3242852,1.3092599,-1.7015661,2.2436616
0.2957895,0.54496235,-0.1261996,-0.4407775
-1.423192,0.6971931,0.8060135,0.9642327
0.11951819,0.13527268,-1.1500684,-0.24432653
-0.754256,-0.016401494,-2.3920984,2.728975
-0.33374935,1.8051847,1.0949862,-0.8863597
-0.05711618,-1.7900229,-0.21512344,1.3819883
0.8605636,-0.9055718,-0.6545289,-2.9914768
-0.8044263,-0.99402857,-0.2149462,0.49318996
-1.6618568,-0.47934684,2.145927,0.43533525
1.4594233,0.23202878,-0.9831085,-0.7855181
0.28819108,0.52633446,-0.72459716,0.59861434
-1.8374109,0.17516989,0.4654233,0.09745905
-0.45752385,0.71628326,-1.6682005,1.0523063
1.0700881,0.7864203,-0.761152,1.2374445
1.0974559,0.28404996,1.2319336,-0.47176647
-1.7948608,0.55527556,-0.32423803,-0.90676415
1.3569704,-0.6528226,-0.17871375,0.17225587
-1.8881454,-1.5330669,-0.4072713,0.1674695
0.82519424,-0.4508694,-0.4771754,-0.17909482
3.654204,0.1864294,-1.1619613,0.83529407
0.5544967,-1.0509843,0.7840821,-0.13081297
-0.03864965,0.27238923,0.8166308,-3.063177
-0.0075740023,-0.50672096,-2.1255362,-1.8158661
0.2493271,-0.18430622,-0.9093933,-0.4625886
0.85111606,0.32361576,0.78638285,1.864736
-1.95533,-0.3997707,1.0267563,-0.73035747
-1.5773633,-1.7232478,-0.58831006,-0.2977409
1.3166366,1.7476542,-0.76452005,1.8225344
-1.3052354,-0.44513774,-0.9119552,-0.56736064
0.45555344,0.753415,1.8507402,-0.55893975
0.024824725,0.41248322,0.6971667,0.648915
1.5404161,-0.14283429,-0.113233745,1.5500879
-0.14611107,-0.7607237,-1.6553688,1.573218
0.43743303,-0.53858835,0.10209382,0.03762148
0.71385634,0.4710429,0.50720876,0.8842796
1.4542285,1.1674252,0.25923115,-0.9133338
-2.4513767,-0.49077964,-1.6836643,0.83495706
1.423957,0.9630479,0.12198029,0.72092146
-0.38656464,0.25966522,0.35976216,-1.34439
1.3323151,-0.69969934,-1.428713,1.2128551
-1.377674,0.94783795,-2.6641333,1.792821
1.0400393,-0.28625688,-1.422602,0.6609495
-1.3292276,-0.74015343,-1.7429118,-1.3217249
-0.7069081,-2.657784,-2.723916,-0.28975427
0.71286273,-0.48317918,1.1732613,0.626721
1.1443038,1.0353329,-1.8756145,0.88357425
-0.13163708,-0.90653545,0.4514101,0.37303576
-0.9723272,1.6521813,-0.93223226,-0.55482066
-0.6711491,-1.4384636,-0.33098027,-0.07269546
-1.3683659,-0.70053476,0.9524803,1.8129413
0.5837071,-0.27080515,-0.35446513,0.07838938
-1.5757351,-1.9387606,-1.6011829,1.415611
-0.006626574,1.1493288,-0.6844753,-1.8033059
1.0592519,-0.6017244,1.1611987,0.008528956
-0.6722193,0.5927407,0.38451675,-0.8173632
0.19072747,-2.0670745,1.5946065,-0.4624707
-2.3338156,-0.61609817,0.49392706,-0.74377733
1.5424014,0.7053133,-0.9249843,0.56698984
-1.057591,-0.36943766,-0.48434964,1.1589946
-1.6082782,-1.7220056,0.21749736,0.0045933514
-1.2018688,-0.7626055,0.97368485,-0.23322226
-0.5547987,-0.4350523,0.64682245,-0.24343918
-2.0749745,0.7502603,1.1704042,0.1654154
0.6780535,-0.06132132,-0.3600359,-0.67742085
-0.36641085,-0.37702367,1.1591862,0.5121433
-0.9241724,-0.48299736,-0.037877087,0.86212814
-0.18275157,-0.83811927,0.4930832,1.0604614
1.3515532,-0.30245453,0.21994849,-0.500898
2.2666948,-0.26739436,-1.8161687,0.28527778
-0.5331206,-0.59343404,-0.031287823,-0.029835721
-0.18199232,-2.2214763,0.97218347,-0.5494268
1.053178,-0.7281242,2.1166575,-1.1925107
-0.3851918,0.25431347,-2.7476609,-1.5607729
0.9554067,-1.2070658,-0.027108321,0.22478455
0.52436846,-1.4605998,-2.1524749,-1.3243846
-0.8120611,0.20271409,-0.69030946,0.18282865
0.72103447,0.60543525,0.47043443,0.8550986
0.5649277,-0.77200073,1.0313532,1.4759699
1.0030073,-1.5228114,1.4682386,-1.3843427
0.010950478,1.2896335,0.4340265,-0.38576975
-1.291653,-1.5203398,-0.8777254,-0.3100379
-0.4982984,-0.0930739,0.31551734,1.0012188
-0.18636598,0.5418895,-0.89885193,2.0233102
-1.5748513,1.3436798,-1.032399,0.4649494
0.6537109,-0.9334011,0.94395375,0.7413386
-0.22147767,-0.5284537,1.0220181,-0.31988683
1.2836245,-0.5682989,-0.20410937,1.04351
-0.28708166,-0.8627047,-0.46433142,-1.2171092
0.026073545,-0.59689707,0.4387548,-0.6972119
0.03750484,0.9826513,-1.7672063,0.18146372
0.13648404,-0.8976551,-1.0992388,-0.16387403
0.8318989,0.40030462,-0.42577246,2.0383549
-0.12737516,0.38236183,-0.10915749,-2.0520089
-0.10040153,1.6133401,-1.2961447,0.5373108
-1.4778099,-0.16497675,1.3899409,0.6965217
-1.009309,1.2595806,0.39589027,0.7912469
1.4271281,1.9211376,1.7104192,0.2611099
-1.2388288,1.0076647,0.7155241,0.22424363
-0.91433513,1.1352913,-0.149199,0.9681065
0.42451936,0.5339431,1.8943264,1.0244172
-1.2247275,-0.29337677,-0.7964543,1.0998355
0.14818053,-0.66385746,-0.6198425,0.75924635
-2.3268526,0.258334,-1.6619345,-1.3878293
0.30202326,0.67527527,-1.0375613,-0.13007213
-0.042653937,-0.2527826,1.0391661,1.5816603
1.1600007,0.95940655,0.21666968,0.22198299
1.0291445,-0.11528833,0.37232378,1.603551
-1.036133,0.4284043,0.2837028,0.838876
1.3218,1.6769375,0.07499284,1.2184553
-0.21430804,-0.6110816,0.82360256,-1.0905117
-0.6579511,-1.0951431,-0.004500876,1.2011755
0.8857249,0.5419949,-0.2904151,0.05720566
-1.2653793,-1.4182565,1.4249992,0.67752254
-0.26507807,0.2696212,0.08923906,-2.1498127
0.33624214,-0.08647339,-1.4520091,0.44191325
-0.93983066,0.12946531,1.2983118,1.6322793
-1.9769882,-1.4566724,0.7168628,0.94379824
0.32574114,1.1318636,-0.24744828,0.5335961
-0.079390734,0.121707805,-0.7060881,0.39808688
-0.803824,-0.35844472,1.076802,-0.26554433
-0.17619216,-0.65274817,-0.88028985,1.2276384
0.21042906,1.2227596,-0.68947595,-1.1882926
0.49436575,0.6206559,0.34555888,-0.31097734
1.7599657,-0.0023733852,0.7416606,-0.06638192
-0.77944523,-1.0053966,-1.7094666,1.0669614
-1.249242,1.045757,-1.1257229,-0.21031648
-0.014150464,-1.6720254,-0.8636722,0.74398
1.4440223,-0.5667592,-1.8646157,-0.13595556
-0.11471975,-1.2861365,1.7872634,0.7531338
0.75925136,-0.9183745,-0.8005922,-0.63658947
2.5268502,0.10468653,-1.8125584,0.17222849
0.18775602,0.9560921,2.2169707,-0.06077183
0.9701742,-0.4644026,-0.39457583,-1.240026
1.1070135,1.0535711,1.7379735,-0.25088528
-0.16826789,0.20849732,0.6029228,-1.2818214
-0.94977987,-0.31071398,0.76802284,0.29186228
0.16547641,-1.6294342,2.3865097,1.4325825
0.3847512,-2.163234,1.1620678,1.0584489
0.27018988,-0.3990747,0.50233024,0.030226123
1.8689194,-0.9583842,-0.88366455,-0.31793296
-0.7131121,-0.20806676,0.2722232,0.12803757
-1.238767,-1.4634748,-0.6720463,-0.28512025
0.22862376,2.2744694,-1.4757979,-0.7472233
-1.2309803,1.5224979,0.24470203,0.019493917
-0.28384376,0.3343393,-0.4834475,0.50759184
-1.5419074,-1.8838042,-0.061507035,0.42378795
-0.15669397,-1.0312067,0.4428414,-0.10592897
1.2000426,-0.54785365,-1.1748188,0.23419423
-1.2070895,-1.0117965,0.16982163,1.6037223
1.1008313,-0.46478435,0.39380297,-1.9580107
1.7596794,0.084048435,1.6130971,-0.48253664
0.26731873,0.65468687,-1.8480434,-0.59153587
-0.64131886,-0.42786887,2.5944254,-0.5084761
0.5404775,1.2166132,-0.8353999,0.97521913
-2.325539,2.667857,-0.13489036,0.78405976
2.1606398,-0.55555314,-0.3546576,0.18286157
0.051952705,1.0083408,0.6508553,-0.4906762
-0.3667249,0.8666674,0.67485124,-0.2598848
1.1967772,0.17975721,0.5129212,1.541258
0.8280524,-0.18351401,-0.5490961,-1.4904275
-0.53426343,-1.0024554,-0.111621834,0.08847659
1.9706213,0.17185894,1.339973,-0.23460528
1.4393198,-0.41113096,-0.17704636,0.8619757
0.37701744,0.36755642,0.27246946,1.1513699
-1.4455235,-0.3472107,0.17826022,-0.995004
-0.56964314,0.5049756,-0.053152755,-0.2557643
1.5802246,-0.5954218,-0.7223492,1.7193588
0.5013763,0.6870979,0.31391984,-0.18553984
-0.57818633,1.7832028,0.4802649,0.17833741
0.2894251,0.8516601,-2.3038368,2.030144
-1.0885956,0.53251815,-1.5310403,0.33314586
-0.27924567,-0.6785861,1.0164495,-0.79040694
1.6352527,-1.8510157,0.6884079,0.42243597
-1.1939108,1.249102,1.589018,-2.706568
-1.6872222,0.23882519,0.092041984,0.20572087
-0.16810858,-2.564511,0.094389625,1.5111054
-1.0397297,-1.797722,-0.92061365,0.2349937
-0.1486675,-0.2781612,0.38645083,1.1073991
1.7086756,0.04251802,2.456504,-1.5598198
0.6840856,-0.06540209,-1.2135428,2.4507484
1.0911779,-2.1397796,1.3845066,0.46775046
1.2674049,-0.6609697,-1.0845829,-0.30713442
-0.24614416,-1.0402734,-0.8070865,1.8045878
-0.5462551,2.3779526,-0.37472427,-1.7878827
-0.047597542,1.0432911,0.880078,-0.9782874
-0.44486913,0.8880824,0.40074763,-1.054485
-1.0878085,-0.63043314,-1.672905,1.0552428
-0.89044476,-2.1067238,0.69020176,0.52559704
-0.46510112,3.2154908,-0.71705693,-0.52989656
2.396906,-0.432145,0.5758188,-0.64920783
0.31241155,-0.042643484,1.097364,-0.60763186
0.8831354,-0.33390668,-0.021774245,-0.3408593
0.3305284,1.2455093,-1.2083994,0.5236372
-1.2332093,0.025618734,0.7060905,0.3659281
-1.2753259,0.8245979,-0.36666322,-1.2984132
0.063297756,0.07732503,-2.4993136,2.3119516
0.339821,-0.43981513,-0.4370396,1.5250884
-0.8408915,1.0713638,-1.2964075,-0.84704864
1.6237344,-1.5487369,1.1618803,-1.5497297
-1.1796509,-0.45151103,-0.8593341,-0.04761129
-0.9519259,-0.36753067,0.8190206,-1.6935222
-2.567468,-1.7505984,0.44355103,-0.6526138
-0.29090488,-0.50248086,0.35669497,0.9758516
-0.75315225,-0.58090544,-2.4164383,-1.7844654
0.9473038,-0.959462,0.3710553,0.55421066
-0.5228777,-1.3574069,0.90759116,-0.4549009
-0.676833,-0.25857922,-0.45855165,0.92360264
1.4727204,-0.10494807,1.7738416,-2.4205115
1.341649,-1.1537274,0.49832878,0.5425695
-1.3522699,1.3781865,-0.30686137,-0.58690035
-0.42706594,-1.1905847,-0.509707,-2.1375735
-1.0888668,-0.7869238,1.342812,0.390239
-0.78803915,0.266694,-1.950588,-0.43558753
-0.91516054,-0.848791,2.0378497,-0.24322857
-0.735094,1.8857865,-1.0464487,1.4629977
-0.63834125,1.6680142,-0.47535625,-1.037832
1.9047229,2.106952,0.6433176,-1.2525363
2.2667758,0.7698077,0.30886036,-0.47253755
-0.4453358,-0.1776718,-1.9792745,-1.0380019
-0.9877536,1.0786484,-1.3163236,0.6127079
-0.58367187,0.6775582,1.1253409,0.12642024
1.2237352,0.36292067,-3.599448,-0.8098455
-0.82775205,-0.9931594,1.6340542,-0.13851054
1.0370559,-0.6353984,1.1783022,-1.7234266
-0.8522281,-0.014441024,0.15526813,0.6867627
-2.275113,0.7747237,0.45018107,0.43413743
-2.3052282,0.71152896,1.2649882,1.0170879
0.19935633,-0.6327934,0.327532,0.27600008
-0.41687846,0.13451271,1.8847607,-1.4403533
-0.19994593,-1.0832998,-1.0562532,0.5492441
1.487062,0.7760947,-0.15574247,2.0397806
-1.2647209,-0.78128076,-0.061465044,-1.4613068
-1.2503952,0.62167585,2.186956,-0.86195195
0.3162266,1.0310882,-0.013921741,0.96047944
-0.11110921,-0.4864444,0.96951216,-1.591382
0.008414243,-0.53013635,-1.0745109,-2.419437
1.8290946,2.32382,-1.4853628,1.9183501
-1.6154555,-0.48349366,-2.1549456,1.7187091
0.48005307,0.23359007,0.73838073,-0.30699727
-1.7260339,0.070069045,1.748215,0.56756186
-0.029225452,0.028219631,1.4465609,-0.76696163
-0.49132538,0.6236783,-1.132558,1.9216112
-0.9906934,1.2634225,-1.2875417,0.9043743
0.60489666,-0.25581127,2.142316,0.5779218
0.2633277,-0.16052264,1.8307278,0.4822109
-0.4010618,-0.9371038,-0.17869563,1.6060131
0.1874424,-0.06303082,0.10740375,1.2643223
-0.80854386,0.4012587,-0.012029376,0.72364026
1.8372889,-0.3378356,-1.4374418,-1.1767129
0.024039133,0.7978626,-0.75857455,0.89795196
0.7929357,-1.333067,-0.30843344,0.8923858
0.3336049,-1.495552,0.23108032,0.5476542
0.28367987,0.33255395,1.257917,-0.60481185
1.3009773,-0.31523386,0.5443377,-1.1288236
-2.1851473,1.0529228,2.0470703,1.7216569
1.1866549,0.08065613,0.81976914,1.521425
-0.645134,-1.2426838,-0.6747842,1.0827961
-1.9886742,-0.6554235,1.1634302,0.7438526
1.618158,-1.4483283,-0.74183756,2.3388906
0.3055222,-2.4467628,-1.4655263,-1.0736226
-1.0012021,-1.5048754,0.73093367,1.2237211
1.7784064,0.92858297,-0.30008566,-1.4678476
1.1941174,1.0894265,-1.8689022,-0.8394988
-2.3730526,-0.47913992,1.2199942,0.41757312
0.060300346,-0.10616892,0.583367,-0.032774087
0.8961605,0.9257733,-1.0660019,-0.95049745
-0.3751578,0.3469937,-0.0062908176,1.3569517
-0.5367802,-1.3574911,-1.6259428,1.9255337
0.13488457,0.9985533,1.123615,-0.77759165
0.34750646,2.8565357,0.024392348,2.1741626
2.0151873,-1.3226612,0.99045354,-0.25326544
0.9778238,-0.76463246,-1.5218266,-2.6523347
1.693596,-1.3028516,0.273107,0.62984663
1.0130634,0.39011943,0.0062386445,0.3053143
0.6657536,-0.8526176,-0.5882279,0.17518874
-0.20266536,-1.3863367,0.64619184,0.450346
1.4139806,0.8768074,-1.1353146,1.3144948
1.299313,-0.22584921,-0.69323784,1.3482296
1.7004946,1.5881494,-0.9485397,0.7179796
-0.21674335,0.8315523,1.0527633,-0.0358935
0.9955355,1.3975996,0.10526136,-0.25763926
0.11258385,0.47296214,-0.603129,0.6828443
-1.2967323,0.29946855,0.95964324,-1.2517194
-1.3347957,-0.50513023,0.6698715,0.33653796
0.54861206,0.70741576,-0.6687433,-0.8690328
0.89718926,0.3137281,-0.21721818,-1.3968718
0.33170107,-0.13381915,-1.4130828,-0.2134369
0.6871096,-0.44775808,-1.1092308,0.18418568
-0.64884615,0.95397717,-0.5911487,0.8052313
-0.9368457,-0.4151458,-1.3293628,1.3450503
-1.2692933,-0.29621834,0.42112556,1.5167351
0.3632278,-0.49429074,0.8493847,2.1297963
-0.7455132,0.53582406,0.7929174,0.49717408
0.19823143,-0.8536886,-0.009944722,0.7012857
1.686035,-2.274361,-0.16251352,-1.4324063
-1.145999,-0.14904627,-1.0066551,0.2857676
-0.3392339,-1.1956778,-1.3254079,-0.11851703
0.636466,1.8392043,0.38226962,0.5144583
0.35922748,1.229697,-0.8945874,0.093607895
-0.78169006,0.8910994,0.3047097,-0.41818044
-0.45453003,0.7625741,-0.7406696,-0.35807624
-0.34043851,0.3527907,0.29687104,0.047310337
1.2324146,-1.3220738,-1.5611516,0.7721933
-1.0719218,-0.15048343,0.37289917,0.22388352
-0.56678164,-0.4880859,0.8189196,-1.1331438
-1.9159254,0.78330123,-1.8047138,0.08851451
1.8299255,1.7086227,0.5779377,1.3790717
1.4310714,-0.93460166,-0.8911164,-0.10171274
-1.0846095,-0.055346962,0.21020749,-0.43059295
-0.11494085,-1.5502055,0.9680276,0.55896133
-0.25627512,0.81137717,-0.24825196,-1.533863
-0.058474213,-0.6947204,1.5024524,-0.64933085
-0.56921285,-0.5180986,0.3857466,0.89782596
-0.03699378,0.45949337,-0.029817512,1.9469258
-1.9111425,-1.3634021,-1.6824638,-0.62995404
-1.0946487,0.016056426,0.028127333,-1.4635917
-0.6162761,-0.62601227,-1.5111469,1.5040089
-0.02561359,-2.381408,1.2595809,-0.7918697
-0.4333332,-1.0712985,0.061617788,0.081001304
0.14852315,-0.22255173,1.0672482,0.10068355
-0.009413371,0.19014056,1.2673261,0.5423925
-1.8863798,-1.51462,-0.031939432,-2.039851
0.572955,-2.269146,-1.6591775,-0.8891724
-1.5100222,0.7157547,-1.0748216,0.6022251
-0.48018384,-1.9335696,1.6566675,0.009677718
-2.0005503,-0.3641897,1.3444611,-0.9977608
0.38681167,0.49194074,0.67418414,-1.1493689
0.7367006,-1.662618,-0.80126303,-0.30926853
0.054712836,-0.3200005,-0.13005029,-0.6477844
0.213539,1.4330055,0.5537341,-0.24148375
-1.0343126,1.0579603,-0.5600615,-0.5459027
-0.5682184,-0.9490647,-1.0897669,-1.6721065
-0.19852279,1.0682089,-0.8009531,-0.81094706
-2.3504236,-1.3763013,-0.08108375,2.0978503
-1.1751705,0.068218745,-0.1953996,1.1442039
2.6967,-1.3537971,-0.083286874,-0.14468145
-2.4316008,-0.58346915,-1.1538248,-0.011084617
0.22636747,0.7859303,0.4699691,0.040921625
-1.8219659,0.29570583,2.1315093,1.1880866
1.0240916,-0.93243617,1.6490551,-0.6403257
-0.05791485,1.4217966,-0.15488485,-0.3420721
-1.1085252,-0.737505,1.354643,0.73365295
0.014399274,3.0929854,-0.38914862,1.1999644
0.07584354,1.6706389,1.3240439,1.607913
0.8986196,0.40537852,0.1826045,1.257805
0.72884434,-1.047551,0.09321281,-0.9322531
-0.05919837,-0.5876347,-1.2437332,-0.18130738
-0.86857504,0.68293303,-0.170761,1.2077395
-0.49169862,1.0273054,-0.16557726,1.0180248
-0.38706866,-0.97502303,0.85331696,-1.8708138
-0.873714,2.105148,-1.583509,-0.47325054
1.5423915,2.160568,2.1447425,0.48134145
1.8812373,-0.6218194,-0.3124088,-1.2097687
-0.40909576,0.26357815,-1.5455658,0.4143147
0.265052,1.1839948,1.5075971,0.95307446
0.5962454,0.55245304,0.044164807,-0.3892302
0.1845436,0.38636187,-0.03557194,0.138699
0.3985604,0.44787273,1.7832788,0.96130556
0.41424608,1.0026877,-0.6160015,-0.37068075
-0.12558538,-0.238918,-0.87211674,-1.1259899
-0.3511197,-1.5801564,-0.66477454,-0.952759
-0.38358694,-1.9555018,-0.19005153,1.0245064
-1.5561007,-0.32749104,0.2972733,-0.635194
1.5651073,-0.2234814,-1.8570862,-1.032568
1.2506567,0.471833,0.073095,1.0628245
0.12853543,-0.8207589,0.12642734,-0.2909195
0.22545666,0.6283968,0.85991436,1.6597317
-0.7041459,0.7933783,-1.1479918,-0.6028764
0.37873933,-0.6978061,-0.018087342,-3.1520038
-0.7727679,0.43689504,-0.2921152,-0.0055526574
1.5549083,-1.4930449,-1.2280407,1.8534577
-0.46724713,0.4642179,0.84535694,-0.36744714
-0.22339346,-1.1273855,-0.53437126,-1.5792942
-0.24188541,-0.5733698,0.22867486,-0.7846728
-0.33206624,0.2262377,-0.2609951,-1.2623303
-1.2466538,-1.7329147,-1.2112936,-1.0696598
1.2853371,-0.5095311,-1.0697181,1.4660791
-1.0317894,-2.0563364,1.7502745,0.18632811
-0.027395338,0.8965713,1.1955855,0.157187
-2.0640597,-0.69415337,-2.0299199,0.7549289
-0.8951587,0.3263262,1.9107585,0.49684256
-2.1589644,-0.62442416,-0.24871069,-1.4160377
-1.4199349,-1.1462889,-2.5059311,-0.4702483
-0.89019704,1.5864853,-0.15777671,0.5441668
0.35727245,0.12855554,2.1532161,0.84775525
1.149982,-1.3580215,-1.0580642,2.485116
1.0518069,0.2751862,0.008789595,-0.4204754
0.13915738,0.27863294,-0.15692206,-0.44357505
0.7702603,0.658886,0.85392946,1.0570213
-0.121100366,-0.57727754,0.94613856,-1.2916404
-0.29638562,-0.48684898,0.7235599,-1.3772166
0.9345127,-0.2393155,0.30350924,2.1986866
0.35680136,-0.6328413,0.5787967,0.37600398
1.7152125,0.6963361,0.89762414,1.3110564
-0.5351166,-1.4753654,-0.6123296,0.36672562
-1.1241735,0.63496107,1.3475552,-0.7982806
0.45521322,2.0959604,-0.105289094,-0.14653628
-0.4520444,-0.07718865,1.2600529,0.13301149
1.2097533,2.2672455,-1.6275686,-1.9013774
-0.87599325,0.04559915,0.014881675,-0.51640034
-0.49658376,-0.44435623,0.84188765,0.01936774
-0.62306345,-1.5942369,-1.8654785,1.0701228
1.1262524,0.14506659,0.32359874,0.16321118
0.557224,-0.43111697,-1.7869644,-0.6477012
-0.032237325,-1.7962248,0.7131281,-1.2391196
0.4303645,1.8441856,-0.0206744,-1.612262
-0.97118694,0.1440652,-0.27890325,-1.1689099
0.41343948,-1.9225866,-1.0472091,1.2734941
2.148482,-1.0526837,0.9366309,1.4631672
0.89188194,0.8897077,-0.77921754,1.2186708
0.9404417,-0.598023,0.64833486,-0.45477697
0.4497233,1.3145767,-0.75794774,0.2939803
-1.7053866,0.45852488,-1.9459538,-2.0444317
-1.5012057,0.16016577,-0.39372954,-0.7291558
-2.0233006,-1.1714947,0.4255825,1.703809
-0.13495241,0.38376963,-0.5206869,-0.90505475
-1.4597858,-1.5424836,0.48461804,-0.60671157
-0.28809708,-1.5344841,0.39766994,1.1663785
-0.7501131,0.3308489,-0.8291642,1.1047522
0.63766795,1.9625577,-0.03134874,-0.13513438
-1.0991502,0.08608752,-1.2392684,-0.70332265
0.45547152,-0.9605281,-2.2923076,1.3188895
1.0106244,-0.57254714,-0.8978461,1.2129169
-0.054557994,0.44786295,-0.05471455,-1.142028
-1.804409,2.4300926,1.9372892,0.17433433
0.9293031,1.2716578,1.2189031,1.074895
3.3832476,1.6597525,-0.5988905,-0.08253643
0.66603863,-0.30701494,-0.95202255,-1.0619416
0.5904978,-0.66964084,1.3681141,-1.086889
-0.5677036,0.042542472,1.2576619,0.1444116
-0.265341,-0.5415666,2.1659086,0.2729751
-0.86405426,0.6364308,0.5592605,1.57133
-1.411241,0.42145148,0.40041178,-0.56342876
1.0758781,1.3182784,-0.073150575,-1.1586443
2.0261621,-0.33913228,1.6358407,1.097791
-0.19985875,-2.3823225,0.16580012,-0.29171234
0.27479774,-1.1541884,-0.4994156,0.013325329
-1.1172549,-0.738768,-1.8648813,0.4513428
0.011680885,-0.46456793,-0.0707423,-0.69101596
-0.17692263,1.2576394,0.07740731,-0.51811975
-0.3239619,-1.42408,-1.1082429,-2.024495
1.1458611,0.10214859,-1.2968936,-0.7049117
1.5563139,1.7417473,-0.3806707,0.56298965
-0.023923341,1.1540414,0.22516048,0.94510937
-2.1089344,-0.3119982,-1.0140779,-0.0025450245
2.2932112,0.5526645,2.230073,-0.76205677
0.4590611,0.043926615,-0.38550934,0.39381853
2.2196388,0.45727804,1.0718824,0.28954622
2.8042765,-0.9923279,-1.1233275,0.42053142
-1.4760662,-1.976297,-1.4910761,2.6919715
-0.477531,0.8406059,-1.5137606,1.0226209
0.57388574,-0.18739949,1.4248,-1.5567342
0.09095726,1.1656078,-2.9498112,1.3694892
-0.4269569,0.2202795,0.82404757,-0.23022227
-0.297413,-0.6526395,-0.52245253,-0.31288248
1.5499151,-1.7999135,0.09878791,-0.780314
0.49925718,1.2372639,2.1093662,0.229887
0.9546216,0.67946064,0.7401674,1.0062602
1.8246318,-0.47188914,-1.4225826,1.3276572
-0.16023712,-0.8594326,0.644448,-0.81024194
-1.1469771,-0.42658204,-1.1567018,-0.51279104
0.93765223,-0.37704217,0.32264724,-0.6625136
0.15472603,-0.34397116,-0.67823654,0.91602594
0.5739042,-1.4763552,-0.87432903,-1.4848206
-0.70781636,-0.21513057,0.5921441,-1.4571639
-0.3633564,-0.81788737,0.1436663,1.2470688
0.67724186,-0.18099342,-1.123244,-1.7969455
-1.5819854,0.60589886,0.08635739,1.4520764
-1.1167483,-1.7591854,0.03916584,0.52008915
1.4917407,0.58204156,-0.7694274,-2.1892176
1.5951256,-1.3675668,-1.290259,0.92823124
-0.3846957,0.41078287,1.0001752,2.4222488
0.8924999,1.1228892,0.7136858,-0.98611575
0.35619238,-0.77395815,0.77197254,-0.5811521
-3.640376,-1.738851,-1.1634431,1.9167843
1.0010016,1.0656863,-1.6097144,0.4438677
0.7373659,-0.53104657,-0.5364138,-0.6934099
1.1770687,-0.09289378,-1.9724606,1.0460411
-1.0915982,-0.54305786,0.22106594,-0.7200875
0.023456547,1.9933397,-1.7809902,2.271857
-0.9371222,0.93573266,0.72585523,1.4537468
-0.051525842,0.60880524,0.63301146,0.9500149
-1.2814273,-0.73140436,1.4533216,-1.2225326
1.0023218,0.8281486,-2.6489022,1.1064527
-0.7784989,1.7767088,-0.59161246,1.7302332
-0.98147625,-0.34154046,-1.3308558,0.24745148
0.44924623,-0.4092261,1.6643677,1.3543671
1.9444479,0.23447075,-0.26752564,0.18804075
-1.7225643,-1.7409722,-0.6909356,1.1389731
-0.11797351,-0.25866452,1.9612029,-0.85153276
1.0163549,-1.1433928,0.37303177,-0.74490756
2.0796049,1.8066224,-1.1149309,0.11974622
-1.828027,-1.1873729,-0.039114323,-1.3437004
-0.19794801,-1.262036,1.471337,-0.46628755
1.2083392,0.06301658,0.81576407,-1.5592784
-0.050153393,1.0008153,-1.1862787,-0.3940678
0.37099826,2.6859257,-1.7943538,0.06855293
-0.668037,1.9387684,-0.54236746,1.4319613
-0.43462887,-0.26089296,1.288468,1.6797099
-0.1911617,0.92034245,-0.3101705,1.9803265
-0.13134192,-0.54547065,0.016023062,1.2755305
0.103506215,1.1093799,-0.79274625,-0.03879451
0.49834153,-1.1530718,-1.0594828,-1.4418472
-1.9525365,-1.6269794,0.6663979,2.589939
0.27005625,-0.1954829,-0.8826155,-0.6536272
-1.3507676,2.0681686,1.1095253,0.80430543
-1.181592,-1.0983635,1.6311076,0.64458084
0.5159228,-0.9723387,0.54467106,0.58287275
-0.80827117,-0.44513407,-0.6769409,-1.5953475
0.05812105,-2.1092718,1.338285,-1.3547153
0.7706406,0.6393575,-0.37082064,0.3767639
1.2722964,-0.9320453,0.26110768,-0.014610248
0.13293654,-0.6514452,-0.27795896,-0.12866671
1.094088,1.7939084,1.1358688,-1.2111044
0.22013074,0.23724677,1.6844947,1.7892567
-1.2962744,0.54474723,0.061063062,-0.18280615
-0.41443965,-1.1283083,-2.5175114,0.2952205
-0.7447238,0.25591204,0.35372055,-0.105484016
0.07961383,-0.88817173,0.22180459,1.6001776
3.4877813,-0.5612979,1.7232764,0.84757304
-0.047464546,-0.38361993,0.9343496,1.0549947
-0.36526057,-0.1619576,-0.9508861,-0.16762888
0.8024115,0.49912313,0.3423928,0.08304054
-0.85597616,-0.46429333,-1.3445919,1.4564885
-1.7153866,-0.46682495,1.1200802,0.23340632
0.8309894,0.49312228,-0.38889772,-1.7008283
-0.10300038,-0.10109363,-1.2524079,0.65494895
0.065029316,-1.2167815,1.0975803,-1.4002011
-1.1116033,-1.5818198,0.18030901,0.8021208
-0.6506381,0.59374005,-1.0605627,1.7510868
1.117287,1.0057666,-1.3428726,0.6208535
-0.22834666,0.4844337,-0.9497092,-0.5395765
-0.2906409,0.20705333,-0.6395527,0.121437065
-0.22541322,1.5117204,-0.75101846,1.3645595
-1.0069143,-0.6282852,1.0321865,-0.5181468
1.8125354,-1.217527,0.78736144,0.9335773
-1.729413,-0.64515597,-0.5784611,-0.5701274
0.3924025,-1.9710456,-0.33578825,-0.35821685
0.8563613,-2.966665,-1.0307755,-0.8864278
0.703238,-0.20319104,-1.3889917,-0.0953447
1.8871562,-1.9316906,0.4458042,-1.0987502
-0.7354143,-1.28547,-0.15933678,-0.41863593
1.1534933,1.4221804,1.5182695,1.2939261
-1.8578341,0.74236345,2.1751254,-0.04096016
0.5846442,1.1760533,-1.9398282,-2.4411232
-0.31898433,-0.83594394,-0.2830551,-1.1640593
0.4119751,1.0668207,-0.13187312,-0.79183656
0.65741616,-1.3072793,-0.20604657,-1.269654
0.67652756,-0.09980615,-0.53830206,-0.24220769
-1.654754,-0.25215355,1.1196109,-0.6966252
0.34676948,-2.2004325,0.024806984,-2.0894308
1.5671967,1.3397614,0.0968392,0.21041282
0.19297953,-1.8258966,0.97133774,0.104714654
-0.894373,0.1493111,-1.6841464,0.48187184
0.86080235,-0.08856722,-0.29092196,-2.1895313
1.5658596,-2.2628717,0.48792034,-0.13575125
-0.2233553,-1.8801945,-0.7916055,0.877705
-0.3852533,-1.0557282,0.6572099,-1.8949333
1.3240007,-0.68231237,-0.18195869,0.08324555
0.8115248,-1.319974,0.2834741,-0.1543962
-0.8139987,-1.08394,-0.30601487,1.0497128
0.6527245,-1.2975786,-1.5542992,-0.20391953
-0.69711703,0.28544852,-2.0364926,-0.31570417
-2.2933402,-0.30164567,0.17880982,2.2296684
1.2543988,1.0660164,-0.0628327,-0.29096147
-1.0763328,0.5593091,-0.7990682,-0.69283044
0.5949312,-0.004167767,1.2394389,-1.0160891
0.07639521,-1.1628927,0.4150785,-1.9474227
-0.6200124,-2.0929592,-1.155362,-0.012938331
0.07781867,1.9474155,1.049356,-0.28573534
-1.9675514,1.6210196,-0.23571396,-0.4310301
-0.49326697,-1.2050447,0.11677717,0.2920705
0.81651026,-1.1472917,-1.6762651,-1.1595134
1.3964714,0.3497965,-0.51455617,-1.116875
-0.9629663,0.38330185,-2.1944194,0.22346431
-0.11109266,-0.5666321,1.7124023,0.4628177
-0.13788949,0.38757223,-1.6972252,-0.98007673
0.47290784,1.5833645,1.5264146,-0.1472031
1.4799886,1.1242781,-0.91701216,1.6819096
0.3790582,-0.03826769,-0.096065,0.52188265
-0.41269577,-1.6836959,-1.5591462,-0.88880587
0.01556618,0.31462818,-0.92364013,0.724822
-0.9251113,1.375559,1.4127827,0.5298747
1.0885156,0.43249756,-1.9935989,-2.4842632
-0.7188009,0.31325847,1.0272286,0.5652748
1.2327099,-0.2995501,-1.0294688,0.95816594
-0.6953149,-0.4433554,-1.1685085,-0.66978747
0.8213137,0.5303851,-0.024936236,-0.117582984
-0.51080495,0.9967863,-0.9170012,1.4899894
0.09660904,1.0512642,0.12427672,1.0575273
-0.123698734,-1.1449748,-1.6273804,1.9623045
1.2703235,-0.46089378,-2.027651,1.0668123
-2.0254695,-0.017859207,0.77489626,-0.7714576
0.24652922,-0.75100636,-0.2933604,1.6394448
-0.554298,-0.67687094,1.0312166,-0.45015404
-0.8735993,-1.2726341,0.97729045,0.29522842
-0.56006044,0.05706655,-2.3318098,-1.761778
0.5780671,1.5293311,0.88038576,-1.1683724
0.71323323,0.67513424,-0.38968146,0.8458352
0.6328235,0.5283097,-0.71657157,0.39015403
0.13439861,-0.45025668,-0.06773784,0.45327532
1.2968775,-0.8157717,0.6806817,-1.5104992
-0.99229616,1.1379428,-1.6394001,-0.33107024
0.11629013,0.8906385,-0.7960429,-1.1627016
-0.1724478,-2.119286,-0.14600705,-0.76809317
-1.1401922,-1.348927,1.4819022,1.7665327
-0.70689183,0.27250788,0.9193207,0.5330275
-0.88362324,1.9164563,1.6143093,-2.3628912
0.5288591,0.39780945,-2.3116188,-0.4402567
0.71450716,-1.4811789,1.3693297,-0.14761902
-0.81380385,-1.057485,-2.0371196,-0.15775068
-1.2834595,0.3924467,-0.5790284,0.010642862
2.4737842,1.6465571,-0.07209157,2.468891
1.3042396,1.4824823,-1.1602185,1.1592335
1.8893377,0.27096346,1.8018779,2.732431
0.82657707,0.29777437,-0.005382232,-0.28382576
0.5410686,0.3368399,-1.0584491,-0.4149502
-1.0779036,0.07538986,1.1310706,0.30596167
0.9842611,1.7039949,1.568514,1.2339206
1.4273373,-0.35642025,0.23284714,-0.041458055
0.2135538,0.50562656,0.99925375,1.0688554
1.0835181,0.20308849,-1.0955145,0.6258641
0.3498375,-0.50312155,-1.6446477,-1.2309098
0.47206575,0.6943799,0.00087066455,-0.65157515
-1.186855,0.71978164,0.068825565,0.24031803
-1.2941447,-0.7124564,1.5652978,2.2043693
-1.061797,-0.83414716,0.6541804,1.208499
1.8591406,-1.5814022,0.7535624,-0.38860676
-0.058658663,1.2348394,0.08760768,-0.9258125
0.29356003,0.7979534,0.67213607,1.0406519
-2.9994817,1.1647141,0.7985598,0.466674
-2.308972,-1.2869513,0.21060719,0.6584408
1.4404582,-0.36234912,0.9238052,0.6509824
-0.62056977,-0.41510528,-0.13203394,-0.9549877
-2.6183784,-1.7294803,-0.7181936,-1.2183964
-1.4035698,-0.97541493,0.7662098,0.04845334
0.46117887,-0.5854807,1.4635513,0.60218966
-1.2857144,-0.31234133,1.3400136,2.3520892
-0.2944274,0.27162123,1.2899634,-0.84165984
0.5217947,0.7870096,1.2020957,-0.039348707
0.85479146,-0.1419339,-0.060266655,1.4174134
1.0565274,0.5468705,-0.48072103,-0.26800585
-1.5903994,0.42891917,0.42275274,1.4705062
-0.03505267,0.23932491,-0.6076337,0.91530883
1.587676,0.54474235,0.9437712,0.003638561
-0.16086984,1.1652403,0.46156067,-1.0972217
0.43238103,-1.96403,-0.4999136,0.64337707
0.16853742,0.7621543,-1.0564979,0.48181775
0.011926828,1.1914986,-1.1135964,-0.70740414
-2.081296,-0.75817716,1.5935928,0.8215176
-1.6124232,-1.3134403,-0.15014353,1.0929441
1.5157588,-0.6749527,-0.5672176,-1.654317
1.2775415,-0.6764588,1.1176344,-0.115517706
0.87408644,0.43485382,-0.48641917,0.6739512
0.10211197,-0.2601619,-1.0216256,-1.2088406
-1.0265168,-0.6069935,1.6712269,-0.87092054
0.27010128,-0.815747,-1.0018371,-1.6832255
0.7636953,-0.8112888,0.4415831,-2.7845526
-0.6754334,-1.2880579,-3.6304924,-0.87142193
-0.73432386,1.8230762,1.7728173,1.0743622
-0.3910664,1.6972399,-0.6101546,-1.0788814
1.1809554,-1.7298768,0.35507858,-0.5463166
0.51422715,1.7059172,-1.2774478,0.3212529
0.64159644,1.4359821,-0.16490471,-0.21515198
-0.08327543,-2.152073,0.17815346,0.6250168
-0.9046196,-1.1012452,1.3243504,-2.3049438
0.021172263,1.2968047,0.40291002,1.9435258
1.8758628,-0.5484318,0.82434475,-1.4691012
0.12699394,0.18525685,0.79151267,0.35736537
-0.18573412,-0.038087483,-1.8345178,2.053268
-0.57356936,-0.9750412,0.40538028,1.7234327
2.3541563,0.065761864,1.1196704,-0.2885813
-0.41477898,0.43745622,-1.6838797,-0.47133425
2.093235,1.7589358,0.34448206,1.5455661
0.7813097,2.382082,1.7624199,1.126271
1.942939,-0.34997427,1.1852281,0.7770763
-1.4718535,-0.46067378,0.30211064,-0.23638706
-0.59914047,-1.2300863,-0.14239673,1.259832
-0.619981,-1.0207924,0.47689164,-0.9481159
0.29529065,1.4705193,0.073822014,-0.17591111
-0.6313645,-1.9898828,-0.021856153,0.12073863
-0.22893117,-0.24145795,-1.4304692,-1.9211667
-0.81190467,0.08484201,1.9372253,0.6722164
0.69653624,-0.6523774,-0.9374915,0.47073203
1.3229607,-1.2253872,-2.3864255,-2.1507218
0.89392316,-0.8235669,-1.417293,-0.57066405
-1.6268386,-1.0433404,0.41551763,0.39082438
-1.2654133,0.322806,0.20621778,0.6064235
0.54344815,0.67711836,1.3925397,1.2624295
0.59346795,-1.7023906,-1.9345142,2.3370764
1.019096,-1.5227598,-0.8192506,1.5581747
-0.031361338,-0.6755457,-1.2174199,-0.636288
-0.6352691,2.294303,-0.04392611,-1.4640294
-0.44773826,0.1354138,-1.4321582,1.7275692
-0.6055649,-0.34632343,0.03403905,-1.4147594
-0.06542868,-0.14001551,-1.062332,0.8816374
1.0591636,-0.42611548,-1.2360163,0.6408583
-0.53376544,0.74060875,0.2405743,-1.1087016
-1.327645,-1.7365457,0.4386323,0.8408757
-1.5777804,-2.1481345,-2.2059376,1.633076
-1.2021707,1.0775347,-1.447693,0.40020117
2.5669847,-1.7517095,-0.14114343,-1.5166478
0.14071637,-1.3613086,-0.26928464,0.15360723
0.075102285,-1.0913552,-0.45344073,0.31201652
0.6410208,0.6846341,-0.16561097,0.38778496
0.33142534,0.69154847,1.1623226,-0.064201325
-1.1586945,-0.876092,-0.6208516,0.95331156
-0.24442355,-0.23656602,-0.465782,-1.2519727
1.7773831,0.4641294,-0.5265981,1.6546717
-1.3166368,-0.4494978,0.9651803,-1.1111248
-0.010083396,-1.2075641,1.2167902,0.22646622
0.2549907,-1.6969569,2.4083915,0.51874596
-0.50430244,-1.9362689,-0.3705892,1.1705161
1.0435733,0.49225494,0.32686314,-1.5074811
-0.8749074,-0.11983976,0.1895857,1.3759842
0.2430468,-0.72962964,0.7045889,1.204316
-0.37057713,1.1508654,2.0946386,0.7904406
-0.016332194,-0.53752995,-0.07557304,0.0236962
0.11728328,1.4803771,1.0573477,-0.371803
-1.6731875,1.0549377,-1.9165947,-1.005918
-1.1125805,0.7587553,-1.2092761,-0.9171069
0.47296697,1.0451872,-1.035958,1.0584732
0.020575859,-1.6724564,-1.9150859,0.38904345
-0.70490783,1.6220732,-0.62044436,0.16685079
-1.1087445,1.3252347,0.41532904,0.8624532
-1.2254828,-1.3457626,-2.2322013,-1.3133332
1.124388,1.4842348,1.0155953,-1.5680008
-0.16625541,-1.1196523,1.2721293,0.7307704
2.0975046,-1.386672,0.45861349,-1.1964325
1.6048672,1.0207483,-0.6227978,0.41752544
-0.3254005,-1.5317708,0.23826799,0.833779
-1.3282479,-0.1527596,-0.072520636,2.8531907
-1.3473371,-0.102800705,-0.7992449,-0.24358852
-0.81131047,-0.4602288,0.32438493,-1.1175172
0.48506927,0.52376175,0.5527873,-0.22813554
1.2012875,-1.2965567,-0.45726898,0.7087107
0.6920379,0.26350632,0.21758614,-2.0084314
-1.0046545,-1.0550765,-0.6807722,0.9867564
1.3671397,-0.21383685,-0.77692646,0.83589804
0.37830636,2.2461524,-1.2167941,1.6557047
-0.40611595,0.290041,0.47132275,2.671943
-1.9642866,-1.0619484,-0.3818896,-0.09164783
-1.7267351,-1.5866331,-1.3190011,-0.95781314
0.45394868,-0.967497,0.6917478,1.0545173
0.9155159,-0.17799556,0.8226717,-1.0500053
-0.9994694,-1.6566107,-1.7124472,-0.05336324
0.28451756,-0.6511924,0.75115997,-0.084667556
-1.1513253,0.4236962,1.0157198,-0.093558826
-1.0343156,-0.5256732,0.24332038,-0.5783448
-0.035079416,-1.011695,0.9556113,-0.4314709
-0.28663915,-0.27230293,-0.75452125,0.4639257
-2.0651727,0.21940994,-0.64126444,1.7823552
0.8439445,1.573425,0.13586164,1.5951169
1.3672101,0.7131995,-1.657402,-1.1368119
0.16741902,0.5063667,-0.99655366,-0.4808202
-0.98703,0.29124543,0.9581736,-3.142851
1.0541712,-0.99127007,-2.6647272,-0.6377168
-0.05077288,-1.1680961,-0.11209739,-1.2636715
1.0388386,1.5173637,-0.039879672,-1.9700567
-1.057563,-1.3756777,1.210658,0.04715763
0.5345816,-0.39586776,0.36303672,0.40201244
0.9286422,0.94292486,2.8216605,-1.9105009
0.84329176,-1.045967,1.364237,0.6739543
1.5687975,0.08481319,-0.91415715,-1.3239632
-0.08317477,-0.2620427,1.3618227,0.60107654
-0.963585,1.4822013,-0.119725674,0.45352387
1.3150078,-0.6869178,-0.09291879,1.3941629
1.2006168,1.5206449,-1.726128,0.93447256
-2.2824562,1.4379778,0.20677836,-0.16837841
1.2389632,-0.7772937,-1.1866071,0.2528094
0.8048796,2.3282676,0.6919281,-0.36894345
0.6798974,-0.6382325,1.6706965,-0.8946045
2.3606505,0.914316,-1.5997976,0.115524985
0.5536845,-0.38195366,1.461635,-0.4573534
1.4962598,-0.90074587,1.257854,1.7049243
0.57763135,-1.7414967,-0.70082945,-0.7789161
0.035959963,-1.0205619,-0.26224846,-1.1854163
-1.4297698,-0.7288145,-0.7590559,-0.34737423
-0.8188341,-0.012156353,0.12730804,-0.38901874
-1.0031418,1.9174645,-1.5722754,-0.6534915
-1.150811,0.43823177,0.05544037,-0.4998823
-0.40341002,-1.4935622,-0.72329205,0.83774
-0.17145883,-1.9097013,0.4475579,-0.64371043
-0.2795538,0.6502025,-1.2926182,1.6320474
0.99274826,0.26140884,0.6883849,0.13145536
-0.28721687,-0.09783807,-1.928586,-1.1018062
0.96529096,0.19020452,-1.0118123,-0.7800733
0.9265243,-0.4243826,-0.3310515,-1.7992795
1.417394,0.27144337,-0.55977786,0.22465399
0.55966496,1.2575562,-1.055702,1.1719741
0.8091446,0.36043233,-0.35544118,-2.453265
1.3398949,-0.48753124,-0.7361336,1.0050235
2.8057046,1.213223,-0.636153,-1.1537098
1.1150742,1.0970805,0.36459666,1.4760526
1.2743921,0.38351876,-0.85033906,-0.42808422
0.79064137,-0.8496213,-0.72307324,-1.8999921
-1.0208367,0.16132393,-1.3431153,1.4389441
-1.241155,1.7490662,1.9344544,1.7566344
0.5962665,0.3046045,-2.089085,-0.70914805
0.622212,-0.14809386,0.5165334,-1.3515373
-0.13576348,0.22149631,1.3864671,-1.9955133
0.39822632,0.9005135,0.6298747,-0.6006552
-0.39993197,-0.5491369,-0.79991525,1.3642765
-0.31178498,-2.2416928,-0.7467263,0.37223908
1.4222648,1.1716647,1.1926813,-0.983784
0.07971572,1.8058643,-1.4649372,-0.2668955
-0.29455984,0.012478985,0.110641725,1.6149968
0.5171618,-0.45615298,1.6452692,0.31584874
-1.0773578,-1.6994058,-1.0944073,-2.5791671
0.6908534,-1.5762126,2.2168174,-1.4650602
0.5967391,0.3878687,2.303322,-1.7076862
0.5156555,-0.13520302,0.42583978,-0.68071395
-0.6309906,0.46090624,-0.007730543,0.8387936
-0.05324951,0.41265923,-0.0333571,1.3965234
0.9532712,-2.1315622,0.00673187,1.4783566
0.3402651,-1.1626587,-0.5814851,-1.460268
1.0528847,-0.41384244,0.23692198,0.98158234
-1.2437558,-1.4327724,-2.4255214,-1.1284404
0.94378716,1.3452765,-0.5503183,-0.7402644
-0.40444866,-0.3040325,-0.27558842,-0.34168532
0.8123255,-0.17801292,2.1447136,0.24748531
-0.20063065,-0.14838941,1.1654668,-1.0014063
0.75507987,0.15232521,0.41107932,1.0425214
-1.1991721,1.4977973,-1.7299309,-1.8617489
0.66777277,0.217505,-1.4790125,-1.2647223
-1.6608492,0.95781416,1.3494962,0.54283315
-0.8046687,-0.05253783,-0.23672377,1.3389976
-0.7556424,-1.2424793,1.4891827,-1.1971012
1.5566741,-1.8203948,-0.05091153,0.37390897
0.30437076,0.9427591,-0.22082372,1.7832373
0.3326644,0.775297,0.04693407,-0.21381053
0.848794,-1.6713027,-0.6605002,-1.3326102
-0.25162014,0.7236722,0.5661146,2.953148
-0.56872827,-0.8705526,0.80089355,0.91422254
-0.48914278,1.0117204,-2.8236063,-0.6301775
0.20067915,-0.65546435,1.9713748,0.45535883
-0.1600012,-0.63204443,-2.5374377,-0.54612255
0.87013733,2.0723648,1.4041353,-0.1747859
-0.6177749,0.97945887,2.2877407,0.7663273
1.6511612,1.1000308,1.2164848,-0.66333896
1.356542,0.7009346,-0.83314025,-0.003687966
-1.0893248,1.1655127,0.9193201,2.2893937
1.066637,-1.0036298,0.8678394,0.007770999
-0.5880537,-1.9994158,1.7508246,-0.78244233
-1.524472,-1.5165333,-0.16418135,-0.79653883
-0.062393356,-0.5667972,0.7792774,2.4493458
-0.14794208,-0.12903902,-1.4198219,2.341293
2.4258535,1.038112,0.26975068,-0.049177933
-1.4987936,1.7174175,1.2614062,-0.20806114
0.9264723,-1.9637744,-0.11830108,1.1469803
-0.8690456,0.8351822,-1.7349937,-0.2773072
-0.13687411,-0.6928895,0.031986054,-0.0754636
1.6635157,-0.43368664,-0.07632216,1.316422
-0.30493033,0.1197021,-0.042623885,0.8739724
0.5860708,-0.45297363,1.3131741,0.7432449
1.2075576,-1.2710071,-0.18122737,0.5731013
0.8001164,0.88984114,1.3078194,-0.67395955
1.7424862,-0.22371542,-0.66333646,0.26711458
-0.57066584,-2.5623791,1.0268306,-1.1503351
-1.0528022,0.6943365,-1.8182211,1.4316616
-0.42265397,-0.40157253,0.97393537,-0.3617727
-1.2110521,-0.079755515,-2.188354,-0.18385483
-0.26809555,1.3030663,1.6882046,1.5591546
1.6625513,0.57371336,0.34754843,1.9918319
-0.1618783,2.2616448,0.9821692,-0.09723325
1.1026881,-0.5197171,1.1207395,0.20357886
1.8957971,0.5398741,-0.8694963,1.6075091
-1.3049144,0.7932956,-0.8325889,1.2013316
-0.05266482,1.7787277,-0.17135479,1.811019
-0.16844755,0.27127483,0.8792877,0.21082143
0.9264935,0.11470235,1.6951069,0.3217595
0.28886914,-1.227043,1.8509343,-0.83286244
-2.242442,0.033907477,1.4892722,-1.3814266
-1.4006901,0.8634898,0.934347,-1.1498815
0.85311824,-0.04273462,-1.1179917,-0.5327354
0.7810836,1.5349275,-0.107981674,-1.4407867
0.73627293,0.049200144,0.3055773,0.43692404
0.39056194,1.5331433,0.9029474,-1.7798643
0.56047946,-1.207219,-0.07176294,-1.3800218
-0.5879821,0.9872727,0.9921666,-0.28109244
-0.61688,-0.44133878,1.1782811,-0.48326576
0.74493635,-1.7734001,0.92894596,0.6515549
1.5608561,0.7661656,-1.0404133,0.2267984
0.33499008,-1.1249504,1.7943828,-0.5022488
-0.14852849,2.1655972,-1.8055921,-1.0771483
1.0870675,-2.5586975,0.44080028,-0.9923405
1.5625533,-1.0093814,0.84330726,-1.6246607
1.7053518,-1.5048076,-0.21818042,-0.2396015
1.0454679,-0.00618634,0.47455597,0.5182896
1.3095784,-0.36793393,-1.3716779,-0.44777122
-0.73932016,0.28148443,-0.27296454,1.2256656
0.36301333,-0.86045974,0.58690655,0.915141
0.29797602,0.6939617,0.2805042,0.9391681
-0.42552182,0.25359756,1.2426319,-1.8096517
1.090492,1.0498112,1.003832,-2.6886048
-2.7193596,-1.1581146,-0.26139197,-0.15990555
0.18687528,-0.28116783,-0.30880004,1.1615342
-0.5166238,0.07825416,0.42365888,1.023912
-0.73027086,0.7898681,0.06503351,-1.2784699
1.0129384,1.154126,-2.2599251,-0.95970887
1.3340731,0.24747172,-1.0484011,-1.9339616
-0.22141162,-0.52012354,0.46423966,0.52905434
-1.546377,1.2275007,-2.2823873,-0.36286607
-0.4116447,0.73868006,0.098597415,-1.4074893
-2.2636032,1.3587327,0.35353282,0.39859423
-1.9811959,1.9008331,-1.6220843,-0.91986066
-0.017617397,-0.8709123,-1.6060212,0.88674545
1.6216911,-1.1481951,1.5024681,-0.83523107
-0.19094282,1.7428703,1.8789077,0.7167934
-1.5780578,-1.1115861,-0.18465371,-2.4351058
0.29995948,-0.27971172,-1.1697447,1.8317349
0.44488358,-0.29406217,-1.2716846,0.23468189
0.7077539,0.3334439,0.78477246,1.2089506
-1.7489728,-1.0382113,-0.43241292,1.5659337
1.7204915,1.4250624,1.4243244,0.546278
0.8576528,-0.24120514,1.3248426,2.3833191
-0.4075069,0.45285147,-0.50029194,0.47276115
-0.73006874,1.1040299,0.74982077,-0.4191213
-0.5983171,1.1617181,0.4794277,-1.3156594
-0.22466892,-0.27357984,-1.6462756,1.5299077
0.6664839,-1.4761828,0.64224106,-0.579063
2.5084538,-1.2630032,0.6610784,1.2589246
0.61480844,-0.38208187,-0.022128437,-1.1586448
-1.5915366,0.1748,-1.2697777,1.2522804
0.109112434,-0.5655316,0.91748935,-1.0989429
-0.25631925,-0.03868133,0.37203074,1.6000519
0.32197168,-1.3256419,1.0968798,-1.1976931
-2.322558,0.81353366,0.1478844,1.9629829
0.034996904,-0.28375337,-1.1109259,0.8843858
2.9096339,-0.3798111,-0.580284,-1.9622796
-0.060380958,-0.08157212,-0.07617828,-0.02260409
-0.75875103,-0.053904172,-0.11913834,-1.1908221
1.4496763,-1.2021222,0.9512834,-0.44597876
-1.0734649,-0.073336676,-1.0146396,-1.1304647
0.8203683,1.7409632,0.5507034,1.359809
1.7905664,1.7189829,-1.1417481,1.2335855
0.32476985,-2.0456734,1.0501207,1.736797
-0.7743053,1.5212531,0.6830437,1.0959749
-1.3776175,1.3777332,1.6820413,-0.34326488
0.21727605,1.6400236,1.163113,-1.6211104
-1.5791937,0.12498337,-0.7151489,-0.3553936
-1.3818806,-2.2483196,0.01978198,0.26915443
-0.4599232,-1.2128958,1.546094,-0.4817792
-0.9884366,-0.8419609,0.8563965,0.41098273
1.2892573,-1.5803,-1.4628925,2.3475387
0.8984326,-0.054988086,-0.41375476,-0.8460771
1.583779,-0.11307615,-1.0895228,2.0517187
0.92351216,0.21878673,-0.20914882,1.0815879
-0.62071186,-0.2428112,-1.2812909,0.7491628
-0.60752016,0.87448996,0.50038826,0.21055333
-1.4449968,1.5353463,1.0156131,-0.18556646
1.2725718,1.9024456,-0.49902192,-0.89843154
0.03551777,0.40272385,-0.26042202,3.2396073
-0.71139425,-0.81343204,0.47980958,1.4011339
-1.1816392,1.432804,-2.161994,-0.8759086
0.26297957,-0.4734607,-0.43394503,-1.7328298
1.9397243,-1.5921373,0.21063538,1.6141648
0.60139656,1.7662128,0.7760398,-1.3255532
-0.84385026,1.1828716,0.587335,-0.06669442
-1.4024949,0.057862423,-1.4626802,0.23580378
-1.0714151,-1.5803453,0.070958525,-1.2359701
-0.9112184,0.11399526,0.016921658,1.8775676
-0.95972455,-0.043180626,-1.7835588,-0.9325142
1.937318,0.13864884,2.0480583,0.5624388
1.3244041,-0.46469635,-0.032866213,-0.8634302
-1.7253716,1.7767888,0.13209884,0.6775278
-0.51208127,1.8709959,-1.0838593,-1.071201
-2.2662463,2.6731539,1.032532,-0.65023446
0.5454478,-1.9445406,1.3342249,0.3304114
0.08705398,-2.011355,-0.31059185,-0.2716743
-0.8127957,-0.11703367,-1.5471793,-0.043812998
-0.6584559,-0.65705,-1.7816334,-0.096436895
0.59201515,-0.5209601,-0.86465377,-1.0813452
0.6658967,-0.21112163,-0.73134154,1.34796
-0.30284184,-1.0342177,1.0333098,0.3772198
-0.27314642,0.34300148,-0.12172089,-0.71155167
-0.85627544,-1.7699109,0.33305183,0.12114553
0.5445215,0.48544607,0.27669314,0.8209302
-0.16313933,0.3823712,-1.1744347,1.4646623
-1.538563,-0.17366423,-0.55188257,-0.31018367
1.3883651,0.013709659,0.2242583,2.3795314
0.32022274,1.1019303,-1.309269,-0.595778
-1.7700958,0.5586417,-2.3338153,2.6409712
-1.0488324,-1.8156905,-0.04602668,-1.5318398
0.25652534,-1.7877859,0.7630513,2.390186
-0.745364,-1.2657843,-0.9019314,0.19273356
-1.2527199,1.6671761,-1.6795455,-0.6810271
-0.7413327,-0.13542344,0.23004419,0.3676007
0.78333485,0.90234,-0.9283624,0.24347913
1.7792631,-0.75890875,-0.71897763,-0.5923385
-0.30193117,-0.42258653,-0.2162324,-1.4982276
1.5863293,0.97551274,-2.481095,-0.39179152
1.6232202,2.1334808,-0.23756757,-1.0256633
-2.7905836,-1.2473571,2.616116,-0.051752783
0.53787756,0.9170106,1.3689121,1.0258425
-0.44246817,-0.3775147,0.17581348,-0.07749434
-0.09825328,-0.7253785,-0.14114203,-0.9513266
-0.72250754,-1.1949166,0.91163313,-1.1966207
1.3390092,0.2554832,1.671368,-0.07547278
-1.9037997,0.12987308,1.2011704,1.282785
2.954204,-0.13162166,1.3144096,1.2472792
-1.0152254,0.51469743,-1.1181743,-1.4532437
-0.095398635,0.6647775,-0.34765008,1.6307663
0.49042553,0.4054368,-0.31379533,0.9031667
-2.0814922,-0.43980643,-1.6848165,1.2534896
-1.4143915,-0.6539677,0.48182902,-1.0324565
0.7258516,-1.5873965,-0.2547884,-0.95261973
1.5851845,-0.40245143,-0.888324,-0.6567441
1.711768,-0.39155442,2.125716,-0.739034
0.79932016,1.0629134,-1.4183602,-0.18015371
-0.47415975,-0.111864485,0.87112564,1.6842059
0.56129366,-1.5026331,0.3360566,-1.4887468
-0.030284848,-0.26469138,0.122139364,0.29501495
-0.35310414,0.55716,-0.09541896,1.7902313
-0.70501804,-1.3128603,3.4520602,0.6552231
-1.4366132,0.8989375,-1.3377725,0.30818486
0.8713468,0.29082942,-1.2398298,0.40732956
0.6233817,0.93270385,0.0057668453,-1.5512339
-1.6428803,1.4650952,-1.0633079,-0.42151308
-0.44866446,1.1699492,0.7450724,-0.010023747
-1.8246583,-0.18610066,-0.4932417,0.16385429
-1.8772234,1.6963692,-0.9733069,-1.0190873
0.9932301,-1.3899477,0.36450195,0.9703531
0.35937873,-0.8265405,-0.78324616,2.5058708
0.4037628,2.1269462,1.5795139,1.7273344
0.98525864,1.0284292,1.3885816,-0.0017990804
0.43909633,-0.33810174,-0.14201385,-1.0135684
1.5888449,0.3775134,-0.3578857,1.9263501
0.93430614,-1.7098918,0.31481725,1.1390332
-0.7741081,1.574363,-0.025141513,-1.5752225
2.081727,0.23557101,0.21139996,-0.14604603
-0.9689289,-1.4290326,-0.20706698,0.58321184
0.3462512,-1.2313092,0.113554694,-0.7278478
0.52132183,0.7411512,-1.126776,-2.258019
-1.5880247,-0.62717706,-1.0938678,-0.31686726
-0.57793593,0.20413913,-0.86993027,-1.4435698
1.6723752,1.8535043,-1.8209282,0.37595814
1.9065171,1.412282,-0.80796003,-1.1613055
0.7783766,1.8369967,1.4615244,-1.5095829
1.302468,-1.0432557,0.75554705,-0.9322818
0.93809104,0.36680612,-0.6952174,0.14317459
-2.0167143,-1.8994937,-1.290097,-0.64253
-1.7443421,1.3646436,-1.4497306,-1.1913971
-1.8199943,0.786874,-1.159303,0.6794625
0.9429466,0.7828573,1.5099965,0.5609394
-0.4117419,1.9268452,1.1554743,-1.0706753
-0.33188075,1.6051158,1.2297394,-0.4501943
1.9770368,-0.8482516,-0.78212315,-0.56897867
1.118903,-1.929059,-2.1539762,-2.2177827
0.48077428,-2.2688303,1.5043707,-1.1371375
-1.7550367,1.6491854,1.2470098,-0.35042283
-0.7923719,0.13808756,1.8501356,-0.42638516
-0.7051481,-1.7139391,-1.3915149,-2.2055871
-1.5367248,-0.8075464,-0.58477116,-0.59888643
1.2652656,0.62686336,-0.74035037,0.031153493
-0.36155376,2.0508091,0.65701467,-1.0490208
1.0728476,-0.4651949,-1.9339849,0.89120483
0.7638044,0.8036194,1.7273887,1.2294809
-2.5706751,-0.7161702,-1.0228148,-0.496403
-0.5780276,-1.0577904,-1.2628773,-0.78286594
2.7791622,0.8886033,-1.3698156,-0.9376477
-0.08037632,2.1986108,-1.1792299,-1.4487296
1.2276239,-2.0957172,-0.33576095,-1.6829208
0.6041619,0.8995512,0.37658757,-1.3895367
1.6264505,1.3909003,1.365408,1.4942187
0.16538367,-0.17826007,-0.023388272,0.40428907
2.6196587,-0.12140989,-0.40952694,-1.6041222
1.4238849,-1.8059314,-0.66244507,0.94309664
1.4937166,-1.0598654,-2.6869102,-1.2834026
-1.3623176,-1.0643011,-0.55171937,0.33109435
-0.021612708,-1.2246321,0.48190084,-0.3108021
-0.6612114,-0.97767866,0.64630705,0.95524335
0.20679232,0.400732,-1.3705539,-0.46058604
0.6178721,-0.3074496,-1.6878701,-0.82085747
0.8019101,-0.92774415,-0.6150415,0.47549114
-1.2434906,-0.9316864,-2.3253655,0.8318573
0.2019986,0.3643423,-1.4199774,-1.0220817
-0.20430408,0.1511886,-0.48094463,-0.25509715
-1.9399621,-1.0473641,-1.2647079,-1.4500588
0.59000325,-0.93705976,0.16968931,-0.42081147
0.33823776,0.6123052,0.44612977,0.025732996
0.16821444,-0.18029788,0.6383607,-1.2793677
1.1874728,-0.29590353,0.00092528824,0.15369818
0.08245213,0.78905845,-0.53693056,0.9234953
0.7221527,0.86602294,0.17517717,-0.24973616
0.8139003,-0.8063317,-0.8151324,-1.3115715
1.2379726,1.2036995,-0.0014348943,-0.29924217
-1.311069,-1.3779635,-0.613364,-0.07347935
1.9761318,-0.9172326,-0.82548594,0.26821628
0.08819096,0.72626936,-1.0244958,-0.6843486
0.52374494,-0.78029996,-2.3310757,0.5891793
0.06258552,-1.021381,1.3120948,-1.3340988
0.1019222,-0.4694269,0.052500177,0.41961247
0.09514596,-0.35487393,1.0296758,1.0783378
0.789506,-1.7148108,-1.5355897,-0.5655538
1.4340552,-0.80438304,0.93839246,-0.6032963
-0.15482219,-2.0197787,-2.0219574,1.094961
-0.51510227,-0.76584345,0.29506388,0.1322685
-1.1084112,2.549162,0.5475713,2.441184
0.9379289,-0.5641566,-1.6145258,1.2479569
2.0783656,0.02373547,-0.17757103,0.66008645
-2.5986311,-0.78531647,-1.2694514,-1.6373272
-0.862286,0.4522661,1.0046747,-0.301352
-0.4974458,-0.5302792,-0.076185025,-0.5195399
-0.9094661,1.2406206,-0.50584567,-0.87041456
-2.461132,1.2566608,0.0045395447,0.94530356
-2.0609949,-0.558738,-0.10765869,-0.7171583
-1.1349046,-1.3421081,0.10419547,0.42229164
0.61213773,0.19190097,0.686978,0.6013386
3.1602051,-0.85647476,1.3056899,1.0036056
1.0230051,0.46320376,0.6564284,-0.88107544
0.719115,0.4486004,0.9227119,0.9680331
0.55841446,0.60682005,-0.30004278,1.6244366
2.0076637,-0.94738734,-0.97538304,-1.2521411
-0.20554775,0.07034066,-0.17507017,-1.3269624
-0.45240566,0.17214674,-1.8229033,0.2762849
0.7020086,0.39926738,0.7328437,2.99749
-0.60316765,2.1384964,-1.4115855,0.17028637
1.5426128,-0.69719654,-0.15979035,-0.94607514
1.1685625,0.68107027,0.13310298,0.4480295
-0.5292135,-1.0351665,-2.3040028,-0.40005872
2.0954912,0.317397,-1.0056659,1.4244565
-0.3051382,1.0755001,0.17241311,-0.24702755
1.0311394,0.64588267,-1.9432862,-1.8943034
0.78356683,-0.6600599,-0.43245107,-0.49249512
0.5404411,-1.7020917,0.75722355,-0.09688513
0.9858832,0.70113355,-0.27208298,0.26763064
-0.14321572,-0.044816647,-2.0122628,1.0103462
-1.7344507,0.35543403,-0.33002162,-0.5446813
-0.042534564,-1.7832589,-0.45305303,-0.025735741
1.1844846,-0.78671,-2.2175753,-0.7531086
-0.2435425,-0.9191853,-2.6682136,2.1814673
1.0855086,-0.8859958,-1.7005422,1.3091048
1.3363022,-1.3325076,0.61456114,1.7514967
0.25491333,1.0551769,1.6409222,1.1818804
0.2942071,-0.46977198,-0.40123346,-0.5115288
1.0779884,0.80043155,-1.8707373,-0.14191735
0.6311326,-0.2584686,-1.2660598,0.6136532
0.7758999,0.18371017,-0.433584,0.13691421
-0.87109786,-0.16988076,-1.7656299,0.18475048
-0.8136646,0.4409134,-0.567635,0.40115255
0.3640009,0.48692292,1.263145,2.157382
0.46556097,-0.19537173,-0.40418753,0.92594385
-1.8305874,0.3579472,-1.9394634,2.4243746
0.19281477,-1.6204286,1.284067,-1.2742312
-0.51802933,0.18818153,-0.22015198,-0.5390551
0.8760492,0.77894205,0.60205656,-1.4568524
-0.78927034,0.7756947,-1.5698028,-1.3762195
0.69547445,-1.0443162,0.2031627,-1.2644534
0.21284549,0.9957792,-1.6381285,-0.16021505
-1.5856619,-0.749977,-1.5858419,-1.335653
0.23860253,-2.2402296,-0.76038015,1.9321566
-3.0238755,0.5075706,0.35818744,0.10453557
0.8654393,0.55612195,-0.14382252,1.8008025
0.344534,-0.41060776,-0.7949676,0.022612827
-0.25753257,-1.9353207,1.0849913,1.3989387
1.1306497,-0.09318277,1.3522574,0.82853246
2.0266643,0.972662,1.0992452,1.2121774
-0.96330506,1.4677842,1.3539131,-1.1165742
-0.6680019,0.69729525,-0.41375715,-2.2548466
1.0132269,0.21975747,1.014326,-2.0842624
0.9361193,-1.348855,0.79943186,-0.55407023
-0.55675244,0.44541612,1.6920439,-1.3654618
-0.11650722,1.0920202,-1.7444348,-0.38887647
0.6026964,-1.52673,0.7777446,1.1026082
-0.52491736,1.0622748,-0.43320376,0.061277848
-1.1798226,0.17078552,-0.14874057,0.20107704
-2.1482353,1.367019,0.99020624,2.0384607
-1.0374435,1.1921586,2.0510447,0.6137701
1.4078444,-1.0565579,-1.1658986,1.002121
-1.8306726,0.8649459,0.21758197,1.9353706
-0.22082095,-0.6314444,-2.3851266,-1.2878355
0.746568,0.7107385,0.78680646,0.56186426
-0.78980225,0.94703597,1.2089847,-0.14761226
0.5877933,1.5221838,-0.4759923,0.17132923
0.19936776,-0.13884208,-0.29883432,-1.286949
1.1998365,-1.1037374,-1.3820994,-0.428535
-0.7151315,0.75830734,-1.7020203,-1.6396091
-1.8148186,0.4348463,-2.0832353,0.09384217
-0.108960524,-1.5852815,0.6063242,0.52525574
-0.6877427,-1.1845897,-0.66971934,-0.21446417
-1.4523695,0.069602735,0.46936193,0.41403204
-0.75020623,-0.8736656,-1.111931,1.489087
-0.882086,-0.23243648,-0.34855282,1.4488664
1.2507358,-0.052285615,1.6692713,-1.3532776
-0.45266044,0.64633614,-0.07076829,-0.060041875
-0.8599408,-1.1501075,-0.19409516,-1.354075
0.5346304,1.0552963,-0.32507,-0.69551444
-1.2126209,-0.010967129,-0.39829877,-1.2719922
1.3169461,1.4073831,-0.7463696,-0.28097504
-1.0431257,0.3505292,-0.33366257,1.1692511
1.242243,1.0722299,-0.68746424,-0.4437103
-1.2007835,1.9838119,-0.5993073,2.6767735
-0.36931485,0.30132604,0.7935527,-2.3959036
-0.70786613,1.7938333,-0.30515283,0.7195135
0.3625039,-1.3867974,0.7061232,-1.1089201
-1.5067359,1.9313478,-0.57837874,0.560319
-0.31286338,0.9839496,0.46585914,0.31108892
0.6763295,0.2625697,1.2197047,-1.8136699
-1.1216525,-1.3564917,-0.7764729,-0.101219535
-0.13430762,-0.20386322,0.11140639,0.4540471
-0.1785918,-1.1121532,0.78584087,1.0406436
-1.9955441,0.19296269,0.23145671,-0.4221073
0.24159215,1.3620777,-1.2533989,0.014792643
1.3624116,-1.3643383,0.74412245,-2.477502
-0.17806312,0.18176074,-0.33679178,0.45096558
-1.7787454,-0.28394932,-1.3656484,1.0863094
-0.4806884,-0.032445077,1.24843,0.29380587
-0.6579307,-0.70535105,1.4209622,-1.6636534
0.52579886,0.39447576,0.3095056,0.6022986
-1.1856681,1.190257,-0.12516522,-0.79763275
-0.32868156,1.8629395,-0.81331885,-0.631531
0.31610173,1.0038648,1.2936774,1.0154248
-1.1762501,-1.1244164,-1.3095491,-0.5351832
-1.7076923,-2.869621,0.5445518,-0.37207693
-0.5000411,1.2631075,0.37177223,-0.9345966
1.4088874,-0.7460527,0.99887943,-1.002243
-0.46613985,-0.0796875,-0.9088612,-1.9229776
0.91457033,0.56226045,-1.4667689,1.7115597
-1.0487313,0.40433657,-0.9929236,0.5468508
1.7107685,2.4418046,-1.0763317,2.2442298
0.113683805,-0.27073994,0.41095516,-0.2926817
-0.63640666,1.5832893,0.49597484,-0.570871
-0.5185,0.08104005,-1.8421359,0.052246943
-0.47167268,-0.9801815,1.1132021,0.41804948
0.2608492,0.17733224,1.2735611,-1.5688072
0.69247776,0.011945155,0.46270844,0.74431854
0.8334514,0.8592375,0.6211595,0.65795755
-0.18448034,0.8170126,-0.7914945,-0.23819351
0.82437575,0.06561634,0.9757019,-0.44168139
0.25009823,0.38613856,-0.57811826,-1.2567672
1.3647896,-1.1647946,0.47896028,0.8001705
-0.50516546,0.39682344,-0.38819006,1.4305655
-1.3514007,-1.0894871,-0.9562716,-1.722985
1.1194491,0.24081697,0.0077579883,0.8513724
-0.9757611,-0.40201905,1.0828452,-0.019620655
-1.4836081,-0.2955577,-2.6978,-0.16099234
0.96565574,-1.1687795,0.13547726,0.42149323
0.44809255,-1.5863069,1.338724,-1.1960906
0.94944775,-1.7346212,0.2271568,-0.6206425
1.051781,-0.38947123,-1.5631379,0.620472
0.84883845,-0.021762155,0.04889447,0.01823903
-1.8852967,-1.2612704,0.68619466,0.9021328
-0.67005146,0.6216912,0.081423,1.7799138
-1.0725837,1.620285,-2.4544861,0.028975189
-0.6719588,0.075902894,0.22797933,0.04356788
0.14777285,0.21329124,0.8268283,0.39976922
1.3759376,-0.67475814,-1.9506372,0.2278211
0.64311486,-0.8997012,1.1821029,0.00689741
-1.0469455,0.2719894,0.10489941,0.28478432
-1.4410163,1.448182,-0.46964875,-0.53021944
-1.9545541,-1.3650403,-1.6045201,1.0911589
-0.31056085,-0.719832,-0.11075942,-1.9901392
0.15174076,-0.7733715,-0.38390437,1.1906369
1.3568593,-0.35025835,0.5213638,0.9374359
1.7542928,0.5850019,-0.73865956,1.6511497
-0.4565022,0.99258965,0.24179871,-1.3268884
0.5494731,1.144701,-2.5824475,0.5407264
-0.25843892,-0.88342845,-0.47397447,-0.6826644
0.39967722,-0.9009638,2.3155334,0.54947025
0.90608066,-1.350857,0.35568982,-0.04194448
-1.1781334,1.7186544,-0.7856593,-2.5420566
0.8218888,-0.83016235,-0.2862309,-0.8785248
-0.78305733,-0.2529952,1.8688368,0.92362154
-0.5131849,-0.029857432,0.31617102,0.6454942
0.9414601,0.02286338,-0.6661407,-0.5568303
0.09353089,1.037363,0.19024265,1.2654928
0.19570048,-0.27441737,2.4351943,-1.1611547
0.3803104,0.5900938,-1.2682418,-0.49910676
-1.9049665,-2.2338128,1.6340171,1.8149656
-1.7034324,1.6694719,-0.2090872,1.3362924
-0.4488269,-0.47678322,-0.60860276,0.2029952
-0.6444965,0.47405905,1.9325527,2.398001
1.1793383,-0.62936443,2.0956593,-0.07799806
-0.40511507,0.061525937,-0.4537523,1.0673667
-0.9951088,-0.08053276,1.6905378,-0.3404985
0.49178803,0.6289596,-1.7441435,-1.3507416
-1.1849114,0.5350428,0.051590722,-1.2869781
0.55337995,-0.99884343,-2.4067867,-0.6981544
-1.3416207,0.95328057,0.27562866,-0.54727715
0.39129528,-1.0276282,0.12275513,-1.2173481
-2.5621293,-1.1354451,0.93798995,-1.3836054
-0.8151807,0.56029195,0.3270116,0.988722
1.9967806,0.42099258,1.1286515,-1.3235844
-1.5806156,1.2497562,0.5006207,-1.85004
-1.3455052,1.111322,-0.6413439,1.1425709
-0.6130457,-0.05349031,0.30467936,-1.5969169
0.96762544,-0.90911174,-0.62748814,1.2039834
-0.24854295,-1.7357358,-0.97115093,0.22939558
1.609393,0.3310583,-1.6348674,-1.414783
1.7397386,-0.46084484,1.9549983,0.36417696
1.0627896,0.08546634,1.486869,0.89869547
-1.8898821,0.30538127,0.95874125,-1.3250723
-0.9910718,-1.9085606,1.0032114,-1.4468292
-0.7985354,-2.0449438,1.0644097,-0.18188947
-0.95916384,1.0737684,1.7800859,0.625749
-0.860374,2.223669,-1.055956,-0.7600046
-0.17436038,0.43211377,1.0655856,1.0870335
1.1256,-1.0600411,-2.4393694,0.38858756
0.77598155,-0.94270736,-0.76969576,-1.7574692
1.2320862,0.7132116,-0.7349387,0.65644693
-0.16130784,-0.8793172,0.28867936,-1.3116518
-1.452907,-0.48353732,-2.6176329,-0.061920535
1.5548093,0.19129334,1.8465475,-0.7063553
-1.7123214,-0.54813886,1.1658939,-0.17817143
0.07961645,-0.47863507,-0.398574,-1.3541696
0.42591384,-1.0541644,-1.041742,-1.4532628
-0.5195799,0.048221216,-0.6307637,0.79266804
-0.5499964,-2.0534177,-1.1467129,-0.34608832
-0.16239908,-1.6630216,-1.5445116,-1.7917259
-1.0999969,-0.7659352,-1.1841419,-1.5615358
0.53816706,1.4178886,0.87353253,1.3911161
-1.1129105,-0.50502664,0.12527329,0.58108294
1.6725976,0.25526112,0.6412311,0.92675924
-2.2682004,0.7891648,-0.6354783,-0.72357786
0.82012737,0.46601728,0.8459173,0.9638539
1.2170926,0.3754779,0.31319734,0.3798255
0.19915923,0.860896,1.4543998,-0.49150538
0.90688854,-0.91796166,0.27327397,-0.42554212
-2.0375237,-0.42455098,-0.73045695,0.35645518
0.8666478,0.3523401,-0.4679532,0.7562712
-1.071876,0.0749035,0.117054984,-0.9469033
-0.29921654,-0.36476532,1.8516396,-0.6355314
2.213205,-1.5566216,1.017057,1.1459149
-1.1209077,1.285481,1.2672129,1.147116
0.77507675,-1.0094389,-0.9025091,0.05270048
-0.373191,-0.48107892,-0.28343248,0.13370985
-1.1223173,0.54590905,-0.7008777,-0.07152575
0.6350525,-0.9175271,0.85146385,-1.7033901
1.0427064,-0.5590659,-0.030173855,1.3104115
-0.6012184,-0.77163595,1.949819,-1.3020194
1.2307731,0.18655902,1.156338,-1.4320917
-0.013435417,-0.78148305,-0.38231358,-0.15399975
-0.62740266,0.36770818,-0.9061129,0.265642
-0.40330446,-0.69489944,-1.0528792,-0.5771144
-0.08898058,0.14642985,-1.1176544,-1.4117541
-0.13088398,0.07740635,-0.27810967,-0.34821212
-0.43300936,0.32527357,-0.7705264,-0.4837075
1.9232689,-0.22386765,1.7589594,-0.24333827
0.66573316,-0.100951284,0.5950192,0.8504439
0.29524228,-0.27182278,-0.1890596,-1.3280336
-1.5189035,2.014292,-0.6508377,-1.589536
0.152677,-0.17788704,0.17849399,1.055943
0.18571974,0.22509782,-1.2427964,0.8902999
0.24942918,-0.46877566,-1.7498759,-2.5679207
0.009603255,1.1689341,-0.67195696,1.4781681
-0.32654282,-0.74895424,0.103183605,-0.10011564
0.04332697,-0.50379896,1.7470038,-0.9589024
1.772712,1.030787,-0.922511,1.5102317
1.5090389,0.23516078,0.839898,0.016240142
0.62907994,-0.22064123,-1.6649969,1.7517949
-0.8863652,-0.46491274,-0.45072865,1.3898482
-2.4198241,-0.34013814,-0.44803408,-1.5102859
1.0470268,-0.31678143,1.564365,-0.70285445
-1.386557,-0.5100205,0.49329427,-0.9563902
-1.2297953,-0.43985367,-0.90351725,-1.6742542
-1.4914744,-1.1215076,2.0993173,-0.37907737
0.5276522,-2.1765935,1.1802146,0.52609056
-1.6567539,-0.12919664,1.0965132,0.019570542
0.21812628,1.3269967,0.4526465,-1.2627363
0.7273677,0.84951365,0.7205882,1.6558708
0.2905488,-1.2574276,-0.29535803,2.6714735
0.20214862,0.91302764,-0.19350164,0.44245917
0.030638563,0.29943523,-0.79278386,-0.5655151
-2.0425987,-0.026135106,1.7244521,-3.374836e-05
0.5027678,1.4363973,-1.4787649,-0.17436755
-2.338369,1.3362378,-1.1378089,-0.9350371
0.9392579,-1.7578236,0.93458194,-0.78287816
0.88932276,0.5899529,-0.6056775,1.8813444
0.43956444,1.3917531,-0.7630028,1.9726801
1.1554847,0.6726922,2.253365,0.17264299
-0.58970094,1.1916615,2.613167,0.4106795
-0.2350882,0.42817456,-2.8346317,0.54540604
-0.6250969,0.44373667,-0.32037142,-0.7009735
1.4438226,0.018849237,1.7682544,-1.5396212
0.571792,-1.9700515,1.4074925,0.9352633
-1.5773787,-0.36989722,0.68624675,0.19210453
-1.1574662,1.353986,-0.039139118,2.97788
-0.14908323,0.5129248,-1.2105387,1.8068848
0.46495616,0.05586635,-0.084617704,-0.86375594
1.0029224,-1.6890008,-0.8496848,-0.19740494
0.39543742,0.93718183,0.8376651,0.3882254
1.7071711,-0.7406248,-2.332076,2.484046
-0.2678134,-1.2321413,0.8579637,1.7053876
0.87178856,1.4015276,1.4203156,1.2571235
-2.1091306,-0.6283868,-0.009843145,-0.44681367
1.7415644,1.52199,-1.1527687,-0.4175582
-1.7385259,0.71004236,-0.8390004,-0.37943342
-0.794757,1.677266,0.7294629,-1.2036188
-0.7117236,0.52625144,-1.0668014,0.46274456
1.5852027,1.6101799,0.57231134,0.2758109
-0.628325,-0.5708176,-0.55335915,1.0376797
0.21579005,-0.083117865,1.7316658,-0.59391814
1.5451196,0.009635039,-1.6557297,0.7280191
1.7036847,-0.66746724,0.97864586,-0.4949124
-0.41930136,0.050657723,2.4868646,0.94089276
-0.6489902,-0.6016927,0.038021922,1.1224197
1.7874467,-1.1024138,0.9040145,0.18121146
0.37085545,-0.5060967,-1.3188665,-1.057488
0.23379375,0.9125165,0.8853601,0.6895796
0.11040322,-0.94532007,1.5164869,0.37152687
0.471976,1.3256495,1.0948977,-1.1242716
0.4450299,-0.057306476,0.7240275,0.1869647
1.4754409,2.173467,0.36563542,-1.2956618
-0.35330665,-1.7364677,1.5305042,0.9285824
-0.7299636,1.0457754,-0.7570991,0.3383108
-0.55774283,0.28035343,1.7930948,-0.5772352
-0.48602712,-0.99672955,-1.1039281,-0.40614253
0.3426593,-1.9102532,0.7347137,0.30003268
-1.1916763,2.0619864,1.8112029,0.19683017
0.82060385,0.7832712,-0.8520728,-0.06518404
0.32464162,-0.94031733,0.7034836,1.3334631
0.23900707,0.7342244,-2.1337233,0.42745137
-0.70649195,2.2323956,0.50769645,-1.2541175
1.4420319,0.41323683,-0.78564656,0.8103161
-1.717446,-0.7321004,1.2539079,0.037589002
-0.30000857,-0.88340944,-2.4963412,0.32217804
1.7013369,0.5159254,-0.9282278,1.7970736
-0.7460477,-0.8200798,1.8292809,-1.2426565
-0.57739246,0.21635099,0.7923074,0.3601475
0.028626382,-0.07737905,0.93822837,0.2814583
-0.6907925,0.25913084,-1.0766337,-0.1995422
1.0147681,0.7275598,-2.2572544,1.312004
-2.3395228,-0.4564804,0.023867954,1.2505194
1.0612738,-0.7562734,-0.76885957,0.11926074
-0.4688837,0.29882494,-0.004417267,0.037733607
-0.19021067,1.1187601,0.3589762,1.0117179
0.6702239,0.6707064,1.3447764,0.30632257
0.22297236,-0.4363024,-0.2295102,-0.28315914
0.42259035,-1.1198188,0.7720444,0.8643577
-0.1769001,-1.1202105,-1.4577338,1.2538847
-1.8192221,1.0528426,0.6980532,-0.53383523
-0.4510613,-1.5234969,0.6321705,0.3821046
-1.5970988,1.9251446,-1.699607,1.294378
0.021259127,1.7316692,-0.09899984,-1.6888878
-1.1681201,-0.49650624,-0.5174459,-0.04181467
0.76043946,-1.0813819,0.18350677,-0.9132782
0.38460308,-0.7810988,-0.3215393,0.39482227
-0.012675404,0.8109475,-0.7705466,-1.0295752
-1.6981028,-1.248406,-0.98198247,0.10325622
-1.3691458,1.2315851,-1.2325255,0.20525198
-0.37010753,1.8828278,-0.29311627,-1.9580443
0.5851783,-0.70835245,-0.6009611,1.2544582
-1.3444875,-1.5780823,0.30489606,0.7300227
-1.3860339,0.36046198,1.1868201,-0.17677122
-0.3679904,-1.3702911,-0.9225048,1.059059
-0.41212773,-0.7342045,0.77181965,1.2206153
1.5395299,0.74041265,-0.5209809,1.3512784
0.6822183,-1.588394,-0.08538285,2.3245509
0.40624696,1.0132389,-0.27540693,2.1252425
0.39509705,-0.64355266,-1.9284673,0.62631285
0.28300992,-1.4130317,1.7178537,-0.6678213
0.29955542,-1.1254736,0.40935725,0.7688701
0.870416,-0.76116306,-0.20335765,-1.5257521
-0.9566379,0.27156326,-1.0289108,-0.96562195
-1.7105937,-0.86716026,1.1566409,-1.4949975
-0.53092915,-1.083124,1.5526828,1.153775
-0.72303224,-0.56160516,0.1896847,0.11951944
-0.045384385,-1.868133,2.23445,0.89555687
-2.6935494,-0.29184303,2.192529,-1.0995181
0.22735523,1.0660719,-0.59767354,-0.6821422
1.5257254,0.594415,1.2137027,-0.47801638
0.16769743,1.8842583,-1.3019425,0.7539019
1.4898562,-1.8175895,0.9523888,1.1014897
1.3216935,0.1624465,-0.050169744,-0.048929032
-0.11412374,0.3732492,1.7095529,2.4967022
-1.4633316,0.794787,0.9722981,-0.93022645
0.22997999,1.5974426,0.11156047,-1.0655124
0.9201864,-1.6275461,-1.5840688,-0.3443253
-0.52699494,1.3667982,-1.6656908,0.083164856
2.023752,2.0226912,1.2676026,-0.4665633
-0.87040216,0.65402377,-1.3181885,-1.380399
-1.50257,-1.0227488,1.089811,-1.2098172
-0.039512865,0.29755044,1.6071196,-1.528528
1.6360314,-0.3855664,-0.94852847,1.307518
-0.6151615,1.0326594,0.20773011,0.87235016
2.1015499,-1.9581367,1.2292705,-1.0975556
-0.15850309,0.14333265,0.23181209,-0.10622396
0.9029515,1.4014287,-0.6747466,-0.46353027
0.6154011,-1.5825735,0.08560054,-0.6465928
1.0241878,-0.50567377,-1.5769491,-0.3154372
1.2724043,0.02577858,-1.5820576,-2.7642376
1.6712029,1.4987503,1.3255552,1.2510943
1.1007286,-1.286827,0.44809583,0.9970461
0.9546206,-0.9996385,1.4211532,-3.6765165
0.30062413,-1.3923737,-0.06716275,0.24885117
1.1726204,-0.67046714,1.492932,-0.55218315
-0.52018607,1.132238,0.32267618,1.1865579
-1.2107093,-2.3222723,-1.6405153,-0.16556382
-0.5404848,0.5896959,0.6105479,0.04126545
-0.9109657,-0.62471664,-1.1385564,1.4407675
0.19788852,0.3588269,0.3169002,0.8595271
-0.6238151,-1.0978914,1.5657535,0.78933597
0.77374625,0.38751647,0.8558708,0.78943413
0.98450047,-1.717826,-0.126012,-0.56627434
-1.2395171,0.5685482,0.087136224,1.1327568
1.0655284,1.8554655,-0.4622627,1.1997817
-1.4239444,1.2933408,-2.8146725,0.09972017
0.79622257,0.42585856,-0.70354605,-0.10946941
2.3057077,1.083418,-0.33960694,1.7137707
1.8309479,-0.47704092,1.3094041,-0.8554404
1.0214611,-1.6577458,-0.39566466,-0.8517133
0.05916822,0.07298464,1.3518127,-0.38085765
0.583996,1.1263587,1.7032824,0.725838
-0.7192402,0.71903706,-0.15256009,0.29485583
1.1601311,-2.091381,-0.6799794,0.50622493
-0.13354656,-1.5810907,0.3653071,0.17012157
-0.49329463,0.058193944,2.1409242,1.1139187
1.2259933,-0.94315374,0.6799067,-0.9896692
-0.15643583,0.40787506,1.1688355,0.95533854
1.2248424,-2.32489,-0.4431725,1.1123654
0.12565239,-0.120848306,2.0535967,-1.4045188
-1.1518154,-2.9017189,-0.833133,-0.5436771
1.1242638,-0.2217857,0.81662965,1.333475
-1.1986947,-0.9584302,1.0099396,1.0601782
2.2256498,1.7995855,1.5588732,-0.48202464
-1.249848,-1.689724,0.071815394,-0.44945976
1.9210031,0.5911947,1.5882758,-0.16239026
0.70421493,1.8284013,2.0058277,0.8088999
1.1164612,0.62692374,-2.0055304,-0.21348917
0.38645217,-1.8846475,-0.030866204,-1.0766274
1.0617687,1.240823,1.7847877,1.4927418
-1.3207073,-1.0668125,-1.2432297,-0.106477425
0.8776102,2.8414917,2.7980561,1.4726738
-1.2550498,0.26559687,2.2790525,-0.70207834
0.17340584,1.3977255,-0.6779002,-1.4277405
-1.3756078,1.2556268,-0.83954525,0.14639026
1.3202451,-0.009525272,-0.5626376,0.26517335
-1.0745343,-0.7821056,-1.2203968,1.1346393
-1.3742251,-0.42751917,1.8163273,1.1742352
-0.68400687,0.38105857,2.011762,0.6066342
-1.0620172,0.89469,1.8160299,0.43412447
-0.13255501,1.4870335,0.3844826,0.48270926
1.131661,-0.54629934,1.0996827,-1.3553244
0.17128852,-0.46354565,1.6084907,-0.41156888
-1.449882,-0.61641014,-0.51010025,0.63363
-2.1235223,1.4157367,1.1274881,-0.7905001
0.82321656,-1.8241453,0.4488662,1.9625716
-1.0007663,-2.0450115,0.6871526,-1.186827
-2.342809,1.2892787,-1.6875215,-0.73945236
1.4884342,0.8966254,-0.50671375,-0.21209314
2.2749562,-0.1495542,1.2897167,-1.3806671
-1.777767,-0.020994142,0.68090916,0.8328065
1.2479588,-0.5638154,-0.68136984,0.431981
0.36477968,0.053387076,-1.4440457,-0.4336128
0.80473596,-0.52411366,1.0304695,-0.21473451
1.0356561,0.5137155,0.42544577,-0.07968249
-0.31561807,-1.65535,-0.77433115,0.09669221
-0.5565807,-1.0778737,-0.61135346,-0.66983795
-1.1687363,0.0048286845,1.1130869,-0.5241656
-2.4132047,-1.2841349,0.10939013,1.9356133
0.43903795,0.6906577,0.58893985,1.7504082
-0.5189919,-1.3931391,0.15282968,-0.22236302
1.6479256,-0.8577306,2.4406333,-1.1797129
1.1803089,-0.78608316,-0.49457723,-0.4310561
1.9044758,-0.38007614,1.4208885,-0.75199914
1.603304,0.8837543,-0.9535256,-1.4662118
0.29717222,1.4260828,0.32221544,1.2563648
0.6288184,0.27830747,-1.7497482,1.7288731
0.19109043,1.8177941,1.7598252,2.038717
0.8644874,-2.1104524,-0.9801344,-0.144401
-1.1462133,-0.70962936,1.0192021,-0.68073964
-0.678561,1.1270427,0.6495,-0.7792648
0.07740226,0.85374206,-0.20415495,1.1096925
-0.083988525,-1.4128078,-1.0134779,-0.13681799
-0.2548826,-0.667066,1.3327072,1.7438359
-2.038942,-0.83224857,-0.48894814,0.37727982
1.4313198,1.050174,1.3096901,0.75991327
-0.055372696,1.6221359,-0.161544,0.8919148
0.73583066,0.5310942,-0.8202549,0.062431954
1.5121695,0.9339079,-0.24035122,1.0714353
-1.5992028,1.0905635,-0.90196484,0.9157304
-0.36083823,1.0355403,1.0242543,0.3351952
0.4596869,-0.65523726,-1.0678505,0.14206415
-1.3223002,-0.4185132,-0.5914211,1.0987934
-0.9438015,0.807115,0.3891877,0.06904588
1.231595,0.89032495,-0.3349255,-0.25835577
-1.1735264,-0.31988424,0.27747557,-1.2167343
2.7274153,-0.8600092,-0.44766718,0.19986214
1.3558708,1.393804,0.4172667,1.3797793
-1.1586212,2.246726,0.17310272,1.078845
1.0859894,-0.24925444,0.78859806,-1.2566756
0.5045922,0.47210124,-0.9023375,0.41355506
-0.12762134,0.32568866,0.3137748,1.3107303
-0.78785527,0.33510083,0.40158936,-0.15220162
-0.06708266,-1.2901766,0.4226469,1.5322642
-1.0436813,-0.92817754,-1.6209153,0.5687633
1.4162027,-1.7835137,0.4376049,0.55649686
-1.3146566,-0.75085026,-0.3371921,-0.7288211
1.6038034,-0.72340983,1.2189509,1.8713067
0.20668669,-0.0594146,-1.9317774,0.023978427
-1.7136092,0.21809016,-0.6647648,-0.056840345
-0.8223218,0.3124644,-0.5330543,-1.8975043
0.3820395,-0.997641,-0.11215058,0.0013648864
-1.2641381,1.9323295,-2.6900399,-1.961552
-0.90773004,-0.5922371,-0.53407586,1.132264
0.72520256,0.658826,-1.2012205,-0.81079036
0.19415838,-1.096622,1.6626569,0.69371164
-0.37905663,0.23229037,1.3715603,-0.10691241
-0.22412562,0.48792797,-1.2484566,0.6045417
2.1323152,-0.10359349,0.4779822,0.7013264
-0.054869488,0.029799815,0.66010106,-0.17970064
0.7001748,-1.1057239,0.40477425,1.8656665
-1.9432706,1.0451964,1.2569517,-2.3974407
0.3942041,-1.6807532,0.12769108,-1.6245655
1.4991789,1.2006581,-0.48327425,-0.61276656
-0.89071757,-0.050307382,-0.80083543,-0.32268128
-1.5855591,1.0862105,0.8565694,-0.260784
0.85583943,0.36558446,-0.44422802,-1.2215551
1.2742134,-0.19994786,-1.2549864,-2.7919102
0.8291352,0.8039162,0.37743202,-0.7694604
1.0641909,0.44108796,0.15104239,-2.6146667
-0.4797432,-1.5832528,0.532799,0.48932883
1.2240031,-0.4761656,0.12529117,2.08728
0.36438346,-0.36573297,-0.5346152,-1.6221416
0.6461416,-0.53747755,0.9386725,0.46520102
0.17163394,-0.015087354,0.60423654,-1.7485844
0.07986168,1.1147166,0.3503536,2.2611988
-1.4459312,-1.7712401,-0.70269513,0.3738469
0.12755498,-0.3380825,-2.0160792,-1.657528
2.6754835,-1.2679733,0.7714431,1.0847449
-2.490204,1.7120986,0.26802874,-1.4126856
-1.7378476,-0.2260286,0.049331404,0.54717785
-0.8376831,1.3595207,-0.54716796,-1.1454418
-0.890493,0.46052793,-2.7264917,0.32582882
0.90042776,-0.8092162,-0.40100628,-0.46598807
-0.88847417,0.06566755,0.48436373,-1.1547831
1.585482,0.6410676,0.23609559,-0.3330157
-1.2812738,0.30052096,-0.20641577,-1.7281507
-0.69188946,-1.7143756,0.5750509,-1.0252651
-2.2682757,0.34416074,-0.18935436,-0.5147333
-0.6476875,-0.70236015,0.06877325,-0.2529334
-2.1365151,-0.0040600533,-0.33396372,0.45256114
-1.614383,-2.35785,-1.5314753,0.35471976
-0.39087856,-0.64765626,-0.18744355,0.8815228
-2.020092,-0.5341848,-1.2549376,-1.4330707
0.2415279,0.851744,-0.41901222,-1.4595565
2.071892,-2.129213,1.5714116,-1.8410318
0.84158957,0.5472582,-1.5230726,2.474052
-0.5326172,-1.6340894,-0.67026347,0.29450858
-1.7716522,-1.6467723,1.6809965,0.5186361
0.8475075,1.3923811,1.2599499,0.21985912
-2.0852358,1.2548114,0.07895278,0.34306782
0.3753559,0.49242818,-0.85095847,0.63718605
-0.7373562,-1.9290764,-0.111590505,1.814928
0.6860516,1.1841604,0.6423557,0.45796013
0.72180897,0.24400441,-1.6082792,1.7541779
1.1253508,0.38493782,-0.27849442,-0.3242657
-1.7978146,1.0339552,-2.1308339,0.023128461
0.2507225,1.3114809,-3.0034816,1.0901351
0.8565912,0.09282938,-0.09298218,0.3625232
-1.0647836,-0.39650047,1.1994461,0.45111644
-1.3666071,-1.1282141,-1.8091305,1.1807894
0.0050257705,0.03233471,0.714491,0.012424012
0.017049553,0.69182646,3.142825,0.14135839
-1.0430815,1.6212714,0.20529826,-0.17120437
-0.57462627,-0.06424889,-0.7406187,-0.16883555
-0.52849996,-0.12195782,0.24588412,-1.6041815
-0.7669053,-1.4215267,0.53369826,2.2359571
-1.3372241,0.7991527,-0.8807298,0.5554771
-1.3363338,1.129018,2.6170754,-1.851213
-0.8322958,0.7228085,2.4748557,2.0557585
0.3333425,0.88176477,0.5014553,-0.72201014
1.1002513,-0.21298356,1.1796161,-0.92709506
0.41343954,-0.4486662,1.3424305,-0.5824924
-1.8870524,0.9182166,2.349117,0.088181384
-1.8085098,-0.56700915,0.93131167,-0.6541315
0.46158648,-1.1355721,1.1124276,-1.1459203
1.1791875,-0.9857255,1.85108,-2.2449534
-1.132784,-0.9007185,-0.121588975,1.4691557
-1.490085,1.2385405,-0.0576229,1.7314712
0.9496749,0.19171073,-2.4683602,1.0474641
-1.0220561,-0.3372155,0.36051843,-1.1840345
-1.0080516,-0.68487746,0.011925148,-0.38341212
-0.63300383,1.6977257,-0.050080903,0.4541084
-0.38586897,-1.1265342,0.86366904,-1.0281037
-1.3489891,0.555713,0.21236631,-0.2704502
-2.1642053,-0.06047802,-1.0318966,-1.1265529
0.2740922,0.12464867,2.1081796,0.96495223
0.8519496,-0.32739925,-1.4985309,0.3809352
1.1121218,-0.2905529,-0.35687357,-0.92803794
2.545346,1.8385079,-1.3417574,0.8193444
0.3221451,1.4169503,0.6813874,-1.275871
-0.077580065,-1.5490445,1.7560114,1.0744771
-0.7544992,1.393439,0.9702832,-0.09945826
1.7270911,-0.9752591,-0.3764369,0.5776317
-0.7069971,0.20580673,-0.22688818,-1.0563977
0.3022471,0.35084543,-0.49799526,0.6299049
0.28649202,1.100896,1.352974,0.37597328
0.6447721,0.011917708,-0.83489513,0.6817512
0.23082876,-0.77833945,2.3798919,1.4614978
0.18265714,0.5007746,0.93911767,-0.11220153
-1.004191,-0.32167011,-1.0990593,-1.2372398
-0.13911384,-1.3576244,0.25211152,0.63520855
-1.4922847,-2.2502577,-0.63048047,2.1918404
-1.9027926,0.8299599,-0.63371146,-0.5899533
0.84422755,-0.75394994,-1.1450274,0.107793555
0.5316435,1.0472126,-1.5016254,0.98007715
-0.686881,0.3863782,0.81929,1.9135598
0.10497466,0.3976005,0.8040252,-0.14792788
-2.6035824,0.64529175,-0.5356013,1.1713498
0.21604605,0.99369264,-1.4524976,0.5245806
1.769359,0.951556,1.8695166,-0.55811614
1.3151441,1.2014312,0.92696565,-0.9805642
0.9833286,0.5123752,-0.31828278,-2.2041209
-1.8594621,-2.0742378,0.9278992,-0.25640085
1.5395122,0.3174789,-0.07847722,1.0614607
-0.15875958,1.0128276,-0.6352829,-1.1574672
0.5164707,0.3599665,-0.6611441,-1.9267529
-0.029651254,0.28926888,0.49424663,0.8970105
-2.011645,-1.1151905,-1.2439466,-0.43553835
-1.2081598,-0.5840718,-0.51939774,0.3113954
-0.7909896,-0.21209118,2.0739746,-0.16990595
-0.05346475,-0.89478254,-1.481097,-0.04430134
-0.21920387,0.6510253,0.2755347,-0.617469
-0.5920245,0.42893922,0.27955255,-0.13022143
-0.13154711,-1.2533153,0.082770936,-1.1652921
1.0710573,1.1428422,-0.761964,0.5755595
0.0609315,-1.8984737,0.24854097,0.053996373
-1.7181454,1.5496916,-1.5169256,1.6901467
0.68529224,0.0608115,2.1400385,-0.4827834
1.5993773,-1.396578,-1.1998123,-1.0248877
-2.4781291,-0.50240433,-0.19108048,1.3964795
1.7341065,2.4937751,-0.33867565,-0.3238467
-1.3276165,0.57937324,1.7979407,-0.3264118
-1.3088995,-0.75723106,-1.0181859,1.218683
-0.9206546,1.0303371,-1.8181505,-1.0000656
-1.5316701,-2.2242193,-0.9149118,1.1474686
0.3956928,-0.81880563,1.8363261,-1.9161267
1.6342576,1.139687,-1.2979195,-0.8037477
-0.79792047,-0.6828828,0.39352983,2.4459643
1.3357688,0.41269693,-1.25101,-2.9302359
1.9622921,-0.44250917,-0.47963887,0.80504847
-0.0119934175,1.7076237,-0.57838684,2.1958032
0.2200025,-1.7792352,-1.6838552,4.8675844e-05
0.94450504,0.53286976,0.60650676,-0.36967885
-1.2481006,-1.1595148,-0.66984326,-0.24062668
-0.21651325,-0.17742476,-0.4081692,-1.1827133
1.6537532,1.9215081,-0.66294444,-0.45561463
-0.47310466,-1.9331529,-1.2569485,-1.2019053
-0.92196476,-0.5699183,1.1792476,1.4992281
0.78237957,-1.9951982,-0.39410067,-0.2612659
-0.9809132,-0.5571417,-1.0378271,0.13531853
-0.2544095,0.8705718,-0.59847337,0.8231689
0.571717,0.18431254,-0.47962597,0.75799286
-0.97356975,0.996354,1.3031193,-0.40917552
-1.1022344,1.9411373,-0.11674364,0.46500063
0.48655006,-0.9796282,0.72453684,-2.3913321
-1.8110014,1.4051003,0.43304735,1.3790147
0.1953524,-0.35432458,-0.12850912,-1.2970816
-1.3074018,-0.6123314,-1.1189727,0.6245073
1.668708,-0.68161464,0.5213067,-0.77165234
1.5034615,-0.3583079,1.436718,0.398152
-0.8662148,1.7416114,-1.6848658,-1.4798048
-0.19434945,1.2485392,-2.1542141,1.055666
1.2297962,-1.4660699,0.34723735,1.0247064
-1.6777015,1.1674963,-1.448653,-0.4098803
0.45589843,-1.4584919,0.5086891,0.47459066
0.5689902,0.12488244,0.57555634,-2.2811117
-1.7522032,-1.2248241,-1.4937202,0.44696146
1.3382493,0.7868335,-0.58172655,-1.6618083
1.1083388,0.5832506,0.16262223,-1.2173232
-0.77835435,1.3232557,-0.033759728,-0.3703791
-0.2123489,0.2767421,2.1630518,0.5634604
0.24408081,-1.5381387,-0.97308964,-0.3859032
0.2971013,-0.2075852,-0.7712012,-0.021499278
-1.2658647,-0.59384686,0.34343565,-2.7612288
1.2257613,-1.2553613,-0.18393715,-0.63957936
-1.1969141,2.7618182,-2.0393786,0.43647248
-2.103525,0.49795762,-0.60111886,1.2798309
0.1871164,0.06715973,-0.7084826,-2.4066272
-0.56045413,-1.2997053,0.4870352,-0.02373688
-1.0203083,0.58675534,-0.8480368,2.103207
0.5698993,0.26587683,-1.0530387,-0.5316048
0.32003525,0.62835443,1.28822,0.93037033
1.4080702,0.90282923,1.4702816,0.28335983
0.21391764,-0.9922482,0.1434478,0.021895077
-1.0483619,-2.3180318,0.38197145,-1.5623951
1.8228246,1.1050775,-1.3398983,0.81626725
-1.4511058,1.3980488,-1.7060043,-1.3928245
-0.10632099,-1.2601612,1.9498653,1.2922693
0.10041401,0.53140503,-0.38892323,0.72811216
0.6383924,-1.7448419,-1.5296878,0.7761011
0.32239676,1.0656681,-0.6729461,-0.8285851
1.1087818,0.64467293,-1.3013588,-1.1129853
0.6550077,2.1114187,-0.23949875,-1.3659723
2.1868808,0.72242564,0.3780262,-1.4066669
-2.1254623,-0.41966072,1.4746519,-1.8389494
-0.054076597,1.9354671,0.3403789,0.37608266
-0.26578346,-2.0102592,1.2676386,-1.8988578
1.5287058,0.09185426,0.30559668,-0.19614424
-1.3286552,0.31410712,-0.14505558,0.36727393
0.6426516,0.83476096,1.2106097,0.6906375
1.3871698,-1.1771568,-0.70621294,-1.4745474
1.1284944,-0.5761066,-2.1720533,0.40666994
-0.08235814,-0.7879692,0.426633,-0.18923104
1.6183065,-0.43154004,0.35899323,-2.459786
-0.30827317,-0.8266555,1.9819877,-0.56186587
-0.04998587,-1.0823736,3.179908,2.4651756
0.6404935,1.7774948,-1.4010223,-1.2935208
-0.79447633,0.9135494,0.57377374,1.1641268
-1.0371865,1.8226297,0.27545616,-0.50088847
-0.07854565,1.1003827,-0.6365879,0.07065922
0.41019568,0.11596128,0.19702198,2.693899
0.36453754,-0.6185797,-0.31450474,-0.7298715
0.7040529,-0.8299202,-0.56889915,-0.6862154
1.8355948,-1.770999,-1.5754645,0.08810761
-1.2909194,2.1058707,1.3810484,0.13142698
-0.088138886,-1.5177212,-0.5254822,1.3451592
1.096979,0.52504426,0.38651052,-0.6381285
-0.9139286,0.8737217,-2.2566576,1.4126234
-0.29454717,0.03052101,0.7332707,-0.2587142
-1.7427224,-0.2623535,2.0422807,-1.455852
0.34229794,-1.0210289,-2.7842574,0.077755444
0.3826568,-0.52617556,1.188015,-0.16717097
-1.1875641,0.2802439,-0.62286925,0.7545534
1.9800977,1.3288673,0.5716943,0.95476454
-2.2058713,0.79997563,0.708357,1.6775582
0.2589742,0.4623082,-0.22476484,-0.2333511
0.37108964,-0.6281537,-0.8719255,-0.67256474
1.0493195,0.9101306,-1.5327574,0.91468924
0.0782175,-1.0292125,1.6058565,2.0755832
1.122569,0.9372443,-1.0536389,-1.9673269
-0.056866094,0.10918704,0.27244157,-2.3072138
-2.6322367,-2.2022667,-0.84034926,-1.8403265
0.68322045,-1.215617,0.32559305,-0.23560862
-0.97003764,1.3945374,-0.24597926,1.069897
2.2273903,0.29804316,-0.9589423,-0.43740216
-0.22060613,-0.16788846,1.4073119,-1.4405898
1.4549421,-0.17905468,-0.8124521,1.9323401
1.092276,-0.6476554,-0.23180753,-0.48674154
-0.8285635,0.71826273,0.273693,-0.6367628
-0.00065622776,0.2820528,-0.01416023,-0.033180475
2.089607,0.20791702,0.620184,0.22451782
0.13758075,0.22710152,-2.5199304,0.22042724
1.0033867,0.7761913,0.105780475,1.4474417
0.84169924,1.5042849,-0.94217473,-0.75483626
0.7297527,0.8959128,2.2239792,0.5303288
-0.20974231,0.28750956,0.07411204,0.11502825
-1.4069248,0.24543671,-1.0545802,0.014955131
1.6049764,1.1947399,0.13286296,0.48745835
-0.44312024,-0.63580763,0.70222586,-0.5012362
-1.6765404,-0.46931577,-0.4805775,-1.3192204
0.4247426,-1.7189178,0.07754608,-0.19208491
-1.6460763,0.92217594,-0.46872905,1.1221688
-1.0550789,-1.4901608,1.129681,0.3421603
-0.64845425,2.9463363,-1.0998785,0.83848727
0.72501945,-1.6808679,-0.063996635,1.0647327
1.2050424,1.1454707,-1.4990178,1.1092032
0.40084845,-1.7803223,-1.2402991,1.4463847
-1.4384085,0.7707498,2.5049539,1.5599169
-0.8411639,0.6437462,-0.09423873,0.63528925
-0.3081467,-1.3765796,-0.7915027,0.17748648
-0.5889885,-0.5535066,0.09124916,-0.9270384
0.13976893,0.88925374,0.31414548,-0.83207226
0.84311414,-0.114248544,-1.4547532,2.0587964
-1.1037914,1.4508584,0.4766667,-1.3504643
-0.11608973,0.97866786,-0.42236066,0.67971134
-0.66306764,0.8841909,-0.062040947,0.11359969
-0.42985395,-0.104339615,0.044651393,0.37512702
-0.9150151,1.9786342,1.9635899,-0.20431969
-1.5815247,-1.1131071,1.8550429,-0.018496467
0.7678413,-0.3573771,-0.35319626,0.34811473
-0.83753157,-1.3116268,-0.46828666,0.2615798
-1.9841671,0.88083476,0.6827395,0.9552114
-2.2678075,1.0740014,-0.28672352,0.33290085
-0.088358,-0.17427747,0.71335614,0.5919435
0.58309937,-0.61193657,0.7289067,-0.19425891
-0.48993394,-0.8537543,-0.5190993,0.7906356
-1.4186338,-1.8160372,0.1962752,1.7218128
-2.3210518,0.42964345,0.49140713,1.3065972
-1.1600131,1.427012,-1.1565042,1.858015
-1.3257357,0.8669534,-0.4489065,-0.5449537
0.48150453,1.3399913,0.9833345,-0.3813237
-0.28887966,-1.6212171,-0.07921822,1.0115136
0.39744392,2.3248894,-0.24736871,1.1950254
0.3907937,0.795974,-1.2391706,-1.5616348
0.8508672,0.4146421,-0.169485,0.44879895
-1.6311204,-0.7686528,1.1631885,-0.23972586
-1.3762846,-0.26526818,0.036773555,1.4176832
-1.6996771,-1.7642424,0.12200081,-1.9908657
0.21007644,-0.33127385,-1.2750249,-0.27177516
-0.22379972,-1.073798,0.5925768,0.35023722
-0.025996374,-0.18001801,1.8462322,1.9225727
-0.5621167,0.5752851,-0.55828226,-0.65517974
-1.3302209,0.75847656,-2.1070044,1.2531059
-0.29550034,0.20168336,0.8047987,-0.103782296
-0.54912037,1.2670274,0.0065994873,-1.0059859
1.304953,0.96244794,0.776762,1.8739417
0.5772125,0.14278826,1.5773336,0.6078709
-1.8279891,-1.286517,-0.26716715,-2.455611
0.6207216,0.7543293,-0.6332563,-0.17735255
-1.2606989,-1.4652956,1.0526848,-0.7069457
-0.8650527,-0.51412123,1.6837366,0.5883012
-1.2589637,-0.5723974,-1.4349433,0.47965863
1.4729313,0.6536109,0.5704515,0.12299052
-0.8225106,0.4018872,0.18180892,1.9112395
0.5923689,0.56300974,1.9715109,-1.9547274
-0.083947785,-0.14662276,1.1528089,1.9988512
0.1708045,-0.2801588,-1.4773642,-0.19607925
-1.1592406,0.85567266,0.84288585,0.046069533
0.1266718,-0.36062735,-0.37656087,0.52785015
-0.23726344,0.03762211,-1.1518097,-0.9428443
0.98027915,1.0892487,-0.9362377,0.5287788
-1.7511827,1.8554574,-1.4732534,-0.8781502
-1.7117456,1.3907534,1.2586503,0.015621704
-0.88869834,-0.2890886,0.85570943,-1.1656424
-0.3342983,0.85991377,-1.6798332,1.777971
-1.073515,-2.2795537,0.9680423,-0.32215184
1.6805483,1.345668,-1.1703113,-1.8087454
0.032930393,-1.423534,1.7024649,0.27279446
-0.09722752,-1.5915933,-0.77604115,1.7582331
-1.2239541,0.1346522,1.5739323,2.0115654
0.43788943,0.856468,-1.05032,0.64345056
-1.1052799,-1.0924395,1.3348967,0.3167505
-0.8214075,2.0976026,-2.0905893,1.851707
-0.041116405,0.47857666,-1.3947891,2.180951
-0.034302622,1.3651266,-0.46435705,-0.40828788
-1.5975509,-0.15076257,0.018633248,-0.09425774
-1.8300741,-0.4518741,-0.082702756,-2.681136
-1.7109458,0.85146374,-1.3509246,0.44711754
-0.4170175,-0.75381136,1.1495043,0.2420946
0.14496286,1.3954359,0.4987189,0.19065933
0.4130117,1.0561346,-0.07333643,-0.0120785395
0.23124896,0.500248,-1.297037,-0.45034164
0.5269928,-0.15496477,-0.6750439,-1.0056027
0.13943179,0.15541564,2.0768704,1.2387866
0.5297757,-0.15939485,-2.087601,-0.28099802
-0.58985865,0.6178925,1.2095084,0.17631583
1.048204,-0.42144996,-0.6054707,0.74295986
1.5716282,0.80835515,0.08636733,0.31886178
-0.24907622,1.1141315,0.59801716,0.37952852
0.076796,-1.266394,1.1699578,1.0868647
1.2183071,1.4951296,0.032923777,-0.4412912
1.8439722,1.1665292,0.6525023,0.41111946
-0.91116476,0.11872712,-0.27118653,-1.3801448
0.5560456,-1.2469363,0.16882057,-0.29070032
1.3724574,1.0266931,1.4368858,-0.9317736
-0.5090053,0.18303229,0.44715333,-0.83632797
1.6850079,-1.2746326,-0.9373459,-1.9661764
1.2124739,-0.5526406,-2.7812622,-0.4163057
-0.17257266,0.8906657,-0.17281276,-0.23139633
1.1284611,0.7488514,-1.3708425,-0.026578477
0.4332048,0.2442529,0.302433,1.6356268
-0.633807,-1.0459337,-0.56969756,0.9407239
1.2806407,-0.9705292,-1.3699832,1.2015827
-0.62245154,-1.6039817,-0.17347395,0.59626657
-1.2512115,0.7128328,1.535109,-0.43691692
0.537977,0.30874056,1.3932933,-1.0360619
-0.6656934,1.6212261,0.11312747,2.2185833
-2.5850317,-1.4836681,-1.0798401,-0.49726802
0.09352421,-0.66240525,0.7318199,0.1001234
1.9169475,1.1995556,0.45939067,-0.8888359
-1.1232861,-2.0615282,-1.0283736,-1.5608866
1.2953498,-2.106237,1.133394,-0.6645805
-0.9948748,0.08563938,0.7673399,-0.9094454
1.7161407,-0.7516466,1.3577328,0.060080193
0.08288559,-1.0635614,1.2424183,-0.32132554
0.3356623,-1.3194778,-1.9163334,-1.4951968
-0.059928272,-0.100859985,-0.30064175,0.9064352
1.7432837,-1.1683235,0.881202,1.9097186
-0.82048273,0.5932648,-0.040218104,0.26164907
-0.85769445,2.07429,0.9134119,0.33598182
-0.023895849,-2.1375363,-1.0232646,0.39964005
1.9559853,-0.3627237,-0.24112849,2.2136374
0.39805472,1.0420339,0.15458296,1.5866563
-0.24697328,-1.2664537,-1.4390514,1.2586554
-2.2913868,0.4657546,-0.2345545,-1.4388779
-0.4781234,-0.08871427,-0.20863758,-0.7142735
0.05876092,-0.22235523,1.7296335,0.49651715
1.177387,1.887318,-0.3004008,-0.27177134
-0.7669385,-1.113796,-0.9627242,0.0988969
0.3559851,0.7950416,0.73636156,-1.2028984
-2.9286504,-1.5371902,-0.008174531,1.0293334
0.11583488,2.1295593,-0.18863755,0.07006063
-0.86738443,1.9494934,-0.6774205,-1.4106541
-0.76950175,1.8230498,0.78208995,-1.2129387
0.52755153,0.6850774,1.8090186,-1.7092475
0.6246392,-1.720422,-0.41194648,0.14548306
2.0255845,0.77707386,-1.5492941,-1.1417823
-0.7930008,1.5712696,1.2466533,1.450104
0.40000108,1.4896612,0.93880737,1.3379726
0.4291473,-2.2772412,-0.2778847,1.6061485
0.42550105,1.0164433,0.48316106,-0.27789822
-1.0143547,0.016153717,0.49388617,-0.8865143
1.4195114,0.44844925,0.9052973,-1.0739281
-0.9126579,-0.44213325,-1.0627869,0.08062396
-0.62477255,0.21893518,-0.14940414,-0.55976975
-0.3537822,1.7355205,0.18807991,-0.9563332
-0.34568492,-0.81336,-0.05680162,0.77066785
-0.5886311,-0.041163523,-1.7071713,0.19177994
-1.1694249,1.9230913,-0.12062897,-0.7390526
-1.4056445,0.030213948,1.0822417,-0.7679632
0.7173586,-1.6054112,-0.5329738,1.6876589
-0.34398547,0.04039793,0.86078495,-1.4318438
-1.2261634,1.0255841,-0.4962524,-0.7274652
0.8814975,1.0584381,1.5620251,-1.1152751
-1.4570606,-0.1387895,-1.2372044,-0.800209
0.9042031,-0.9252505,0.054790225,2.107851
-0.69824517,0.21715902,-0.1353632,-1.8258618
0.039802875,1.221004,-1.031968,-1.7766122
-0.7055585,-0.8409034,0.041964285,0.64570904
1.1359155,-0.0061742975,-1.5442957,-0.5642155
0.048594948,-2.6928132,-0.21799615,-0.54753757
0.21674505,-0.48357615,-0.4029032,0.107139006
0.6972021,0.35948548,-1.5174361,-2.4722426
-0.050599042,0.9756039,0.10065948,0.41795516
-0.48447037,-0.696083,-0.50958896,-0.7416328
1.0948935,-0.36786002,-0.66809,3.109107
-0.16132514,-0.59876716,-0.17814538,0.41976285
-1.5882896,-1.8401891,0.32053396,-1.720918
1.3686639,-1.2629282,-0.37719494,0.3676174
-1.9928234,-0.18735525,-1.422256,1.5419046
1.3757929,-0.04562587,0.874975,0.008425039
-0.95010644,-0.21254596,-0.22901958,0.48324132
0.6626552,-2.5839026,1.8181825,-0.9448098
-0.02740097,0.9707174,-0.8635441,-1.0470694
1.031201,0.83377904,2.2268562,0.43165535
1.4351381,0.25840682,-1.032139,-0.45005292
2.1207397,1.0602055,-1.0909158,-1.4672649
1.0548133,-1.58188,0.5111832,-0.2774018
-0.4894096,-0.44458827,-0.49192852,-0.8337746
-0.53390044,-0.22400117,-1.0081474,0.79680735
0.36120725,1.892572,-0.10184133,-0.84182006
-0.2496531,-1.9199051,-0.14083453,-0.5539648
-0.41425458,-1.0375938,2.0383527,-1.012168
0.7998798,-3.1309128,1.946325,-0.059328057
-0.4292387,0.67778015,-1.9087927,-1.0195439
-0.66455156,-0.91726136,-0.4580304,1.7000376
-0.97496116,-0.28894573,-0.7706742,0.18227917
-1.0830435,-0.13804226,-0.20122905,-1.3044556
0.43903026,-0.18839324,-0.2498757,-1.8146139
1.7719884,0.1919461,-0.37246022,0.91405684
1.8870138,-1.1887922,-0.22225732,1.1627207
-0.7432619,-0.3610654,0.57547224,-1.4604146
-0.2481667,0.838616,-0.4893112,-0.07784359
0.50667787,1.7154679,-0.29306823,0.358973
-1.4657924,0.18415701,1.1147686,0.98733765
-1.5800643,2.4299078,-1.1015552,0.29220837
1.2177738,1.7250975,1.7143373,0.5466833
0.37408277,-0.720884,-0.7780957,-0.98429567
0.7699884,-1.0321883,-0.14976558,-1.2399168
-0.26087028,0.28876245,0.018768093,0.4701034
1.4896579,0.39092302,1.1162744,0.40697572
0.54566246,-1.6347032,2.6716878,-0.57220733
1.8689324,1.6732752,1.7315431,1.6777333
0.15362045,0.66864026,0.89617974,0.8466163
-1.7116767,-0.2675732,1.1981517,-2.5437531
-0.35052615,-0.50915766,-0.8695735,-1.0855192
-0.03738608,-2.0937197,-1.139214,0.3921664
-0.21249874,1.5590674,0.26793343,-1.0081418
-0.15416491,0.75661093,0.024088414,-0.13078754
1.2037934,-1.4225966,-1.478574,-1.5480007
0.46146312,-0.24684322,0.05316234,0.20794657
0.9440843,0.7544633,2.8149996,0.7004684
0.69537747,-1.1445041,0.2594017,1.1407093
-1.2105628,-0.4091065,1.5855789,1.8207282
1.5576923,-0.88588333,1.4249249,0.61018974
1.1154076,2.1123598,-1.6330739,1.6928096
0.28807327,0.80212426,0.8095248,0.33927956
0.9031441,-2.095095,0.83308625,0.9611413
0.8432586,0.30742773,-0.79314923,-1.5214607
1.0141728,1.0449123,-0.33976778,1.1881037
-1.520309,1.3999616,-0.47249407,0.77840877
-0.06347283,-1.590477,1.5608153,1.1896352
-0.53108054,2.165263,-1.9879872,0.2314354
-1.2973307,0.35820058,1.0995843,1.3479522
0.27729788,0.571652,-0.6853275,2.0975423
-0.12300943,0.58450747,0.78741974,-1.6008105
0.8288709,-1.5938443,0.4031429,-0.35786486
-1.1854924,-0.06604415,0.70044273,0.21320379
-0.84203935,1.6338027,0.9172606,-1.1489384
-1.198489,-0.8140578,1.0846993,-1.1538737
0.026023693,0.7550149,-0.2111143,-1.2131242
-2.4043758,-0.5961868,-0.68885773,0.16027524
0.30139303,-1.5860442,1.1550338,0.13700488
1.3924091,-0.61620545,-0.313288,-0.4760141
-1.817563,-0.64033854,0.33615988,-0.62687886
2.560053,-1.2595698,-1.6283073,-1.4098595
1.981548,-1.1657858,1.063159,-1.5219646
0.88484746,1.0551795,1.6458641,-0.8048098
-0.571788,-0.02253957,1.2335998,-0.15552367
-0.17644149,-0.73963517,0.7538524,-0.39327303
0.43733788,0.43300888,-0.79604673,-0.18584648
-0.69775367,0.95581055,0.23817767,0.62890154
0.101485774,1.2887136,0.32393426,-1.8410429
1.3770592,-0.3889831,0.38662893,-0.50069296
0.6107744,0.23880865,0.99298567,-0.03023286
0.20615935,0.5979508,0.79931,0.38621482
0.22750425,1.6698419,-2.0180929,-1.3407654
-0.08635071,-0.48076305,1.1707902,-1.2895552
0.019624524,0.03691917,0.7464155,0.9776719
-1.0885719,-1.3793353,1.1040272,-1.2992759
-0.9069632,1.2284122,0.031075275,-1.8882675
0.37924966,0.17997952,-0.0351854,1.1179726
-1.6786982,2.0279162,1.3678979,1.1135746
-0.7933498,0.5627937,-1.4922122,-1.3704169
-1.1677458,-0.7784368,-0.59732527,0.06695904
1.8478943,1.3877723,-1.3336878,-0.05447149
0.73561716,-0.11239347,-0.102520466,0.47335303
1.749858,0.46095923,-0.7899884,-0.43831605
-0.05558065,2.4023328,-0.057146735,0.42122275
-1.8534609,0.7495988,0.8811126,-0.48077312
-0.62777305,0.81041914,1.9258183,0.07317093
-0.82206494,0.16432215,-0.45982108,-0.80101144
0.4516967,-0.29131684,1.8293289,-1.4682331
-0.8082887,-1.3272222,-1.2158539,0.5093653
1.6567702,-1.1584361,1.5834439,-3.0063539
2.2802038,-0.83693445,0.63472354,-1.6360666
-1.7142708,-2.3006318,0.07343473,0.94544315
-0.08129458,2.409907,-0.43489578,-1.090515
-0.86288476,-2.3759322,-0.24892831,-0.46393895
-1.4857842,-1.8881112,0.9102702,-0.8440373
0.27202064,-0.4294747,0.4331151,-0.06491968
0.08864436,-0.59524107,-1.1614537,0.3722221
-0.37742174,-0.55101603,-0.55127996,1.8888327
-1.065581,-0.87155825,0.43477786,-0.5332041
-1.0515138,0.37927523,-0.83155507,-1.3178946
1.6058446,-0.9800092,-0.45742515,0.16586538
-0.32241488,-1.1006674,0.56561875,-0.5809488
-0.1383253,-0.49116543,-0.48192373,-1.710834
-0.9344042,0.18596448,-0.20812641,-0.56275064
0.39278653,0.01774936,1.0304726,-0.55068266
-0.98141176,1.2685924,1.0573027,0.4258286
-1.3642992,0.11402807,-0.6430313,-0.94895726
0.56787413,-1.1995305,-1.0253332,-0.80509114
0.79357666,0.9477639,-0.30378386,1.3434085
-1.1776384,0.03856197,0.98960114,0.14526796
1.1260957,1.4014537,1.1568533,0.12460528
-0.8319971,1.8538548,-1.6883849,0.888348
0.23219849,-2.3432438,2.3224344,-1.7029755
-0.20436278,-1.007274,1.7763041,0.9898345
-0.87896067,-0.40934348,1.6157525,0.9728215
0.5163603,0.08384767,-2.2649913,0.5514312
-0.6882469,-0.12582825,-1.1202847,0.81707543
-1.7771033,-0.09480645,0.5708229,-0.05857184
-0.41475478,1.2980278,-0.8267624,2.1457007
-0.10198497,-0.19302116,0.9260943,2.5034578
-1.8183253,0.20074491,1.1597719,-0.107844606
1.3318944,-0.12011419,-0.691156,1.345399
0.93166447,0.9822278,0.41579336,-0.24031843
0.38245183,0.21668962,-2.308776,0.36417717
0.87482,-1.1864479,0.04891525,-1.5701009
0.75349534,0.10873528,0.90080833,0.03827656
0.37139928,1.2111509,0.43379152,-0.5897487
1.5033816,-0.11895883,0.29901317,-0.7582333
-1.0176345,-0.7353068,-0.5670415,-0.12928268
0.2350583,-1.8675709,0.785116,-1.7803801
0.9645217,-2.518042,1.3189945,2.5592153
-1.733431,1.8166789,0.5104289,-1.2895892
0.70471716,0.90771294,1.0686462,0.86340475
0.69896066,0.04455864,-0.20865472,-0.43559608
1.5630823,2.0535812,0.45807576,-1.8301988
1.1940969,-0.64048046,-0.069939375,-2.379144
0.46399608,-0.8365971,0.5631994,0.78761405
1.4220892,0.96178293,0.100447476,-0.8950735
-1.2407447,0.14231773,-1.1203196,-0.89603305
1.4857932,1.7147363,0.41224557,0.94508415
-0.8316052,-1.5928404,0.055576537,-0.35789576
-0.6784136,1.0413554,-0.0023825315,-1.4314177
0.57623005,0.19716024,-0.73824483,-0.92124206
2.154841,-0.007080015,0.29983154,1.3859231
-0.5842793,0.9450994,-0.2182839,0.2011345
-1.5355909,1.3840528,0.19911161,-0.04596582
-0.6393814,-1.8550893,0.60082066,-0.8575514
1.5881559,0.58743167,-1.8880333,0.9810468
-0.023096822,-0.9706612,1.1288377,-1.2875737
-1.2069932,-1.8171196,0.71555084,0.7252824
1.6142474,1.5145783,-0.56566733,0.20246588
-0.3129286,1.3930289,0.33389217,1.0437597
1.8785751,0.921166,0.85515445,1.1181971
1.9898765,-0.5641499,2.744614,-1.5658733
1.6554445,0.6899356,0.53991103,0.23033652
-1.0622325,1.9719837,2.219714,-0.8572442
-1.6064321,1.8350432,-0.6715174,0.60208625
0.32075062,0.9694552,2.0026913,-1.4998327
0.2304863,-0.220763,-0.8606298,0.5893083
0.86204493,1.0677236,-0.2297345,0.07863854
-0.29309368,-0.19357039,1.9153324,1.4275138
0.22214752,-0.10661063,0.57567626,0.3544277
-0.18404132,-0.077473894,-0.40920871,2.8231688
2.2640707,0.17929144,-2.209633,-0.16699119
-1.4942715,1.337835,-0.19352826,0.9037374
-0.5910591,0.33603257,2.5155628,0.37255296
-0.83935523,-0.426962,-1.5145154,-0.54217905
-0.73250645,-0.29448202,2.0317872,0.9047791
0.15397722,-1.7354531,0.15222634,0.42389432
1.714977,-1.4498158,-0.392158,-1.6268499
-0.6512617,-0.08061709,-0.939332,-1.4508535
-1.3236723,1.8663481,0.017642813,0.16938491
-0.472005,-0.4083849,-1.3897197,0.60536987
-0.7215591,-0.04036346,-1.2655048,0.2895305
0.63095784,0.9201506,0.71087563,0.14321586
1.8067794,1.4117821,-0.09894567,0.35640666
-0.6933013,0.6850931,-0.80171037,1.2006077
1.0042256,0.11849935,0.86712986,-0.6713583
-0.6581166,-2.4125378,-1.6222682,1.5977348
0.36970922,-0.43985415,-0.2447197,1.013785
0.34456715,1.0399061,-1.9614168,-0.5609254
0.60045654,0.04654025,-2.4903257,-0.50923634
1.3803725,-0.64102954,-0.06822178,2.2188966
0.33793628,0.8687956,0.38960338,1.7670685
-0.29854044,-1.2455668,-1.6460176,-1.8395656
0.5366969,1.2988948,-1.2848712,0.8357348
0.37505773,0.60699713,-0.2487022,1.9750668
1.4150547,0.4738852,-1.2145368,0.8774576
-0.018349135,-1.3387637,0.36717436,0.31089675
-0.70665425,1.5532937,0.42785975,0.10029624
0.7981099,-1.5221096,-0.3517241,0.5705219
-0.051113624,-1.1637323,-0.8787791,0.038624458
-1.8184037,-0.8773061,1.9452767,0.048846256
-0.7184634,0.6983873,-1.8559866,-1.0614934
0.8317298,-1.0715322,-0.6950565,-0.17358828
-0.28015357,-0.09860898,-0.05646684,0.02821525
0.28669667,-0.4639431,-0.43458483,-1.2992796
0.007337483,0.6662779,-1.7129128,0.25678656
-1.8677137,1.5051203,1.3120351,0.591733
-1.2545773,1.4876382,-0.006972585,1.650646
-1.2061329,0.78748435,1.1928898,1.2874416
-1.4661876,-0.087324575,0.17008072,-0.9261421
-0.85829574,-0.55940056,-1.836751,1.0013511
-0.7422328,0.5308327,0.46395174,0.2512399
0.6962516,0.42279634,-0.9452723,0.59856075
-0.3845989,1.9862149,0.11214186,0.046007294
-1.5950525,-0.80376893,-0.43902248,-1.4487158
0.33974454,1.0857093,-2.2508178,2.1277616
-0.3699193,1.4448688,0.14177425,-1.8641814
0.16525002,0.83676493,0.9033286,0.9764198
0.9016984,-0.010756803,-0.95088404,0.7343685
1.1872463,-0.5823619,0.9365493,1.9568474
-1.2484245,-0.8123366,0.12446493,-0.9808714
-2.5152802,-0.30666602,1.084834,-0.9904578
0.98896986,-0.36442938,-0.8795922,-0.01551465
-2.1748018,-2.5790243,0.08149113,-0.8981893
0.38130534,-0.638797,1.3093822,0.075917706
-1.1147184,1.3713857,-1.895197,-0.80695987
-0.8106757,1.0213302,1.3030394,-2.113044
0.13414824,0.7429093,0.59647197,0.80249566
1.0634534,-0.9867293,0.5808833,-0.967658
-0.5124759,0.28635198,-0.71867615,0.039823875
-0.41693574,-0.6518627,0.22907822,1.8847399
0.43081757,1.3640168,-0.59915274,-0.15346354
0.78365946,-2.4688118,-0.4883781,1.5084841
0.38431528,-1.8616732,1.0530164,-0.65038574
-0.5832512,-0.44993603,-0.21581797,0.22611089
-1.1541922,1.4140724,0.91137415,-0.9665871
0.6160842,-0.45068583,-1.3123363,-0.2333976
0.4999231,0.011777189,-0.8857976,0.74283916
0.97156173,-1.0016742,-0.31121156,0.91433394
0.13253517,-0.16016966,1.7081174,0.299996
-1.0261675,1.4824253,0.6358732,0.917969
0.19106403,1.4741932,-0.48744792,-1.0655689
-1.1512775,-0.18434948,-0.75625163,-2.6140592
0.09802489,0.97819746,-0.79887605,-0.29405105
0.8557252,0.8022483,-0.41388962,1.0150471
0.8868807,-0.5999527,-1.0137533,0.37619302
0.7143585,1.213252,0.51444143,1.6396961
-0.42459202,0.80466557,-1.5819087,0.094425716
0.5655593,-0.73627913,1.3232807,-1.3852631
-1.2067801,0.9395589,0.8342061,0.43810925
-2.051198,-0.69268006,1.119075,-0.6554617
0.18238996,-0.38328707,-0.9418702,2.0710738
0.08079145,0.69031817,-0.96674114,0.19867419
-1.5880926,1.1033205,0.14926209,1.1269201
-0.6820384,-1.5914047,1.1690655,-0.061112672
0.80033356,-1.100341,-1.1685505,0.84214365
1.0000796,-0.16956875,0.8173106,0.9530569
-1.8606466,0.17664057,-0.6209122,-1.0435474
-0.7085906,0.9504289,0.8905782,0.025162382
-0.85466516,-0.19376987,-0.25916535,-0.37050956
-1.0674542,1.8256574,-0.008876949,-0.75995636
0.8317386,-1.5832916,-0.93009686,0.83688664
0.74044263,-0.7709574,-0.049491547,-0.15117209
-0.64052755,0.90188354,-2.5605626,-0.3200913
-1.4529723,-0.29283112,1.195883,-0.8150466
-0.6108112,0.45883018,-0.903347,-1.6250601
1.7600169,-2.1071787,2.000824,-0.37619555
-1.3695192,1.0276314,-1.7456429,1.2118846
-0.97650284,0.5293815,-0.6759056,-0.5369313
-1.4151992,0.6793262,-1.5135359,-0.83434045
-1.4615984,0.31745622,-0.54406273,0.029376546
-0.28512242,-0.24442974,-1.8464917,-0.56285703
-0.97713757,0.04181462,0.90830773,-1.2564069
-0.45025092,-0.8043656,1.1961843,-0.16331698
-1.0443481,-0.9377166,-0.9210094,1.1094089
-0.7825313,-1.3654851,-0.9115334,0.26360688
0.3266171,0.50315654,-0.8329263,-1.2153571
2.1961389,-0.11970739,-1.1851187,-1.3274736
-0.72474045,-0.8214671,-1.2637905,0.84878206
-0.25473562,-2.5615256,0.44260672,0.58728945
0.8625702,-2.0433233,-0.6726411,1.1571373
1.5362972,0.066161625,2.1836295,0.13443269
0.82666945,0.48410866,-0.37735546,0.47474682
-2.2141538,0.49818203,-0.08468298,0.31738937
1.0323796,-0.53098357,-0.6383665,0.9851939
0.8558246,-1.3117474,-1.4716572,0.98022217
0.8279243,0.33149323,-0.30456585,-0.5172133
-1.4560088,0.30873474,-1.1517506,0.91365325
0.29511687,-1.8574774,1.0643322,0.36513862
0.69523036,-1.1461445,1.6459752,-0.82589936
0.62697387,-0.5963018,-1.7547828,-1.1462924
0.6763412,-0.7489687,1.6604985,-0.40261033
0.7653823,-1.4333904,-1.1051127,1.2226741
0.2834491,0.09738436,-1.0604539,0.7524415
0.45750928,-0.6736611,-0.056822237,-0.851044
1.5568888,-0.4268944,0.18964836,2.4520912
-0.35175553,-0.2845338,0.28461605,0.19038527
0.45940745,-1.6403823,1.1309686,-0.6049109
-0.6807649,-0.8918028,0.75747144,-0.59920686
0.06698849,0.47952536,0.20601064,-0.5832425
-0.68248284,0.19103277,-0.92872,1.3797486
-1.4900078,-0.75028014,-0.7345019,0.04109068
1.0975492,2.1507688,-1.3722734,0.9459227
-0.58163166,-0.84041137,1.8056841,0.87837434
0.55378485,-1.1253029,-0.9105827,-1.4230983
0.08133762,-0.55700886,0.51687795,0.25549823
-0.25020683,-0.7149699,-0.79596347,-1.0517281
-1.6729363,-0.13002773,-0.18972728,0.06561268
-0.75018203,-0.70316845,0.6172774,-0.31262952
2.0269217,1.5827785,0.3714152,0.09860875
-2.4578505,0.6601506,1.4928864,-1.8567591
-0.12131353,-0.002519568,2.1348445,-0.40888107
1.5474985,0.3467585,1.943513,1.1262366
0.4994403,-0.7788361,-1.2657849,1.2981926
1.4112859,1.2193907,-0.96744204,1.740532
-2.3097038,1.092865,-0.8355725,-1.3604354
0.9015841,0.21379125,0.5591222,-0.46725792
1.084333,1.045863,2.0750327,1.5637051
-0.704597,-2.470843,-2.9191852,0.47603363
1.4619393,-0.38399348,0.20165803,0.8929589
-0.22799177,0.6101653,-0.9462729,-1.2703197
-1.1357963,0.5650797,0.008855748,-0.107841186
0.862595,-2.0310876,-1.2792186,-1.1810682
-2.193577,0.32971486,0.32248363,0.85417217
2.031941,-0.1161025,-0.99355817,-0.6062174
3.116993,-0.6859226,-1.0507208,-1.8139184
0.58830184,-0.15792814,-1.2407554,1.1594446
-0.62815475,1.346496,-0.53415275,-0.479657
0.046360686,-0.054864757,0.23288196,0.9538617
-1.1084772,1.3461239,-0.5566037,-1.176235
0.83810866,-0.55366015,-0.86670107,-0.7528407
0.8175051,-1.3718442,1.0931499,-0.24758555
-1.0026908,1.169417,-2.2777877,-1.2332646
2.4759974,0.864082,-1.3921523,-0.30701134
0.56123686,-0.7453075,-0.057813976,-0.971822
0.18365209,1.4887899,-0.6002624,-0.55588
0.011091926,1.0898696,-1.2584211,-0.36699533
1.068636,-1.3975515,-0.73857576,0.726166
0.7337814,-1.0074338,-0.35610968,-0.99439526
0.833208,-1.4477369,0.9485053,-0.4814335
0.62062067,-0.28422338,-0.7694528,-0.45580932
1.34266,2.5689242,2.4068027,0.7126056
0.53353906,1.4184867,-0.73745984,-0.23729758
-1.7158769,0.08276556,-1.6514611,-0.030791964
-0.8483452,3.0327425,0.045191567,-0.120851815
-0.07376973,-0.51104486,-0.90163904,0.44497347
1.0626923,2.2712412,0.8783792,0.16349567
-0.3143828,0.5621142,-2.2034395,-0.64658314
1.0021312,0.35828248,-1.432744,-0.69715965
0.067748584,0.5816934,1.0493973,1.2696372
-0.67120075,0.8641085,-0.58207065,-0.3312732
-0.3218829,0.18573926,0.44997093,-1.067149
-0.45149648,0.50247765,-1.9273609,-0.19087006
0.22051397,0.13993205,0.63005227,-0.43228787
-0.92024803,-1.2098699,-1.4191309,-1.4205111
1.7521993,0.54606676,-0.23067038,-0.86468303
0.34924805,-0.99520946,-0.6718841,0.50042635
-0.6700982,-0.5430703,0.9286024,-1.3532187
0.8686025,0.82525855,0.7419698,-2.4294457
-0.027747456,0.76467705,3.0021808,0.48064005
-0.4813526,0.48746842,0.9715743,-0.7911274
1.3059772,2.0802515,-1.4299011,0.7365669
0.62226444,-0.41594833,-1.4681025,1.9138695
1.9496493,-0.1635365,-0.7337081,-0.32988033
0.46176657,-0.728289,-0.8121524,-1.3647652
0.31316942,-1.8373266,1.0007364,1.080742
1.9354895,-1.1717058,1.1330031,0.31606355
1.1282299,1.5450714,1.1201863,-0.5767919
-0.81647646,-0.66624576,-0.8159127,-1.7906022
1.5082363,-0.50781244,-0.5708909,-0.11118185
-0.4970169,0.2449553,-1.02938,-0.20362061
-1.1525289,0.6098077,0.21862333,-0.14407916
1.0164042,1.0507728,-1.2770811,-2.2888815
-1.9341447,-0.3262287,0.3235059,-0.015545226
-0.7289594,0.3389979,-1.109952,0.9500267
0.27634013,-1.8496813,-0.65771407,-1.9806828
1.2861016,-0.7892263,-1.248166,1.3160995
0.034132928,-0.47147727,-0.09537085,-0.27647483
1.1100997,0.2804363,-0.74225366,1.7271111
-0.79991895,0.993686,0.13689378,-0.1880976
-0.54381806,0.6554666,1.3417678,1.0649364
2.3217714,-1.2392676,-0.82433176,-0.6085811
-0.4831054,1.598895,-0.18724692,-0.5940888
1.8993553,1.9848788,-1.2915208,1.4323293
-0.7533156,-1.0175804,0.15854721,-0.46381602
0.92363936,0.95050895,0.7194676,2.0116737
1.6484921,0.98211163,-0.95213485,-0.30556437
0.45178482,1.5140963,0.95503056,-0.49636632
-1.3827204,-2.278311,0.7094446,-0.5978346
-0.24848539,0.60404366,-1.3444344,-1.3954397
1.4633546,-0.54100037,0.5146522,-0.5446319
-1.1858227,-0.45778108,0.7259973,0.7299811
0.70387524,-0.4321099,1.2568923,-1.1849918
-0.24092123,0.59542257,-0.6883707,0.82263607
-1.145674,-1.3267995,-0.54547346,0.9070152
-0.24785434,-0.4420804,0.8682674,1.5205667
-2.3037493,-1.0209724,-1.2966576,-0.12807359
-0.9917918,-1.4869668,-0.47302288,-1.8867146
-0.7185791,-1.1647162,-0.09931028,-0.40435725
-1.7741995,-0.9682961,1.4792129,0.9903643
0.52413565,0.052771218,-1.4341506,0.42500988
0.341736,1.0979897,0.43337342,-0.103883885
0.05969966,0.30165166,1.4235545,0.80974954
1.8253201,-2.038281,2.0999398,-0.34600535
1.2036319,-0.31018746,1.3524998,2.0973954
0.26897457,-1.0220083,-2.06677,-0.3182074
0.06448545,0.7849542,-0.701176,-1.8112354
1.1782779,0.4908216,0.12986705,-1.6080737
0.44480404,1.4677602,-1.0157113,-0.9764195
-0.09132955,-2.0391505,2.002905,0.50461924
-0.9502893,-1.0308053,-2.1012447,1.3607225
0.11478656,-1.2263598,1.1384593,0.043850455
-1.262532,-0.23720403,-0.20564638,-1.4877138
1.3287183,0.7299881,0.43718898,0.60349953
1.0278282,0.6917185,-0.49396858,-0.010585072
-0.7364064,0.34195983,0.805432,1.2377845
-0.2490579,-0.6566757,0.8598169,-1.2760535
-0.578312,-0.24513504,-1.1699773,0.067084946
-1.8853871,2.446447,2.2679884,-0.2512578
-1.6500871,0.3876706,-0.751761,-1.0908341
-2.152575,-1.1149896,1.4654334,-0.20504537
-0.6925319,0.47527087,-1.0273185,0.32285523
0.7785906,2.1336129,-1.0733677,-1.7066084
-1.0023642,-0.033821367,-0.17002593,0.041008577
-1.8889126,0.21841195,1.7594717,0.2162898
-1.3451338,-0.78294593,1.4409701,0.33786044
0.7811125,1.1942061,-0.5656951,-1.2275094
-0.98188275,1.4451773,-0.188515,2.1290376
-0.01736234,-0.8065373,1.7258265,1.6602557
-1.2416172,-1.7767521,0.7860856,-0.82590234
0.51569855,-0.6039654,-0.9532784,-0.4290977
0.36051208,-0.69991267,0.15407057,0.6900408
-0.0944802,-0.5320556,1.087803,0.3088175
-0.5849336,0.16618964,1.1096572,-0.14527865
-0.27242368,0.068159536,0.15160125,-2.7596564
-1.0052285,-0.078880444,-0.70501995,-0.66111207
-0.49844703,-0.43051556,-2.0684323,-0.946473
-0.56411886,-1.7340565,-0.39355037,-0.10864329
-0.20416583,-0.39176106,-0.07496152,0.3264398
-0.4787411,1.3637583,0.19935052,1.5804311
1.9731743,0.87920636,0.93981344,-1.1283551
-0.76928806,-1.5208557,0.5305996,-0.4590377
1.4578884,1.2169768,0.4306416,-0.63950497
-0.87241393,-1.0371599,-0.42120653,-0.19564095
0.4873706,-0.4993681,1.4280376,-0.27869344
-1.8706824,-1.5911599,-0.33047596,-0.5712945
-0.3248112,1.6399133,-0.42004585,-1.6645653
-1.9817255,0.5578484,-0.8470189,0.78415173
-0.59090436,0.5205576,0.7958175,0.29856643
-0.8337367,0.17107067,1.0829532,-0.6688877
-1.277437,-0.35265696,-1.1777183,-0.7126361
-0.82216865,-0.7078385,-0.87258935,-0.7472116
1.2040921,-0.38830373,1.837664,-1.4860563
-1.8928803,1.0306659,-0.06463674,-1.6053046
0.44115275,2.1163833,0.9675168,-1.1764148
0.46692136,1.1440231,-1.6821997,0.67476046
1.500114,0.9585015,2.0912528,-1.7793095
2.791501,0.23314507,-1.4814855,-1.197475
1.5115827,-2.6185048,0.42537332,-0.65719086
0.5467454,-0.384259,2.3476748,0.5947326
1.4018807,-0.36412543,0.25645927,-1.7553563
-0.39781094,-0.27568424,-1.7273023,-1.3936193
-0.1478351,-1.1052542,-0.92720115,0.3863111
-1.3845344,0.28548837,-0.30695423,-0.43264416
-0.5009727,0.866649,0.7115058,-0.11369906
-0.5104671,-1.4884465,-0.5406546,1.8496053
0.08941821,-0.95654523,-0.7902747,-0.980863
-0.5811371,1.4204612,-0.79998875,-0.17444126
-1.9257506,0.39904383,-0.81443983,1.4098856
-1.118947,-1.6373366,-1.0403851,-0.29858908
-1.0210449,-1.5094064,-0.10671743,-1.610082
-1.9286964,0.13991468,-0.6663794,1.2173084
-2.4109235,-1.9480746,-1.1512318,-1.4033417
0.33826616,-0.59208256,2.5869784,0.14608432
-0.76323074,-1.3923826,0.9853884,-0.46137127
0.47518963,-0.28273508,0.3330313,-2.0795336
0.63801247,-1.9581854,2.2539604,-0.7698729
-2.0168548,0.0062244805,-0.2159517,-1.2365444
-0.36392778,-1.9833883,1.2277595,-0.09532793
-0.8680888,0.78585327,-0.70780116,-0.98836446
0.01418514,-1.7374024,-0.26998156,-2.1752303
-1.4883623,0.6607664,-0.51309544,-1.847413
1.9172571,-0.7189655,-0.6887243,1.7478455
1.9346704,-0.08554584,-1.9918278,-1.9475583
0.82994837,-0.601104,0.6015859,0.9548456
0.31512284,2.2665825,-1.1639522,-0.06835739
0.11374968,1.8095605,0.3475221,1.6233131
1.041288,0.16746971,-0.06880851,1.2803634
0.4288499,-1.4959552,0.15980227,1.9165406
-0.018100567,2.089463,2.5650344,-0.40862328
-1.9407924,0.090492494,0.59892917,1.2721347
1.0127999,0.40371573,-0.70296204,-0.018761879
1.8859713,0.2846708,0.09014076,-0.48777965
-0.89984745,-0.81825066,1.4016743,1.9633366
0.17563169,-1.2870765,1.1134042,-1.1372436
1.5988104,1.5034893,-1.1032101,-0.28318828
-1.0655526,0.76129395,-0.34964958,0.6530349
0.9304421,-0.35535792,0.75025475,-1.330596
-1.2726475,0.5379582,-1.6266665,1.3428085
1.0815799,-0.16035958,-0.6426586,0.593835
0.18511264,0.9290076,-0.76147217,0.48286092
0.15166847,1.1971438,0.55255085,-0.3959501
0.018766524,0.4436142,-0.95018303,1.4988384
-1.019342,-0.7047054,-0.5905813,0.53542334
0.8907561,-0.3332162,0.12652749,0.6001816
0.6307121,0.46055228,0.32612798,0.5461707
-0.32318538,1.1210166,1.3198103,-0.5683377
-1.1041193,-0.8525691,0.26533565,-0.029432958
-0.42346314,0.92406434,-1.397096,-1.7466545
0.22536744,-0.729362,-0.0071322825,-2.1632395
0.6836969,0.4035026,0.32005057,0.22872889
-0.8540888,-0.80332166,-2.7974463,-0.2560936
0.40449262,2.9877326,-1.6489286,-2.2362041
0.90104485,-1.7597524,0.39782766,1.0229461
-1.5600654,0.7015585,1.0499336,-0.3710776
-0.67328215,-1.2742989,-0.38124472,1.2775469
-0.6701299,-0.13703203,0.42620367,0.72536397
0.5120993,1.7613249,0.5405315,-0.80796725
0.33243573,-0.5084439,-0.715855,0.5772385
-0.022306455,1.6664842,-0.9518273,2.0399818
-0.5560064,-1.7556485,0.617458,0.07769997
0.3647396,-0.24622779,-1.0493549,-0.38607615
1.02652,0.31430736,-1.902344,-1.0476466
-0.8522273,-0.87565047,-0.64086837,-1.1237118
-1.2441317,-3.3066087,-0.24166174,0.48806885
0.4876057,0.95867556,-0.39281282,0.5933324
0.668406,-1.2478942,-0.2470428,1.4811285
0.3214483,0.86465347,-1.4138592,-0.626342
0.96210307,0.07298664,-1.2380855,-0.027057048
1.6484376,-0.14783427,0.70182234,-0.5747626
-0.39643937,1.632078,0.48906985,1.2394127
0.24506104,1.306481,1.3002867,-0.5157714
0.8773678,-1.6000788,-0.25211456,1.5190163
-0.09106928,-0.39026627,0.6219783,0.6788674
-0.5294149,-0.4533017,-0.83828086,-0.15961795
1.2417643,0.027417865,1.1145071,-0.3513155
0.76147455,1.5295305,-0.80111384,1.4796839
-0.7502867,-1.0560625,-0.6023223,2.534769
-0.17759952,0.65373456,-0.88470805,-1.6979545
-1.2706964,0.52216744,0.38389388,0.90808797
-0.34847113,0.7734203,1.134908,-0.26478302
-1.0259984,1.7215654,0.39929804,-1.0927573
-2.9695253,0.32535762,1.2301358,-2.6464243
-0.30992284,1.377695,2.240817,0.47138247
0.75794894,2.2976615,0.31659985,-0.05790806
0.043732263,-0.28141892,1.359674,-1.2646976
0.0129399905,-0.7538521,-0.51569724,0.30602416
0.5554505,0.96017843,0.6707335,-1.0790844
-0.17270549,-1.0040665,-0.33092922,-0.30516016
-0.9764197,1.3296263,0.69038403,0.67310387
-1.2379313,0.19471797,0.19606936,1.1660588
-0.19526866,0.5450808,0.025889287,0.9084308
-1.6452143,-0.34129536,-0.3039382,-0.64113986
-0.25479347,-0.7446928,-0.833736,1.5017959
-0.29802293,1.2958316,0.8726799,0.08249112
0.18918712,-0.1589698,0.98260766,-1.3215253
0.42020544,1.0904682,1.497382,0.75685656
-0.32612443,0.6183589,-1.4088408,0.28537518
-0.13486218,0.7683769,-1.6507528,2.0179863
1.5214412,-0.5054464,1.8647685,0.5381719
0.3032688,0.061569996,-0.55743366,-2.0249903
2.208227,-1.2114122,-1.2526599,-1.7239469
-0.34256104,-0.5075079,-1.0694503,0.28132805
-0.09799235,0.9687864,0.9669278,-1.3838432
0.86510193,-0.012658258,-0.16595642,0.59069437
1.0396763,0.7711008,1.050281,0.90312034
-0.67956746,0.4448083,1.9489622,-0.223462
-1.9319509,1.9965682,-0.88595563,0.77987224
1.0377731,0.35927477,-0.52371484,-0.86269444
-0.47891134,0.09209815,-1.6288131,-0.29235855
-1.1484746,0.55181974,-0.36690888,0.04950921
-0.03179017,1.2908309,-0.2545028,1.790903
0.38624635,0.32489,-0.35124898,1.0937647
-0.0682398,0.66402274,-0.040744934,2.5048316
0.31950998,-0.2144301,0.5010914,0.5744205
0.081460625,-0.16251448,-0.45424512,0.8313498
0.3435585,-0.8679281,-0.14158702,-0.2868178
0.32919776,0.6008504,0.10302284,-1.9441985
-1.3018161,-1.0257983,-0.04748075,0.15630044
1.6124669,0.20404407,1.1021025,-0.59808815
-0.5433564,0.93730146,-1.3296725,0.5692191
0.23165432,0.894421,0.7226134,-1.9251717
-0.23250388,-0.0015303016,-0.6622601,-0.0869794
0.8265794,-0.016603254,-0.9585862,-1.7212808
1.2451857,-1.1120144,-0.80702007,0.6899577
-1.9274654,-0.97169113,1.6442126,-1.4629523
-1.1402974,0.111122794,-0.23843506,0.32883355
0.776627,1.2807491,-0.64118487,1.2782521
-0.46749014,-1.0406739,1.3059152,0.81928927
0.2613454,0.012201054,-2.401839,0.31970453
-0.26052532,-1.2470504,-1.6341149,1.1808456
0.13805743,0.06840861,-1.4621832,2.1141145
-0.37061122,-0.2982029,0.60227424,0.91380537
-0.22782862,-1.9253991,-2.4239328,1.4924405
-0.56825215,1.849852,-0.32737747,-0.35949376
-0.24791418,1.2990135,-0.51580274,2.2100465
-0.21950862,2.0974298,-1.3650297,-0.62177604
2.3347752,-1.7710987,0.29350033,-1.3355328
-0.09604694,1.3619876,0.4974052,-0.068276875
-0.006586536,1.5276549,0.6339255,0.56533456
-0.42250088,1.7852458,-1.6017011,-1.9409943
-0.62045157,-0.19509876,-1.6514912,0.5061842
-0.25057918,-0.4447467,-0.5025232,0.035002083
1.048561,-0.2700027,0.48313975,-0.2179235
-1.6732844,0.22817637,0.35623255,1.807312
0.9735011,-1.2306588,0.74489623,1.4008512
-0.5741432,-1.2352582,-0.20038769,-0.37112615
-1.9527094,-0.95057416,-0.57254374,-0.37360632
0.24865118,0.3036561,2.5545645,-1.0440257
1.3290493,-1.7873368,0.52412134,-0.05197646
0.8583195,-1.0355101,-1.3774152,0.26286173
0.29216802,-0.70704913,-0.3687941,-0.4729244
0.1842027,-1.2791934,-0.9280528,-0.9288465
0.27410454,-0.09721153,1.0171496,-0.09129276
0.090409644,0.6265494,0.664798,0.03270916
-1.1977944,-2.3192112,0.6114241,1.0827715
0.32366493,0.8256374,1.8375385,2.1795564
0.011220656,1.0045407,-0.98710257,-0.11990898
0.6893234,1.0636461,0.67497885,-0.7339113
0.20021795,0.04378547,-0.53275126,-0.13198234
0.6661637,-0.8717824,1.7636245,0.6876103
0.8352671,2.8917558,-0.84939975,0.9706238
0.5515927,0.0073725716,-1.2563735,-0.6710868
-0.7277452,1.4485546,-0.33021542,-0.840045
-0.55325085,-0.63051283,0.7728866,-0.32562268
-1.7593466,-1.8975965,-0.9474805,-0.35703152
2.0535743,-0.5118761,-0.38251677,0.8243208
-1.0548459,0.24958858,0.6806976,0.36807638
-2.5394776,-1.0589085,0.02463698,1.5635897
-1.4339061,-0.21208933,-0.44583797,-0.658927
-0.66835177,0.056008913,0.86445683,-0.0076033594
-0.30957288,-0.57197666,-0.5215366,2.2430012
1.2131954,0.09703218,-1.4213274,0.51836205
-0.3366698,0.8355683,-0.41627175,0.50592905
-1.2766461,-1.2308565,1.9113156,-0.77885526
1.5540805,-0.108685315,-0.2634979,0.59662485
-1.6973557,0.034938224,-0.96428186,0.010613063
0.508266,1.6207725,-0.39780226,-1.2714174
-0.8219354,-1.9782268,0.6787354,1.0715942
-0.37927556,-1.0377153,-0.13349757,-0.903303
1.2878451,0.4887841,-2.3016868,1.0616615
1.2897991,-1.4714848,1.5753927,-0.6584422
-0.58934265,0.6032746,1.0444986,-1.6175474
-0.10507392,-0.90535766,-1.2882473,1.1524594
-0.08350866,-1.2760977,-0.43276617,0.5196624
1.4405241,-0.35816708,1.4092902,-2.0380342
-1.0170999,1.4744595,2.611543,0.512283
0.46735603,-0.96243024,-1.3651099,0.21995942
0.22430758,0.9290033,-1.8883163,1.0568565
-1.6903317,-1.5556948,-0.051810652,1.0360595
2.2209775,-0.3900875,-0.5120325,1.0632516
0.16713436,0.34252223,2.1487172,-0.6105236
-2.1498024,1.5724735,-1.2829959,-0.43388453
1.9427214,0.93740463,0.88320434,0.37154254
0.7627095,0.575926,2.108013,-1.4353359
0.23134792,-0.5687264,-0.5875004,-0.00873005
1.2025384,-1.0901443,-0.7145767,1.281279
0.30196488,0.45648816,0.31464854,-0.3465395
1.2796046,1.759228,-1.6722445,0.012226603
1.671875,1.5994022,-0.65279186,-0.42131844
-1.4007972,0.878788,1.6103921,-2.7587166
0.14022921,1.0668495,-0.7920542,-1.7096363
-0.4300655,1.1210861,-1.375605,0.38900813
0.23759374,1.2069546,-0.3660973,-1.7731879
1.2423735,-0.11915721,0.6770189,1.3888501
1.6900098,-1.0791618,-1.0559008,-1.4139985
0.60769534,0.0969879,0.7190203,1.3339572
1.7827216,0.15556629,0.7695741,-0.35187164
-1.1181854,-0.86565554,-0.68281084,-0.36541277
1.292735,1.6496011,0.07460229,0.9973
-0.14430733,-0.42292002,0.6022106,1.3810722
0.8696617,0.50434315,-0.18144338,-0.21354765
-0.48051244,0.49208447,0.118151575,-1.0549598
0.6466539,1.8914543,-0.48597565,-0.8987769
0.9902742,1.0569655,-0.24226706,1.5607466
-0.8521967,-1.1266254,-0.91996014,-0.658477
0.4507585,-0.34970713,1.2479081,0.39934808
-2.9773312,0.7887208,-0.58166087,-1.4792784
0.36240163,0.9797072,0.958544,-1.2656283
0.74066824,-1.0456678,-0.61695933,0.7009595
0.7899897,2.14285,0.6756888,0.7843468
-0.7774547,2.119757,-1.3217094,-0.18793586
0.19738974,-0.006848346,-0.65352386,-0.45091778
-2.7190084,-1.5907903,0.29605922,0.18779956
1.3140601,-0.41471365,-1.9355164,0.17060286
-0.5547724,0.01822775,-1.2082642,1.611637
0.3399321,0.49635905,-1.6122255,-0.3455627
2.661178,-1.3065145,1.4871664,0.006692036
-1.6517812,-0.012861327,0.8681574,1.0175807
-0.538363,1.0271908,-0.2337315,-0.029116819
-1.8970094,-0.3366959,2.2186327,-0.7989765
-1.4250226,1.0397823,1.1667027,0.776619
1.8817837,0.24600431,1.1613429,0.62278336
0.92629254,-1.2877334,0.71959865,-1.9909225
1.1160092,0.5381287,-1.5697933,-1.386625
-1.7237785,0.47634575,0.046071526,0.1824371
-0.79972595,-0.9454495,1.0009422,0.36460817
2.4153464,-0.20436595,-0.13456772,-0.87227124
1.0768646,0.8975735,-1.2567883,0.5892427
-2.5776124,-0.52999735,0.77371156,-2.585101
-0.15614434,-0.67993087,-1.3421906,-0.09280358
-0.92428166,0.049779233,1.8173934,0.82770264
0.28108308,0.03221074,0.38384902,-1.4368061
-0.20964323,-0.8815117,-0.87918437,0.3738707
0.44582307,-0.46434876,0.49038213,0.96568483
1.1267755,-1.7634827,0.21125685,2.5584254
-1.7279611,-0.008316892,-1.6323323,1.6256347
1.1047002,1.5412431,1.324173,-1.9917703
-1.1574103,0.4163065,0.356634,1.2939655
-2.123947,0.65872985,0.022022318,-1.3122038
-1.9536736,-0.2237155,1.288761,1.4179275
-1.4328932,-0.33254766,1.0276572,-0.98494816
1.1458405,0.56893516,-0.84708714,-0.4571644
-0.2264392,0.033241406,0.15401703,0.38867167
-0.41490227,-0.932406,0.5660013,-1.6691035
-0.9712305,1.2260591,0.55744445,0.42442223
0.93522483,-1.2924689,1.0342808,0.27652332
0.05638761,-0.26388922,1.8162208,-2.0559676
1.5565524,0.5034887,-0.5792322,-1.0675598
0.52066404,-0.9199152,-1.721082,-1.4984775
0.19905388,-1.9050831,2.1488981,1.6559262
-0.8175354,-0.6104725,-1.0262644,0.58230823
0.55895174,-1.0907654,0.44863495,2.1113334
-1.1144546,-0.6652434,-0.755566,2.3271577
-1.4096626,1.220547,0.308355,1.5271586
0.26859036,0.43669423,0.2829026,-0.45107514
-2.0537941,-1.1575191,2.4833834,-2.5630608
-0.041571315,-1.6083192,1.2417798,0.2778352
-1.1416013,-1.0018378,1.7784028,-0.041262724
-1.3781004,0.64171165,0.017747523,-2.571469
1.3609104,0.4897874,1.1423362,-0.9998755
0.2877154,0.9692538,-0.94999087,1.9450481
-0.0935971,2.21239,-0.8966359,1.0927236
-0.27669337,1.4979823,0.19908032,-1.938543
-0.54628235,-0.84805274,0.15688446,0.19460712
-0.85948884,0.7644142,1.2142155,-1.0496863
0.73290354,-0.583291,0.88433695,-0.35717773
-1.034319,-0.33927426,0.24403974,2.9387631
-1.2597972,-1.2682048,-0.4183041,-1.4686785
0.23086843,-0.53200614,0.32288906,-0.8756863
-1.4952968,-0.015847156,-1.2105135,0.80377716
0.2841961,-1.5120702,-0.17574094,-1.8929932
0.57149976,-0.36780882,-0.28972664,0.12826122
-1.325376,-0.697858,0.07293234,1.4949666
0.71169376,-0.4963221,-0.79108787,0.23645832
-0.006230958,-0.39045578,0.09635259,0.21925023
0.028979108,-0.26967123,1.8719666,0.34712303
-1.8349557,1.7231181,-1.368419,-0.4792293
-1.186005,-0.6378374,-0.29039946,-0.1966211
2.3581986,0.5664495,0.27970317,-0.6769052
2.0094497,0.21369638,1.1577634,-1.3912479
-2.1782875,2.0914595,2.0891387,-0.958056
1.4215087,1.1111888,1.0544639,-1.5314484
-0.6072987,0.44047344,1.2100763,-0.29733786
1.7214645,1.3911606,-2.248562,0.77536666
-1.0158784,-0.1379706,-0.09633514,-0.11450339
-0.68164754,1.0057392,1.1506888,-1.2500068
-0.19700785,1.104287,0.07997284,-2.5953672
-0.43246654,0.8867161,-1.786552,-1.7412543
1.5987378,-0.7777638,-0.39449382,-0.7649015
-0.47959444,0.64200777,-0.69716054,-0.8709363
-0.5451011,-0.6951841,0.7371678,1.2147398
0.10566681,1.8366733,-0.57744694,-0.19609591
-1.4239194,3.4282115,-1.556236,0.6545413
-0.19034836,-0.73022574,0.25419134,0.276089
0.20626655,-0.35758203,0.35455474,-1.2194611
2.5560884,-0.4281092,1.3806893,0.15561748
-0.993951,1.5967534,-1.7525363,-0.61608154
-0.5275625,-0.04083967,-0.60602945,-2.0351014
0.40720677,-0.7189809,-1.3074945,1.3121157
2.0144663,0.8939556,0.17165987,-0.44058
0.94786245,1.3976357,0.92925346,0.62419885
0.9977575,0.96092683,-0.87191916,0.7792487
0.35365778,-2.4799728,0.5840255,0.1532451
2.0399976,1.1776458,2.3368788,-0.03191149
0.2347023,-0.5625682,1.4682554,-0.6181137
1.0227232,-0.6607572,-1.6052065,-0.41629058
-0.02909354,0.3035808,-0.546201,-1.1181706
-0.3267867,0.7557401,-0.59034395,-0.12322561
1.9334782,0.36242732,0.3808513,-0.2620096
-0.84937334,0.094281346,1.0707542,-0.46717417
1.9136642,-0.7402914,-1.882135,1.0065172
1.1831459,-1.2949146,0.0010897778,-1.7920212
-1.2854908,-0.94142926,-0.07410177,-0.96815073
-0.4971751,1.8915808,0.7754994,-0.049630027
0.83622646,0.7730491,-0.5483443,0.54890347
1.0594445,-0.16867822,0.042742833,-0.83393747
1.3982956,0.25907287,0.5767248,0.41224194
-0.08623625,0.7539778,1.8201236,1.2509824
0.284979,-0.61469024,-1.4659063,-1.0593101
0.8625429,-0.8238823,0.8996627,-0.20410025
1.2169212,-0.18086512,-1.1501403,-0.2505244
-0.6556626,-0.12646322,0.28584564,0.5635206
0.49655926,-0.445569,-0.24112949,-0.9689486
-0.3891461,-0.1823882,0.00167978,-1.4400003
-0.29881766,1.3292348,0.21150586,-1.2345169
1.3085035,-1.0380162,-0.13824514,1.01351
0.7942375,-1.4653002,-0.9170975,0.92549706
-1.8637989,0.7039474,1.4941972,-1.8370309
-1.3240234,0.019725485,2.1368086,1.6846167
-1.336536,1.5687234,1.1547538,0.26910284
0.28541404,0.37802,-0.46716666,-0.30253735
0.60319453,-0.44614065,-0.060007878,1.8670352
0.6177932,-0.29325247,0.5220003,-0.5873411
1.0416896,0.010319174,0.17354836,-1.4012187
0.5306631,0.7229246,-2.002066,-0.1523933
-0.17304246,0.68643105,1.0310401,-1.92517
0.061401427,1.2892444,0.78444666,0.19137007
-1.51798,-0.9905595,-2.0082257,0.6809616
-0.2939186,-0.63358736,0.67991817,0.74634707
0.10416962,-0.121947534,0.5246265,-2.0600944
-0.92643905,1.1794609,0.6548951,1.059339
1.057954,1.3275839,-1.1952434,-1.4570243
-1.0938302,-0.034581397,0.07704264,0.530936
-0.62001055,-1.4908522,-0.15970697,0.49925143
-0.09633105,-0.66366273,-1.6193639,0.47622555
0.5717667,-2.0535784,0.012305597,1.0156041
-1.0208942,0.5997146,0.9512877,0.56600404
1.23718,1.5341691,0.6036181,-0.7432021
0.6938478,-0.15181598,1.8777359,0.22048213
-0.5218049,-1.2163249,0.67441183,1.0914173
-0.81620413,-1.2635255,-2.1033368,0.6702074
0.29318127,1.6894798,1.0374199,2.5000362
0.24157491,0.9022797,-1.4434158,1.1094098
-0.8412534,0.46624273,-0.5224312,0.14444333
-0.40600413,-0.025033573,-1.601623,1.4158931
0.2295149,-0.56868804,0.32179612,0.9152665
0.42252678,0.47626847,0.90445286,1.6122162
1.3898226,-2.317481,-2.3035843,0.122513495
1.3614279,0.09872458,-1.4189761,0.44776022
-0.6831012,1.583593,0.33562982,1.4792958
-0.5608261,0.6651813,1.0515802,-0.33444262
-1.4168067,-0.22689998,-1.5403402,-1.0201066
-0.50475097,-0.27935654,-0.83269495,-1.6811551
-0.008417406,2.140192,2.0302067,3.3450704
0.42679992,0.9353443,-0.14669044,-0.8326573
-1.3178343,1.1300598,-2.0245996,-0.24795853
-0.32112348,1.7736324,-0.4930953,0.23156144
-0.2878263,0.08388456,-0.7249996,-0.56023604
-0.7509411,-1.2415416,-0.47455963,-0.47637025
0.65060014,0.07266036,0.65878606,0.3827589
0.0798902,-0.7455943,1.6669616,-0.698371
-2.1022637,0.05894182,1.8795128,-1.1089511
1.020912,-0.7861695,-1.3542285,-0.91046244
-1.0115342,-0.62340075,1.0526863,-1.2661369
-0.17245713,1.3595642,-0.016411204,-1.1850224
0.7889432,0.35351297,1.7954772,-0.08846506
0.48412883,-1.2613956,-0.09253651,-1.8574181
-1.115008,-2.6107452,-0.21583305,0.46878675
-0.70225936,0.5859434,0.69357467,-0.6238358
-0.6689306,-0.7722175,0.07475693,-1.3870162
-2.414039,-1.8101071,1.1648092,-0.23643571
1.4149619,0.72640663,0.91254884,1.2375195
0.24267319,-0.40119025,-1.7557251,0.5201401
-0.13484953,-0.90017307,0.31295097,-1.5272229
-0.40354267,-0.74706507,-0.2130644,2.1750114
0.36791277,0.546033,0.7872165,-1.2785481
1.8426838,-0.67580396,-0.29192695,-0.8706584
0.26284024,1.094311,0.050429277,-1.5308714
1.6855398,-1.0592688,0.32589594,-0.08962759
-1.3095021,-1.0476489,0.81659853,-0.33292368
0.76369786,-0.07862246,0.650079,-1.8503722
1.6880242,-0.60432607,-1.3713821,-1.4640876
0.8945456,1.2649444,1.1096036,-1.6186035
0.3643764,-0.25804123,0.12738465,0.48319328
-0.12920617,-0.8128821,-1.3301574,-1.0369258
0.21530928,-0.14681362,-0.9904749,-1.3641856
1.4332505,2.026092,1.8194438,1.3005567
-0.55416465,-1.6631771,-0.5566175,1.0820874
0.017175576,-1.9050586,-2.0380316,-0.71318734
-0.35718882,-0.6028039,-1.3515135,0.23091532
-0.77869827,1.0179025,-0.8018429,0.6215185
0.9045191,-0.033866033,0.9546259,-1.1725805
-0.8216154,-0.3908671,0.29325166,0.32781565
-0.45145205,1.1815675,-1.3024349,-1.0179223
1.0729965,0.11441691,-1.6899642,0.4568174
-1.248648,1.0317878,-1.8064275,1.7234923
0.21936499,1.1407131,-0.34604523,1.0941743
2.1852636,-2.0466707,0.77010626,-0.19068605
1.1228917,-0.9307907,-0.7570878,0.7928851
0.7039367,-2.2331429,0.36817065,1.1191218
-1.1867883,-0.50533307,-0.63005465,-0.945551
-0.10725323,-0.6451094,-0.21100694,-1.1478127
-1.0805469,0.85776585,-1.4651006,-0.10801648
-0.2067524,-0.51983285,1.4468702,-0.77595764
0.7774383,-0.33466536,-0.6753947,2.618881
1.0035022,0.79046327,0.8658169,-0.117333986
0.4623469,-1.266153,-1.5883385,-1.6918052
0.83152956,1.265592,0.8598903,1.833403
0.664386,0.058220204,1.475212,0.57492125
0.45536897,0.60638255,-3.1474895,-1.1653209
-1.370672,-0.016554551,-0.085522465,2.4102767
1.2492071,1.5714899,-0.25074285,-0.13650365
1.4151282,0.9274479,0.4792979,1.124514
1.19738,1.6888465,-1.3173064,-0.98265994
-1.3937842,-0.036328223,-1.1848806,2.3821898
-0.98185426,-0.9801925,-1.6739393,0.19373854
-0.42169908,-0.90043825,-1.8214281,1.4426451
-0.39024535,0.4805235,-1.6645945,-0.24244826
0.24652912,0.7936728,1.4272221,-0.28423676
1.4789981,-0.2254595,0.3175803,1.6996986
-0.94067526,-0.2945478,1.6001555,-0.39911088
0.67540044,-0.91754216,-1.1473674,-1.7718718
-0.35513154,-1.0630326,-0.25660995,1.8726915
0.71035343,0.9755939,-0.3393862,-0.33747208
-0.50731486,-0.29066142,-0.38586825,1.9696347
0.9194399,0.5457529,0.87062544,0.31885427
1.2858213,-0.9822229,0.28973228,-2.308252
-1.5204124,0.7289671,1.0369564,0.8705545
0.7348814,1.4538473,-1.0006206,-0.34501073
0.6684927,0.62727827,1.543404,-0.45625255
-1.4963698,0.54063904,-0.14382386,0.38293433
1.9051386,1.1716516,-0.21058428,0.564825
1.7605962,0.18782891,0.099386126,-0.6007493
-0.45630062,-0.8290568,-0.93720764,0.7916769
-0.0608107,1.5011488,-0.45938885,1.0719346
-0.22340809,-0.4316763,-0.8305065,-1.0190281
1.9980087,1.8065447,-1.1460116,-1.0762372
1.1108656,1.5291045,-0.41724825,1.4314846
-0.24866349,-0.0021218564,-0.54014,-2.4125695
-1.1190845,-0.33862695,0.7846728,-1.7916077
1.5335715,-0.3205304,1.1412765,0.84067327
-1.0650238,-0.48865327,-0.7125211,0.8970921
-0.68569064,0.6943858,-0.6752617,-2.596161
-0.28593537,0.3703724,1.5210005,-0.099331066
-0.29205912,0.7655485,-1.9369963,1.0026617
-0.7123516,-1.4780629,1.3715508,-0.17656124
-0.332974,0.07165567,1.3550651,-1.7498713
2.080662,-0.6054812,1.4915284,0.6981705
0.7323157,0.047557447,-0.52939373,-1.0162711
-0.64555013,0.85124284,-1.5379381,2.0593235
-1.4029428,0.5295354,1.0591842,1.6243902
0.5006838,0.788063,-0.7156779,0.62082356
-0.9087899,0.37152728,-2.2201424,-0.8128388
0.92362845,1.2205375,0.67140746,1.168357
0.15316732,-0.07094236,1.1572592,-1.4542103
0.6592663,0.26817638,1.0994624,-0.871637
1.0704328,-1.4516884,0.97050947,-0.5885941
-1.2608213,0.6417515,-0.9420797,1.4562072
0.15392812,-2.5392,0.5834856,-0.99235517
1.0195929,-0.86964226,-0.18639079,0.23073716
-0.4977563,0.024053551,-0.6007813,1.3415602
-1.0558344,0.7901752,1.290188,0.2846783
0.03939229,1.7499418,-1.1339096,-1.8689442
0.3898912,-0.75143456,1.0542074,-0.45201376
-0.43339285,0.44498816,0.9123244,-1.2460684
-0.52819157,-0.25375214,-1.9789526,1.4000347
0.11407456,-1.0836521,0.3666499,0.48710084
-0.7354874,2.1374333,-0.4504298,-0.7093772
-1.5322194,0.5769099,0.89424866,1.8955812
-0.7768927,-1.4339575,-0.6919478,-0.7315989
1.15441,-0.21049266,1.2084792,-2.13556
1.0132285,-0.79245585,0.24862674,0.18964629
-2.025391,0.3756393,-0.7116523,-1.0421193
-0.017266773,2.0398364,-0.8825329,1.0633644
-1.3124157,0.9188059,0.65117323,-0.84098685
-1.2164116,-1.8820127,-0.6184366,0.48598653
0.030160898,0.22245327,0.23683803,-0.2970163
-0.2359105,0.8156964,0.02238764,-0.7626432
0.23610887,1.395504,-0.9485174,0.70599246
-1.13565,0.30439672,2.1889563,2.3237696
1.1264126,-0.86854446,0.4076224,1.88365
1.4974021,-0.7163799,0.3452036,-1.2659508
-1.4170574,-2.0656083,0.92788273,-1.7723138
-1.0770801,1.0266085,0.39213982,-1.8802348
-1.0091095,-0.94262564,1.4040185,-1.6513058
-1.0346042,1.3377465,-0.20106566,-2.616159
-0.43623918,-0.45310488,0.32241598,2.9745948
1.4273719,-0.3734521,0.62125623,0.8026917
0.90782475,0.53845346,1.6320703,1.5339185
-1.6526406,-1.0634158,-0.15867971,1.1325433
-1.8035523,-0.14014773,-0.82074815,-1.0584226
0.12061613,-0.20522507,-0.089058444,0.5082821
0.6970433,-0.17515104,-1.9221225,-0.5416488
0.011133729,1.3863732,1.3065645,-1.3096594
-2.0138018,0.20968282,-1.4593583,-0.20854183
-1.2833941,1.3681916,-0.95961297,0.15757906
0.71245486,1.319551,-2.38778,0.5192387
-0.0067140446,0.11859472,0.31640428,0.23221965
1.1153839,-1.5712564,1.872099,0.17985171
-1.6186609,1.1411062,1.0022138,-0.19313739
-0.038472626,1.1404146,0.81391126,-0.72063303
-0.8406621,-0.6491567,-1.2409368,-1.4136491
0.311639,1.3096356,-1.67623,-1.4754735
-0.20107664,0.31501192,1.1330788,0.40826985
0.229189,-0.58298624,-0.7547818,0.16591223
-1.544127,-1.203951,1.3687289,0.043688916
-0.5269798,-1.3690233,-0.11283158,1.4994246
0.43963823,-0.6181766,1.2984394,1.1314269
0.45309117,1.4371898,0.39065734,1.0383698
-0.41851294,-1.6139519,0.58366275,-0.61955494
-1.1179962,0.5469048,-1.0855899,0.019846363
0.8339908,-1.0153824,0.054619372,-0.01280673
0.6357191,-0.38358146,-1.1264044,-1.1404915
0.7546086,0.023091886,0.95466983,-0.07648561
0.97577274,-0.831871,0.99913657,1.0089283
0.61849344,0.106056176,-0.6309838,0.30930305
-1.3479251,-0.7109061,0.9080755,1.0609084
-0.92876947,-0.880877,-0.2583338,0.04855038
-1.4884741,1.3956438,0.6758148,-0.8623458
1.383633,0.86559004,0.6309618,-0.92688435
-1.2674307,-0.20622228,0.15871453,-0.03234833
0.86778814,0.6507562,0.5269287,-0.16838948
-1.7363468,-1.3114558,0.30997947,1.0724502
-1.3756658,-1.5040406,-0.2153538,-0.7044302
0.36831477,1.8118868,0.652435,1.2777467
1.6199069,0.78853387,2.1906798,1.7935315
-1.1477375,-1.1310476,1.7764302,1.1945674
0.16700499,0.67327875,2.1626222,-0.7128343
-0.9998936,-1.1878575,-1.1709467,-0.5560194
-1.3061115,-0.56350535,-0.07791652,-0.90038955
0.7762044,-0.80378634,0.19383343,-1.2572613
-1.0224117,-0.10717883,-0.63069475,0.28630322
-1.5881295,-0.21170937,-2.6499748,0.21293196
-0.10655936,-0.05893196,1.5292798,0.6540662
-2.2156508,0.4289554,-0.003354221,-0.3799641
-1.471644,-1.6591537,-0.05598221,-1.0067899
-1.1161402,-0.23480637,0.058982145,-0.6584827
1.0365862,1.3833673,1.1348311,-0.99772817
1.2139285,0.16906807,1.4977736,-0.16694838
-0.14994545,0.8715626,-1.2232829,0.1954977
-0.4105357,-0.41080803,-1.1602092,0.16760446
0.9152885,-0.5172495,1.7126262,0.9076778
-0.726856,-0.683153,-0.37849024,-1.5637478
-2.1438599,1.1409092,-0.27108246,1.1079081
-1.0759704,-0.62638396,2.0594409,0.46688396
-0.6148542,1.2305145,0.047417864,-0.44970313
1.0219738,-0.5538944,0.121619724,1.1189629
-0.8579382,0.13892402,1.1264068,-0.27051225
0.34889328,0.18476962,-0.2508159,-0.8003522
0.7170341,1.0388604,1.0343887,-1.4131087
0.3123652,1.6482648,0.672423,-1.7372651
0.6235718,1.4151654,0.39576498,0.74846375
0.4255934,1.8732834,-0.25347438,0.37235308
-0.4277147,0.1952156,-1.2044467,-1.2194738
1.4442729,-0.5996992,1.0904213,-1.1964762
-0.5021587,-0.14916767,-0.025711682,-0.76784617
0.45482686,0.64617187,1.1079477,-0.52956825
0.95370203,-0.4092898,-0.51629144,1.4184287
-0.11031906,0.40709814,-0.12715317,-0.30101407
-0.91386193,1.1801469,2.2242203,-0.23326994
-1.6148334,0.6123874,0.123523496,0.45258352
-1.080852,-0.93744814,1.9136137,-1.5104688
-0.59825265,0.3371076,-0.83105606,-0.60467833
-0.47858846,2.6263444,-0.9601279,0.94108033
-0.46675894,-0.49644187,1.3719147,-0.112804465
-1.6514815,0.11585331,-0.78078806,-0.44494456
0.5746612,1.8133516,0.4447682,-0.59750926
-0.21637315,-2.1749504,-1.1919492,-1.649043
-2.038567,0.58433616,-0.16130316,-0.76297337
-0.5574047,-1.433393,1.6478424,0.6755878
1.3191508,0.6772949,-0.27495378,-2.0252943
-0.8944195,2.402457,-0.08096166,-0.46865612
0.8867448,-0.58130735,-1.0609688,-0.09973245
-1.9118583,1.4094261,0.39451548,2.445841
1.4580982,-0.035887804,-0.8344161,-0.3984614
-1.1204829,0.9424258,2.1481519,-0.5519155
-0.15297826,-0.053468682,-0.23331955,-0.18296874
0.76079416,-1.5762119,1.3024602,-0.33640978
0.4053074,-0.7862152,-0.7517618,-0.3582657
-1.3302356,-0.9836959,-0.08998948,-1.2078062
0.059119504,0.3211724,1.767708,-0.9701909
0.57643604,-0.53105223,-0.9092971,-0.3278139
-1.132853,-0.30769518,0.30944866,-0.9843388
0.7256944,-1.1295764,1.1873723,-1.3011813
0.65893906,-0.065013446,0.55194676,1.8955404
1.0634593,-0.84875625,-0.9663682,-1.4188364
1.3000709,-0.8914999,-0.49426895,1.0840099
-1.2442604,-1.1892489,1.2218215,-2.862099
1.0786492,0.43134636,1.4805512,1.6161036
0.8579167,-0.54385597,1.6912988,1.0126729
-0.45682868,-0.76895136,-1.0587714,-0.35229132
1.1143508,0.8471996,-0.789008,0.18495914
-0.11155767,0.6569902,1.2533832,0.791786
-0.95008343,-1.7707769,-0.43028697,-1.5676748
0.79538655,0.7795202,1.1179209,1.8472831
0.44746694,0.80214703,-0.7303588,-1.3847593
1.8115605,0.43888876,0.94039756,0.06929783
-0.35596773,-0.9536556,-0.8657569,0.47973904
-1.0379696,1.9712391,0.7286488,-1.2656655
-2.63602,-0.54861027,1.4748118,0.86460286
-0.33471555,1.6388803,-0.81340295,-0.86269695
-0.66933316,0.5721148,-1.305681,-0.15612717
-0.85951227,0.38340795,1.6515038,0.58269995
-0.47165987,-0.124210015,-1.3930638,0.7190442
0.4401821,0.56939185,0.37877616,0.93662333
-0.8785098,-0.77061045,0.11071475,-0.6606166
1.0789669,-1.1285146,-1.8866663,-0.52932066
1.5358282,1.1298696,-0.9628526,-0.7302472
-1.2013187,-0.9056808,-0.39570367,0.13020357
0.22156304,0.1291952,-0.5124044,0.3418631
0.1645168,-2.2563007,-1.5875688,0.54312927
-0.2543239,0.9443838,0.9199804,0.24424668
-1.0947102,-0.4474317,-1.4517024,1.3834547
2.7522678,-0.18036605,-1.6841019,1.9425595
1.7270803,-1.7466102,1.4662213,-0.41017514
-0.30932263,-0.21574718,-1.1155462,0.30427805
-3.1118093,-2.2061486,-1.2168013,1.2620425
1.9533525,1.6645156,0.10195955,-0.3155591
-0.17776696,-0.15670095,1.3297986,-0.78006107
-2.367132,1.6937418,-0.6794019,-0.5207399
0.20143473,-0.3031934,-0.018386602,-1.5029308
1.8539602,0.7349322,1.6831068,-1.6474844
1.3165277,0.25262234,-0.17988853,0.7016296
0.62853456,-1.0120746,0.70238197,0.20607263
0.58479536,0.100644186,-1.5229607,1.6651556
0.68349963,-1.4409046,2.7571847,-0.6141185
-1.3165865,0.6908692,-0.3872104,-1.6520628
-1.1003488,-0.9035135,-0.5460533,1.7308942
-0.4450438,-0.9512257,-1.0305728,0.90765953
2.30562,0.81612885,1.1167834,-1.2384344
0.9652291,1.8164154,0.9757965,-0.5326117
0.8238001,-1.3087469,-0.4614031,-1.1626284
-1.4454695,-0.06881204,-0.21280192,0.26226854
0.45046037,-0.51088685,0.20807567,1.116439
1.2689381,1.8783664,-1.7607007,-0.113154896
-0.4023496,0.9980984,-1.5086886,-1.477465
-0.46262184,0.9448627,0.15991087,0.6692985
1.4295001,0.88644165,-1.6298615,-0.47349015
0.8083107,-0.5738766,1.2549896,-0.029923586
0.8023713,-0.88956606,0.10705377,0.69061935
-0.60199904,1.2485197,-0.18907355,-0.78582484
-1.251989,-0.63842684,-1.1492096,-1.3193954
1.266755,0.96570367,-0.87866825,0.9779297
0.96954614,2.2020166,-1.3897642,-0.9363494
0.74731237,0.84815806,1.4874066,0.7756003
-1.1573989,0.56406313,1.587964,1.4249123
-0.55777913,0.53219086,0.97894526,0.8129914
1.6161958,0.69438237,0.9641817,-0.5825896
0.2609802,0.73970175,-1.2347628,-1.1846285
2.1785083,1.9814631,-0.039613273,-1.0121987
-1.5095165,0.24157749,-1.7946485,0.7209525
1.5321993,1.4011514,-0.17701422,1.286267
-1.1980462,0.2565779,0.21679236,1.3363941
-0.8774942,-0.63594115,1.3762579,-0.60348606
-1.3891087,-0.89517033,0.43750465,-0.33245555
-1.0360473,0.041294195,-0.8757703,1.6544034
-0.08218293,-1.368698,-0.41652197,0.30225608
0.70077354,-0.14718361,-1.1785014,0.3778656
0.1427013,0.88519657,-0.7789551,1.1457202
0.89312613,-2.1865327,-0.90584964,-0.7829417
0.89151806,1.9692904,-0.031967938,-1.0054291
0.07841942,0.26275086,-1.0349386,2.1014454
-0.7763691,-1.2129399,0.671005,-2.193272
-0.87062055,1.188518,1.0928795,1.2992116
0.4293715,-0.11158214,1.5707005,-0.847085
-0.047403377,1.0305809,0.19850284,0.4953536
-1.9936324,-0.27635697,-0.5588754,-0.45606422
0.2105733,-0.8751474,1.9127312,0.6633525
-0.29972246,0.4450758,-0.6300879,0.7740079
-1.0593888,-0.1628054,-0.39186287,-1.0651495
0.50798243,-0.1262402,0.0071455264,-2.4854672
-0.9859528,1.3919312,-0.030666212,-0.17832421
0.4619337,-1.5751008,0.27416703,-0.5299959
-1.3428124,-2.062748,-0.06996045,-1.9321328
0.11029506,0.6328824,0.7279125,-0.27814195
-0.6830976,0.628616,0.7928642,0.41500992
1.9968673,-0.3433772,0.7375639,-1.0989004
0.16455117,-0.27025896,-0.92765677,-1.9201081
-0.5053531,0.0932731,1.5561782,-0.0123709375
-1.688063,-0.6315679,-1.2829663,-0.48559943
0.34224397,0.8562616,-0.007821753,1.3478719
0.22606044,-1.9028305,-0.18174927,0.5606951
0.11102314,0.7826228,-1.0912925,-1.2997494
-0.07644515,-0.98678917,-1.1921515,0.32236564
-0.04563618,-2.431949,-0.7585279,1.2926025
1.277836,0.4045295,1.8524932,0.2969431
-1.1573832,-1.1905203,-0.61790764,0.14619686
-1.5054306,-0.10175116,1.2402828,1.8719363
-0.7517172,1.198854,-1.2775217,1.1214252
-0.45664832,0.54145736,1.092852,-1.9738245
-0.45968455,-0.46785843,1.4792486,0.76278365
-1.2959019,-1.3402307,-1.3455292,-1.1193317
2.126155,-0.20142846,0.7788602,-2.600378
-0.77577996,1.0736173,-0.27422822,-1.8579178
-1.5195749,-1.3748611,0.8955341,0.9237836
-1.7521963,0.46505433,-0.33766332,-1.5615525
-1.7846707,-0.44681245,-0.07121764,-0.2712023
1.361188,-1.7359385,-1.3858607,-1.3384686
1.2007477,0.24712,-0.096138254,0.24109742
1.217769,0.5309101,-1.6643741,0.2849482
0.81955343,-0.959038,0.13443704,-1.2653399
0.51199055,1.7881504,0.63016784,0.6178703
-1.4504893,-1.7029952,-1.1064447,1.5084021
-0.6802791,0.15515849,1.5913067,2.165837
1.216624,0.15245098,0.62224,-0.09419124
-0.3301589,1.4500043,0.7251705,-0.23852311
-0.020735385,0.35320655,0.9393615,2.4632423
-0.7400387,1.2544526,-2.049546,0.8016229
0.6417305,-0.27792454,-1.9462504,0.46041524
-0.5739702,-1.5999197,-0.78008294,1.2995168
-0.53211355,1.6527218,0.5032599,1.0265017
1.245769,0.60546297,0.9579024,-0.92068034
0.47921562,1.163985,-0.9381073,0.05472275
-0.7225932,-0.028265528,0.7099366,-0.85365075
-0.6092454,-0.88832754,-0.7725811,0.1703811
-0.2235891,-1.6225675,0.41712767,-0.059266154
1.6106275,1.7459579,0.12247457,-1.6197503
-2.0849662,1.9822937,0.15169515,2.0234199
1.6201164,0.57563007,-0.96562177,-0.3837932
0.23458336,1.6520584,-0.62937814,1.3100795
-1.5002227,0.75383925,-0.7203541,0.7646688
-1.753062,0.4182847,1.9000695,2.6866713
0.55692434,0.26035705,-0.27970392,-1.4975194
0.33382836,-1.5683256,-0.7543427,0.3433191
1.0981723,0.9066146,-2.391678,0.5089409
0.89245,0.93923503,-0.57131857,-2.038678
0.88906413,-0.14894597,-0.2741841,0.19042931
1.8206271,0.28592122,-0.5183128,1.2097131
-0.4048729,-0.51613605,-0.039056707,1.2475023
-0.959202,1.8526357,-0.7098708,-0.9933598
0.40325883,1.4873258,2.5519989,-1.1200199
0.52287906,-0.657553,-0.65961677,-1.3957316
-0.42369622,0.41888633,-1.0918579,-1.4055667
0.82723963,-1.9992741,-1.3719114,2.89638
2.630278,0.32908478,-0.6367863,0.8272646
-0.86186373,1.7838148,0.5697513,1.6980082
1.6785249,1.2872279,2.0758216,1.4714439
-1.2883296,0.7997142,-0.5587775,-0.43501598
0.40651304,-0.67292666,0.8013239,0.22811277
1.5404726,0.67864716,-1.2261091,-1.7037503
-0.16882841,0.02705942,-0.47069758,-1.3758942
0.7631095,0.7417831,0.957509,0.92117065
0.6037431,-0.48925692,-1.200556,-0.4719975
1.4743807,0.85736877,1.2948853,0.13789698
1.53132,-1.3517714,-0.3299322,-0.35307232
0.878329,-1.1083758,0.9384184,1.2882233
0.21390325,1.0298142,-0.83345956,-0.9420082
-1.4771228,0.082058005,-0.16177729,-0.3849962
1.0556777,0.23891084,2.2634387,-1.1768166
2.0165174,1.870976,1.1513184,0.10678933
-0.6137851,-0.09813805,-2.2473931,1.7384428
-2.2567909,-0.05494317,0.2607547,0.39130297
1.5390636,-0.28585395,0.4674282,0.47628245
-0.9294177,1.5551276,-0.23940103,0.7561749
-0.32468525,0.33146086,-0.66927606,-1.7343626
1.1530961,-0.23366217,0.25335497,1.4006934
0.3501635,0.06924998,0.81791466,-0.1365212
-1.2872965,-1.4932418,-1.3652573,-1.9746448
-0.37545374,1.2141484,0.72901523,0.8268176
0.9478472,0.86054504,0.07333512,1.2754602
1.2775792,0.41635317,0.5254823,-0.73404896
0.7077943,-0.6708429,-0.10452079,0.77477103
-0.19686446,0.5515573,1.8443974,0.33506042
1.5260209,0.2464088,1.5112437,-2.5599504
-2.0047371,0.27157634,-1.0473316,0.10085464
-1.1849018,0.61624235,1.5258616,-0.056359164
1.1894695,0.43408632,-0.87294275,0.8831656
0.5719088,-0.17498973,0.66004825,1.2750359
1.2518857,-0.9371916,0.03585518,1.3871174
1.9328357,-0.12431578,0.614926,2.0062811
-0.75727564,0.09061151,-0.24050902,0.13447446
-0.42695996,-1.5636783,-0.8266613,-0.31683892
-0.25990483,-0.36520565,1.6267629,1.334474
-1.5003337,1.1398312,0.8610425,1.0311255
-0.1987309,2.4364674,1.1029153,1.305772
-1.2125548,1.0725195,1.5682796,0.6978891
-0.7135109,-0.018221954,2.1923528,0.5544006
-1.5885412,-1.0476782,-1.1143638,0.3846851
0.55405986,1.4586034,-0.81722707,1.1418313
-1.0669501,1.3099593,0.5839178,1.52304
-1.2350919,0.86660564,-1.5834023,-1.6067783
-0.03555462,-0.8629431,0.6026837,0.021627912
1.1860567,0.84489006,0.25365463,0.49474785
-0.028583666,-1.6454709,-0.85215497,-0.8681162
0.5151326,0.544935,-1.2520071,-2.1799426
0.088163525,2.0838742,-1.4516394,0.35025498
1.4666421,-0.78773636,-0.21999906,-0.16251262
1.3993077,-1.4812118,-0.2490279,-0.29686907
-1.3554572,-0.19419381,0.16019137,-0.9141235
0.0373953,-0.21286486,1.5843223,-0.46623176
-0.57108694,0.18574876,1.6631212,-0.7307683
-0.24177186,0.7322095,-0.12747177,1.594549
0.3849785,1.1177672,0.39315933,-1.2898711
-0.41200826,-0.50184774,-0.122198336,-1.1369585
0.11759374,-0.7690077,0.9013892,1.0025396
0.121455975,2.1480446,-0.48087993,2.3137045
0.088001035,-1.3777705,0.7656772,1.4785665
-0.5567294,0.13655305,-0.3023579,1.9948508
-0.8774945,-0.81725866,-1.0727233,-0.58060163
1.1208003,-0.22948495,-0.13156377,0.23139669
-1.9021721,0.9761876,-1.34288,-1.5696934
0.3085756,2.384033,-1.2799233,-0.09941214
-1.0226527,0.5477472,-2.5271828,-2.6084042
1.4795767,2.511502,-0.86228734,-0.5394919
0.8288131,-2.3739612,-1.1919672,1.1972164
0.42303604,0.64069754,2.1324553,0.8882885
0.4821285,1.3774614,-0.93307865,-0.13056117
1.179762,-0.11290661,-0.619393,1.4387091
0.46901736,2.3890064,-0.04353271,1.053799
-0.9265833,1.5790546,-1.6740112,-0.16632052
1.175343,0.118135914,-0.1922615,0.75798917
-1.0543189,-0.15997176,-0.2219683,0.8796126
0.3781926,1.125068,-0.70114774,0.99399966
0.9743913,1.4981639,-0.01158587,-0.11579303
0.41634402,-0.14202517,-0.45852053,-0.028685443
0.49418676,1.2426313,-2.9291427,2.025135
-0.8079684,1.9674757,-1.1777979,-1.2320755
1.1886685,-0.45235342,1.556391,-0.8507015
-0.5211611,-0.43146038,-1.1711855,-0.27986372
0.9895213,1.5131849,-1.0089378,-1.9672396
2.2330375,1.869976,-0.5942272,1.0170437
0.17677145,-0.32492226,2.815888,1.1189739
0.7624582,1.0044305,0.24260513,-1.3316587
0.23680921,1.1903678,-0.22032344,0.74108183
0.9786723,1.5419538,-0.46902788,-0.48633775
1.1478347,0.18047279,0.20166753,0.5133552
-0.2283572,1.6546835,-1.1636769,0.56172794
1.4239048,-2.5482793,-0.33797833,1.4066764
-1.628392,0.25660655,-0.47946858,-2.2088256
-0.4860685,0.261297,1.2802047,-0.5472666
-0.05011294,0.82600397,-0.5165619,-0.043625414
-1.2676193,1.1979,1.578465,-0.40813097
0.011952285,-1.1895953,1.5376146,-0.8240421
-2.502964,0.06872143,0.9995225,0.7975796
1.7708124,-1.3373383,-0.8258018,-1.6520493
-1.2876488,0.35506812,0.58427095,2.003121
-1.286186,-0.4367161,-0.73161244,-0.65214014
0.2151528,1.4283606,1.5876378,0.3757182
-2.1524765,1.6161845,-1.1408727,0.17365372
1.6920569,0.18166472,0.6434034,-0.6049042
0.2084484,-1.3396708,0.8720103,-0.10058748
2.7081583,-0.8073935,-0.3436263,0.060483463
0.34946728,1.2429954,0.5942705,-1.5541717
-0.66902214,-0.19235429,-0.33953267,0.26231238
-1.3838699,0.9110766,-1.3019041,0.3213907
-1.4861825,-0.96674114,0.9496271,-1.0680859
-1.7556555,0.8523877,1.0680084,-1.3090434
0.16276093,0.7655237,-0.12226934,-0.567599
0.8023748,1.3826607,-0.042550262,1.215422
-0.7461035,1.3249989,0.6169218,0.26387492
-0.50740886,-0.85991794,-0.18617125,-0.23386712
0.13332842,0.56600314,0.26773292,-0.26972973
-1.6893616,-0.06874437,-1.1870246,0.6133363
-1.4113499,-0.2227401,-0.049139757,-0.9230716
1.150202,-0.57263935,2.5524848,0.6681832
0.19284065,-1.2993225,-0.69077516,-2.2769036
-2.229495,0.98090434,-1.6434321,-0.024001058
0.77829355,1.7080449,-0.16579387,-1.376854
-1.1611699,-0.19091807,0.43074957,-0.79037243
-0.5436835,0.5228782,0.03910956,-0.34744555
2.4164755,1.2742779,-0.43643585,-0.80005574
-2.0927486,0.82721967,-1.0984939,0.7028781
1.1454191,-0.060372647,-1.4272802,-0.96191704
-0.359002,1.4702883,-2.0729215,-0.12647954
-1.2547061,-1.7599493,0.8643958,1.3666924
-0.32165122,-0.117076874,-0.08302444,1.2600346
-0.2741684,-2.0456538,2.1313412,-0.37180457
0.63728184,-0.9857016,1.0403757,0.3404291
-1.7341973,-0.5234974,0.8613965,2.3314006
-1.5647107,-0.4225432,-1.3141804,1.2186327
1.2772144,0.1422057,-2.7421687,-1.7706292
-1.0595253,1.9778703,0.16687058,1.3146715
-0.33577102,0.39065883,-1.6668615,-0.31488848
-0.9815129,0.97034,-0.93856853,-0.9993388
-1.2469378,-0.124148905,1.3914912,-0.085361704
-0.0727806,0.370761,1.3802942,-1.7986637
-0.5610088,-0.059514564,-0.07667955,-1.6373125
-0.80899876,-1.7683645,2.389913,-0.27313596
-0.6340395,-1.0835946,1.142473,-1.1620172
-1.2812963,1.6315525,0.62696344,-0.70190704
0.5837588,0.3479802,1.7039714,1.0752454
0.9730427,-2.3316617,0.2085892,-1.1452326
1.4290454,-1.3936776,0.6618642,-1.7408364
-1.660523,0.019349966,-1.2878213,1.839727
-1.8621898,1.6591325,0.7365389,-1.4246916
0.6772712,-0.060605787,0.4456713,0.90754175
-0.6842786,0.9883821,-1.7623771,-0.44341695
1.1332723,0.5932062,-0.39395076,0.5965611
0.24931046,1.4304246,0.2745769,1.1198318
1.0685743,0.669132,-0.103702776,-0.5834263
-0.054584052,-1.7883726,0.12911187,1.0878718
0.41616467,1.6659733,0.18964969,-0.7172348
-0.5324062,-1.6807688,-1.4411725,0.46534404
2.0267162,1.0347202,-0.33005366,-1.8328149
-1.9979317,-0.07147864,0.43549272,-0.36987355
1.6421894,0.6683285,-2.1453118,1.5417845
2.2374017,-0.9941432,0.6811939,-0.6636109
-1.1743143,1.0431417,-1.0062339,0.3543477
1.5895921,-0.5130074,-0.25767264,0.69821167
-0.50951254,-0.74393547,-1.8179562,1.8953958
-0.724196,-0.95010304,-1.19981,-0.032677684
-0.4556066,-0.372786,-0.85378754,0.49256983
-0.29633114,-1.2125388,0.3302084,-0.557241
0.35931057,1.0269479,-1.1550578,1.2676009
-1.3086257,1.5044286,-0.47479686,-2.1645586
-0.48510194,-1.5345083,-1.3311094,0.91653955
-0.5609994,0.7064505,1.4718603,-0.010351953
-0.048944537,1.1363304,-0.407546,-1.3668014
-0.60053426,-0.4631477,-0.8345435,-0.8007486
-1.899369,-0.8648217,0.8396105,-1.5418656
-0.4206532,0.656461,0.9957255,-2.309797
-0.0059844647,-0.99220663,0.3973578,0.70368904
0.7257319,-0.10594939,1.8048922,-1.2262378
-0.017843373,0.1386935,1.72545,1.3168502
-0.53390676,0.17782788,-0.7515763,0.4666571
-0.8519263,-1.8897777,0.5424857,-0.91780645
1.0601587,-0.8851453,1.7190666,-1.9473597
2.1882334,0.7644637,-1.4085824,0.7740282
0.77770805,-1.3505834,-1.500367,-1.0870506
-1.0374532,0.25814512,1.0240648,-1.2071806
1.0729759,1.715022,-0.686144,0.34665748
0.20557322,-2.3291712,0.06279676,1.3088367
-1.1897902,0.7896019,0.69577193,-0.53610134
0.55877924,-1.7046437,-0.5384435,0.19521816
-2.0864394,0.11460561,-0.09873029,-0.5544226
0.7099511,-1.0240463,1.3449347,0.23505646
0.3920049,0.608139,-0.7592797,0.29252967
1.0188284,1.1489818,0.59916955,2.0976112
1.6995685,0.8498049,0.03615956,-0.26871562
1.5476836,0.7926681,-0.26109508,-1.9919072
-1.8333386,0.5608217,-0.5767198,1.6090379
0.65638864,1.8218234,-0.038421035,1.213138
-1.6009417,-0.3312344,0.07090719,-0.6639962
-0.20436598,-1.7544487,-0.9113371,-1.0944213
-2.8429003,-0.16197586,-0.3090282,1.1210185
-1.4076396,-1.4069748,-0.09082979,-1.5011562
-1.3915173,0.42407772,-0.36893657,0.2713345
-1.4825952,-0.9802151,0.7663371,-2.1782455
1.1324518,2.063214,1.5008435,-1.7030797
0.88942856,0.20001012,-0.3066771,-0.34955716
1.7564309,0.911933,-1.7039982,1.0269912
1.4125574,0.12733495,-0.4063391,-0.6270279
0.7591557,-0.9451197,-0.29712322,-1.265468
-0.7285962,0.13081886,-0.99916387,-1.9742265
-0.7396334,0.4432963,1.3018714,-0.21048164
-0.5487573,2.1516302,0.1638281,0.23148744
0.9152804,0.7215395,-0.53338003,-1.1171625
-0.8126383,-0.2178508,1.485391,-0.3869636
-1.3677458,0.70099527,-2.1970105,-0.40722048
-0.33047286,-1.3863138,0.81892174,0.5476935
0.52444386,1.527904,0.14058653,0.6681754
2.6642232,-0.76256394,0.90756166,-0.4067256
-1.2875135,-0.4696905,1.076925,-0.97374475
2.3778598,0.6081105,-0.81699497,-1.9124736
1.4849416,-0.65368265,1.5257139,0.8125407
0.56836957,-0.5273025,-0.6163264,-2.1842344
0.22997142,-1.543824,-2.1424348,-0.10190334
0.29294643,-0.020082638,0.24054866,0.49670482
1.3377029,1.14436,1.3348331,-0.96347487
1.1320192,-0.5811968,-0.3060922,-0.43733582
-0.8961011,-1.573127,-0.70471084,-0.7411053
-1.2467059,-1.564606,-1.3342971,-1.2706207
-0.65375936,1.3930247,0.0530361,-0.41177332
1.4256324,-1.8310477,0.21006145,1.3984058
-0.34833035,0.42805773,-0.6913605,-1.2434627
-1.2154616,0.54391307,0.5285843,0.70766795
0.18549198,1.214046,-1.7983905,0.8563507
-1.419869,-1.5103227,-0.26817456,0.098313384
-1.4697355,-0.7146865,-1.6969025,-0.1457201
-0.61632234,1.1589943,2.0285482,-2.229273
-1.4801166,-0.6972535,-0.17459671,-1.1754324
1.1487573,-0.83549154,1.8337494,1.156235
0.007160152,0.05928365,1.722664,0.56720144
0.22792599,-0.13867661,-1.0812465,0.9791773
1.5089853,0.112929426,1.1915585,-1.8681024
0.63888603,-0.5381958,1.026859,-1.7241869
0.0034387724,-0.3530463,0.9030865,-0.5165453
-2.0371046,2.0480523,-0.41043392,0.0025995215
-1.8275727,-1.0942658,1.9119611,-1.31063
-0.16002722,0.08724363,-2.2188287,2.28329
-0.66903996,0.94487345,-1.8357947,-1.0269704
0.09623103,0.07066652,0.26481435,0.21284337
2.2813218,0.767432,-1.5886115,-0.81163895
-0.25381255,-2.1272004,-1.0646734,-0.89959335
0.8514418,0.45586106,0.7767155,1.3919876
-2.5217767,-1.4874878,1.1188172,0.77391016
0.2579276,0.17755412,0.6092971,-1.2639909
1.0094867,0.26378486,-1.5656688,-0.41744238
1.2523551,1.6612438,-2.055522,-0.32603803
0.930795,-0.43496063,0.1735386,-0.123061575
1.8887795,1.1358289,1.8577344,-1.0572182
-0.38824505,0.97034955,-1.3942087,0.7661651
-0.38085115,-0.020413248,0.24097708,2.0070364
1.0284735,-0.48129895,0.6047781,-0.50506306
1.70329,0.54338515,0.21870059,-0.19730505
-0.1672837,-0.25197735,-0.03003474,0.25064686
-1.0491692,0.9340329,0.19644846,2.0116563
-0.28477097,0.2525669,-1.7936422,-1.4029193
1.2643813,0.30168128,-0.20587789,-0.2987612
0.9836345,1.3633059,0.16813926,0.318826
0.7732582,0.9914762,-1.3478984,0.5379149
-0.44315943,1.8597492,-0.38795114,-1.3561798
-1.9868934,1.752356,2.0436108,-1.0376052
-0.95847356,0.49139568,-0.44535515,0.48265317
1.8855703,0.55321455,-0.8848458,0.9733239
0.35190386,-1.2953932,1.3576624,1.9627033
-0.7152893,-1.0078233,-0.70493233,-0.8775777
0.45019725,-0.5981172,1.1093408,0.7328012
-0.3973885,-0.5860134,0.63418734,-1.2389438
-0.97180665,1.3802887,-2.4766333,0.36265978
-2.0768454,-0.73941725,-0.56184703,0.55222285
0.4400867,-0.2314506,-1.2097756,1.4444925
0.75628054,-0.9034115,1.0816236,1.9413229
0.11664131,-0.086331345,0.8018614,-1.4977951
1.0106698,-0.9435976,0.97070414,-0.39186805
0.063341804,-0.9252912,0.07995365,0.8499216
0.5727994,-1.6953881,-0.73177236,0.9661636
-0.16858838,0.12037379,1.6541222,-0.8704346
0.51219046,1.7056623,-1.9761508,0.9351814
1.4514844,0.8546213,0.5090126,-1.6554822
-2.3896482,-0.6817314,-1.1968571,0.12263264
0.7827294,0.26043487,-0.11989932,-0.33868003
0.008274201,0.7924388,0.3795846,0.2134929
0.46586055,0.28222358,1.1384203,0.028227832
0.5841886,-2.2270727,-0.15773341,0.2714002
1.1612866,0.37655112,0.43063116,-0.513587
-0.5200878,0.5200846,1.5501152,-1.6671468
-0.40168905,0.84974384,-1.9224056,1.6133618
-0.4990574,0.41024742,2.2977529,-1.4680386
1.0415026,-1.7212181,-0.30877957,-2.027422
-0.8496064,0.71848637,-0.337169,-1.3066103
0.62426966,-1.2538544,0.7552959,0.5420084
-0.19154383,1.7662071,0.50886595,0.8518851
1.18314,-0.06902966,0.69494176,-0.9286594
0.13165687,-0.9371896,-1.7572783,0.26648033
-0.80602825,0.3967627,0.29957056,-0.2574439
-0.9297207,0.75138336,1.0076978,-2.423037
0.3841008,0.31506455,-0.36763704,2.605159
-1.9577094,0.14458789,-0.21806794,2.0819948
1.2242566,-1.3471953,-1.4999093,-2.016675
-0.6605859,0.7563468,-0.533245,0.2879062
0.9310136,0.42291802,0.069184154,0.5555119
0.36681676,0.98183537,0.7835843,-0.1551512
0.5156826,1.3285177,-1.8886275,-0.2424439
1.1899235,-0.4447108,1.1804476,0.15427819
0.4272216,-0.80105704,1.4527268,-0.79409856
-1.7124256,0.2221045,-0.26569986,0.24084252
1.5347674,-0.8641675,-1.0963247,1.7614602
-0.2252895,-0.7732522,1.0270879,1.1185485
-0.39096773,-0.49299684,-0.46165812,-0.17448962
-0.17405505,-0.25117606,1.550117,0.25045747
-0.08309827,0.93002087,-0.34610277,0.93499136
0.8473061,-1.4756685,0.6574206,-0.7918858
-0.30748817,0.4345577,1.1097939,1.1311922
-0.627916,-0.2735074,-0.5145219,0.1654503
0.72703046,0.023113756,1.1713804,0.70065093
0.47254834,1.0698699,1.6505688,-1.7130972
-0.90214926,1.6037998,1.5932387,-1.5895203
1.4377447,-0.24303669,0.17378083,1.5860957
-1.2715224,-1.3209018,-0.7653997,0.030848917
-0.9420032,1.6056032,-1.4556475,-2.3769975
-0.8857442,0.03451074,2.051566,-1.1267843
1.6114993,0.23811351,0.36856624,2.1332018
1.0609157,-1.1468205,1.6246614,-0.3899866
0.02744566,-0.07376416,1.1364415,0.41498026
-0.26462638,-1.2478731,-0.4030567,0.94496745
-0.9609792,0.29279083,-1.9503639,-0.2998119
-2.0768685,2.7507393,-1.834689,-0.23894396
1.4940974,2.1757617,0.3392097,1.1285095
0.122048594,1.2218858,-1.9037043,-1.0616498
-1.8334148,0.4157578,1.8741057,0.42973888
0.029267302,1.7034972,-2.182943,1.1302712
-0.8268637,-0.58443695,-0.38581893,-1.7324417
-0.62220025,1.1199921,-1.5708741,0.76799434
0.10844925,0.066696025,1.4394389,-2.168967
0.21975012,-1.0242877,0.7663615,-0.47882214
-0.12154024,0.3675352,-0.3979778,1.3415723
1.9244272,-0.41230908,-0.55772394,0.50154346
-0.46930867,0.5151708,-1.1387945,-0.09990672
0.122553214,0.3759927,-1.1606065,-0.61154234
-1.2568442,1.6880563,2.4357636,-0.077635966
1.1426846,-0.5902729,-1.2222894,-0.12090657
0.17417109,0.6828001,1.3923173,-0.17376904
-0.60675055,-0.3821815,2.527063,1.2756863
1.2930998,0.9470403,0.40275624,0.21645132
1.51269,2.248195,1.0541084,0.40769416
2.1131048,-0.5154789,-0.58188665,0.24195638
0.7310665,-1.2179959,-0.7409404,0.19441244
-1.5485164,-0.59476626,-0.64068127,0.6068192
0.20583545,0.5286618,-1.166177,-2.0446978
-1.302084,-0.09088191,-0.48184007,0.009531835
-0.8152663,-1.5009406,1.3680074,-0.12969391
0.30070734,-0.6929231,-0.6601867,0.6664165
-1.5761809,0.25167486,0.8126433,1.2892988
-2.226396,1.5278774,0.33298922,0.051615957
-0.38372728,-0.41844186,0.43708274,-1.1632658
-1.6992452,-0.5039925,-1.168632,-1.3221601
1.2065021,-0.20705101,0.789987,-0.12906858
1.404718,0.014521356,-2.4339397,-0.82148725
-0.13704103,-0.9303691,0.26497856,0.37749186
-0.94794387,0.5923971,0.4421631,-0.5494993
0.4022135,-2.0624175,0.1007611,-0.47156227
1.1436856,2.1025305,-1.2087238,0.29075292
0.5278308,-0.29680526,-0.18456416,0.79266006
-0.2911166,-0.45213807,0.78333426,0.36497286
-0.15561482,-2.4483802,1.3928915,-0.03161005
-1.5646108,-0.07931015,-1.4143078,0.22066315
0.9729061,-1.5197129,0.94051254,0.05861212
1.7179548,2.7209172,-1.3723087,1.2268008
-1.4889047,-1.707852,2.4798691,0.31007504
1.5184623,2.5302067,-0.44261253,-1.4006364
-0.4489815,-1.4839699,0.03620502,-0.9063774
1.7720138,0.15229067,1.419737,-0.4554321
0.42658207,1.0257194,1.2054112,-0.6069876
0.54147136,0.42460972,1.63606,-1.2723532
0.5158127,-1.5145805,0.44324267,-1.3098489
0.5666597,-0.8327415,-0.7105809,0.15199819
0.49452898,0.52270305,-0.22153054,0.0049161552
-1.7836105,-1.3820204,0.4455377,1.56905
-0.3362981,0.13324577,-0.6956677,-0.0037034818
1.1344391,-1.0047591,1.2658967,1.2873628
1.2794029,-0.8405966,-0.93812686,-0.91678023
1.0458903,0.03928346,-0.87736005,-1.2450297
-0.753986,-0.89070475,-0.78800625,-0.98661214
-0.20539534,0.55450356,0.7817952,0.84998465
-0.23849162,-0.7964388,0.8605725,0.25654647
-1.3345274,1.9259571,0.17755552,-0.65841675
1.8702157,-1.2036058,-0.0695525,-1.6600338
0.7772723,0.3927887,-0.2171196,2.1470065
0.5539863,0.69656885,-0.52909,2.0866206
-0.7359141,-0.40951392,0.43017507,-1.4302238
-0.59361327,1.3388473,-0.8059489,2.046073
1.4285002,1.578933,0.5600141,2.4083264
-1.5051048,0.8093152,0.25880295,-0.57290226
-0.337479,-1.2297045,0.7315822,1.46018
1.5353464,0.54339874,-1.0554432,-1.0430019
2.0147064,1.3146236,0.33572397,-0.6481808
-0.42823818,1.3094585,0.086757995,-1.0899988
-0.04908558,-0.2229274,0.031539023,1.2483002
-0.73089033,-0.9741267,-0.63736206,-1.9569802
1.5004632,0.1747494,-0.5740611,1.5735477
2.041365,0.8291534,1.1627625,-2.7995422
-0.45866844,-0.6449175,1.2372013,-0.68735236
0.013056392,-0.7983666,0.5565388,1.130907
0.5373172,0.73395574,1.1647614,-0.54040813
1.1232095,-0.18202841,-0.66049045,1.6016982
-0.0966735,0.071248844,-0.28567305,-0.92188156
-0.5442629,-0.73829055,-0.87239635,0.7323666
-0.2016216,1.188912,0.8677413,-0.6090626
-1.4520843,1.4734683,0.7055191,0.3704001
-1.5524608,-0.9610693,0.76036274,-0.6425413
-0.3919647,0.94860387,-1.2203374,1.2536709
1.2789313,-0.086310804,1.7625562,-0.5655905
-0.586367,0.07248369,-0.7858106,-0.9228048
-0.46363607,-1.9223217,-0.33925894,-1.5597848
-0.75909233,0.678252,-0.17215392,-0.9631763
0.87107396,0.4004086,1.3674301,-1.5433346
1.1161537,1.1277746,1.5991251,-1.2230805
-0.044980414,-1.3250208,0.14218576,2.1963456
-1.1398586,-1.4008163,-0.24222581,0.9504263
-0.53139114,-1.4178798,-0.31106234,0.3110671
-1.882406,-0.28555807,0.2288413,2.00126
-0.1609791,-1.0389246,2.0386236,-1.093034
0.9482119,0.26894566,1.1472622,0.4386911
-0.2085006,-1.1918017,-0.6374157,-0.04069659
0.16631281,0.54650044,2.0525205,0.5671459
-1.3970602,-1.121296,0.51725173,0.45870933
0.74275506,0.6302517,-1.17481,-1.5702899
-2.2464345,1.0584992,-0.8621279,-0.7401168
0.5222363,0.2019305,-0.16860656,-0.9905607
0.06876554,-2.6252003,0.20760486,0.6007489
-1.5523646,-1.0644464,2.4402504,0.028207265
-2.253146,-0.13957466,-0.5932644,1.1066018
-1.1915383,-1.1196024,-0.95830345,1.3862227
1.6296496,-0.020672774,0.62295234,0.29075393
-0.8689078,-1.9325094,0.94418836,-1.7674206
-0.73782694,-0.4498303,-0.28100398,0.7130193
-0.8362528,1.1920264,-0.74713933,-0.07351026
-1.0433493,0.212001,1.2191366,0.4875998
-0.13145068,-0.44260967,-0.07476452,-2.1094942
1.0876341,2.470676,-0.5278101,-0.42826906
0.11276601,1.2719012,0.55456746,-0.041843034
-0.2852844,0.4875234,-1.0813164,2.4841173
-2.151006,-0.31030697,1.0995268,-0.21267845
-1.0876747,0.025409842,0.8222264,0.21007635
-1.3863847,0.4865768,0.0031526561,-0.58507276
-1.657631,-0.3206769,0.26274517,1.7836709
1.278312,0.28843114,-1.5782151,0.9305412
0.64150536,-1.558761,0.8135014,-0.08705653
-0.4456988,-0.0051467665,0.689164,-1.0420066
-1.0414121,0.7181056,2.3946826,-2.9513853
-1.2634264,-1.7490991,0.16861805,-0.90003204
0.8863656,-1.403345,0.2009539,0.20712812
0.6402694,-0.7318112,1.4644008,1.9331636
0.1465517,-0.2603445,0.3266624,0.056171946
2.5987158,1.4499329,1.8257107,0.34838676
-1.437671,-1.5916598,1.9583395,2.0592158
0.8280118,0.27311477,1.2897402,-0.7990711
0.7175241,1.3833979,-0.3087328,0.15540244
1.2274141,-2.4284456,1.7091364,0.2781852
-1.2025464,0.92227197,0.08818992,0.39275408
0.04137651,1.8397921,-0.05222208,0.79136616
-1.5378091,-0.25742593,0.47363192,-1.3598739
0.6983261,-0.70453775,-1.5092932,0.018762935
0.23042506,0.5179825,0.16514139,0.9102777
0.5717215,0.8622333,1.9076453,0.15087174
-0.6606349,-0.7095233,1.922656,-0.25140867
0.3098957,0.32005584,-0.20257144,1.2911782
0.41236427,-1.2167842,0.33318084,-1.8600812
0.84185034,0.97800714,1.2300562,-1.2817755
-0.44880366,2.110433,-0.64147013,-0.7613373
-1.3733195,-1.2168578,0.36562985,0.7685894
-0.5961481,-0.8209664,0.44083366,-0.5967686
1.2169371,-0.18808381,-0.060600217,1.7000406
2.1921592,-1.6214793,1.5813833,-0.36814484
-0.22067803,0.51411873,0.09491206,1.4176265
1.4158331,1.6245646,-0.5563864,-0.0024813386
-0.3084276,0.6575417,1.7838892,-2.389692
-0.16129224,-0.3155897,0.29158175,0.4506371
-0.5162995,1.4873306,-0.6733725,0.680877
0.76479363,1.7149353,0.868593,-1.0738934
-0.8271993,0.8681531,-1.5156547,1.914677
0.8179978,-0.23904623,1.017852,1.1023003
0.76957405,-0.10226847,-0.15606788,1.386275
0.58291066,-0.77399486,-2.4340038,-0.57226354
-0.13543348,0.32281837,-0.97252697,0.1729369
0.26755363,-0.5213957,-0.28616303,0.15440448
0.25295633,0.2068218,0.98684937,-0.07358846
-0.9719798,-1.3265435,-1.6837357,0.1901762
-0.37958664,0.24964476,-1.772124,-1.0431017
1.6497201,0.88112193,-1.8438302,0.06873503
-0.9221876,-1.5455042,2.5215502,1.7002507
-1.1803235,0.2790121,-1.3571988,0.56056714
0.35360715,0.2997984,-0.6183277,2.5394723
1.2816343,1.553781,0.82117516,-1.5015514
-1.6624099,0.01264558,-0.67682713,-0.9894704
2.0183322,-1.3915466,1.6889063,-0.27662227
-0.23588015,0.047975145,0.5135403,-0.99318767
1.5161691,0.53574085,-0.578683,-0.02756588
0.36718512,1.9898629,0.752387,-0.18181264
-0.8470048,0.4152554,1.5258185,-0.23110647
0.42198426,0.6151827,-2.4031003,0.07935335
0.19519916,-0.048041385,1.6020718,0.14378771
-1.3896508,-0.007531419,-1.4798157,-0.4002638
0.97812146,1.2874583,-1.8010815,1.2197882
-0.2066045,0.33574188,0.074759685,0.15836626
0.023431515,-1.0634295,-0.22045456,3.591669
-0.3916613,0.7429378,-1.4582754,-0.2719345
1.0342877,-1.025648,0.90853536,-0.1525174
-0.14612536,-0.94643384,-0.29173648,-1.5999931
-0.3221733,-0.466969,-0.97944707,0.01744046
-1.2464757,-0.55984277,-1.0954043,-1.8323841
-0.87560517,1.0879943,-1.4447985,-2.1419003
1.0191984,-0.8224176,0.13959135,-0.11221072
-1.0223023,-0.42746747,-1.0924248,2.16967
-1.3454317,-0.3266606,-0.7035545,0.12453461
-1.4107099,-1.0869544,-0.5571604,0.30538306
-0.5797813,-1.4500796,0.4713704,-1.8210356
-1.1300722,0.118779324,1.0612723,0.94164777
0.59094614,0.527387,-1.3951756,0.81119126
0.7695194,-0.66326976,-0.9467905,-0.99855876
-1.6618016,0.089622274,0.38322386,-0.36257097
0.10362617,0.4444207,-0.7799988,-0.6106019
-1.420694,2.0601184,-2.2084274,1.2309762
-0.372265,1.3841425,-0.44801208,-0.46016073
-0.69755375,-1.4000305,-1.4143887,1.4856322
0.13909976,1.0894874,-2.9217665,-0.351374
1.8006421,2.8462071,0.57072204,0.3787206
-0.76488805,1.7912045,-0.6842157,0.061119195
-0.69625205,-1.3921278,-0.2728808,-0.7212132
-0.39920932,0.6009547,1.2171512,-0.14546534
1.0605079,-0.91865003,-1.1003174,0.53130573
-0.41114822,0.6440461,-1.5772337,-0.19302271
1.1170374,0.27702826,-0.982201,-0.76369053
0.47314256,0.39455488,-0.41022843,1.5431311
0.5140764,1.4128169,-0.5232772,1.8567996
1.5513028,-0.47892976,-0.7043276,-1.3892419
0.99918157,0.642608,-0.8186826,-0.10889339
0.9701994,-0.1609477,-0.5241877,-0.8409807
-0.7237789,-0.90512025,-0.42932507,-0.9070414
0.86523116,-1.762026,-0.12767036,1.2789751
0.92438644,1.0408577,0.25740948,-0.60705626
0.4625133,-0.85122806,1.4760387,0.833814
0.68072665,-1.4403294,1.6353267,1.0375497
2.026077,0.42869416,-0.2921848,1.6489367
0.3568694,1.5209862,-0.9276935,0.4821223
-0.7388772,0.04107369,-0.32228667,-1.6437055
0.6280073,0.7257572,2.0353866,-0.21048962
0.011121739,-0.38545415,-0.90207136,-0.5315908
1.2073976,-0.35970426,0.91727763,-1.2136346
0.46394584,1.0343335,-2.0644479,1.4118395
-0.48135418,1.6484473,-0.34311423,-1.3929054
-1.2305943,-0.3642099,-0.93682784,-1.7880949
-0.99275523,0.84215266,-1.1381392,-1.9725713
-0.6825013,0.46836194,0.27906734,-0.5161155
-1.5248637,0.058624525,-0.9689201,-1.2566714
-1.6413982,-1.0461946,0.8042779,-0.43923655
-0.369777,0.3739491,0.32568026,0.56321084
-1.0869563,-0.32325953,1.2683992,1.3648674
-0.5485728,-0.482788,0.70607096,-0.8282331
2.103501,-1.1991016,-0.60110784,-2.088517
-0.7062608,-2.0387826,0.077080764,1.2728769
-2.3005826,0.43464154,1.6291878,0.23832174
-0.51415986,2.9189336,1.3864049,-0.14982496
-0.14894536,-1.7618608,1.1483934,-0.2805747
-0.7002536,-0.48805076,-1.6277834,-1.0861284
-0.89943564,0.12872323,-0.4885669,-2.1052656
-0.08937904,-2.6165996,-1.0600321,-0.92021626
-0.3551497,-1.6927164,-1.1629301,-2.814919
-1.7002594,1.161587,-0.5415036,-1.4364561
0.90845025,0.8814982,1.0652307,1.0280284
0.6458668,-0.2441797,0.8046895,0.1676293
-1.3269676,0.51879597,0.93752056,-0.44723716
0.27893993,-1.5016475,0.85337883,-1.5870044
0.93557596,-1.2946631,-0.75552684,0.3971594
-0.33794314,1.4827905,-0.39188316,-0.008669016
0.9006589,-2.306124,-0.55799645,1.3555243
0.12552816,1.3806319,-0.12250477,1.9661219
-0.77870333,-0.20993458,-0.95312047,-1.7616934
-0.23629479,0.8442898,0.22836559,1.068611
0.18514411,0.22368363,0.7343789,2.1907458
-1.7044523,-2.4485624,-0.89395654,0.46492127
1.1073487,-1.7896751,-1.0032007,2.0514352
1.6019471,0.81878054,-1.8838489,-0.009873087
-0.93989676,1.2385274,-1.5312673,-1.272612
0.41152674,1.8594328,-1.0796115,-0.5569308
1.2897555,-1.3143507,-0.66085416,-1.3681445
0.24848384,0.5533382,-1.1768798,-1.0919796
0.9857877,0.03532045,-0.77726424,1.6852694
-0.4120722,1.1825539,-1.6522171,0.22450615
0.6134887,-0.22541471,1.2326669,0.17452991
0.11240579,-2.2529922,-0.016889732,-0.4265654
-2.1107643,0.49244905,0.9299819,1.1167619
-1.5024197,1.1202116,0.58667606,-0.43497357
0.43902543,0.63464916,1.9580075,1.6222534
-1.4872317,1.5069371,1.522935,0.4966617
1.6285405,1.7752584,0.6821975,2.1281466
1.2666229,1.4547389,2.1629074,0.14218873
1.3987017,-1.3028322,-0.8361398,2.186015
-1.5406758,0.04240404,1.3744308,0.43001208
0.10271087,-1.8860917,-1.4210211,-0.9642327
-0.033654615,0.3322666,0.6907073,0.8425221
-0.32867727,1.16642,-0.1658681,-1.5217558
-1.6397921,0.16937633,-1.0345623,0.36795393
0.8296666,-1.6225188,-0.19278851,-0.4947485
-1.0075376,0.7055894,-0.7658026,1.1524718
1.5979196,1.7544264,-0.19915378,0.1980318
-0.9409304,-0.9454936,-0.16087736,-1.3229675
0.07309127,0.2975211,0.32183614,-0.42783448
-1.4477787,1.6454194,-1.3831043,0.35806075
-0.37638012,1.6034579,1.0716041,-1.109275
0.8477875,-0.38164073,0.090911165,1.0850593
0.10603072,-1.2118256,-0.2176234,-1.6248889
-0.08214161,-0.7119812,0.78814304,0.109134495
-1.9950242,-1.6919336,-1.0340276,1.9964024
-1.2479446,1.5366408,3.0127206,0.27426073
0.028942725,2.6389344,-0.8149041,0.35494578
0.8537174,-1.29983,0.18307818,0.074956976
-2.7288318,0.27908581,1.7103922,-0.5046213
1.1327034,1.0685806,0.98924786,0.8090571
1.3246566,0.86710715,-1.3437284,-0.008338029
0.99201155,0.3659808,1.5741016,-2.0680058
-0.6233005,2.1839852,-1.0826628,1.0206623
-0.037578784,0.61908185,-1.2279041,-0.75900066
-0.62794906,0.9948792,-0.42793825,-1.0019939
-0.8646076,0.14901176,-0.44432527,-0.1831807
-1.5928205,0.5081315,1.7262421,-1.297298
0.3614049,0.59498245,1.100072,1.4503692
-0.8863426,0.66530615,0.08330292,-2.1332495
1.9172502,0.7296753,-0.02382963,0.7345842
-0.9511046,0.028048882,0.99157107,0.5836708
-0.5479928,2.1434267,1.3883305,1.9502263
0.42914283,0.8881768,2.3781452,-0.7549102
0.31153622,0.036691755,0.086525984,0.2926851
1.0914338,1.7754885,-1.0016173,-0.76691896
1.1817648,0.29806095,0.7192859,-0.99317855
-1.5093895,0.11960879,0.1562425,-1.1681645
-1.2550153,0.29450634,-0.6335084,-0.41556916
0.19239788,0.544734,-1.0956317,-0.7330346
-0.43100002,0.959526,0.69412947,0.22171804
1.1382047,1.443881,1.7307566,0.5958102
-0.18017828,0.003030808,0.3386552,0.69266737
-1.0430675,0.58835137,-1.4384356,-0.13562264
0.8058522,0.86082786,-1.5396711,-1.0107286
0.79905903,-1.360893,0.70694226,1.4095582
-0.35501063,-0.8655611,-0.03273855,0.10446437
0.45576814,1.4794493,-1.2877548,0.26693574
1.3178126,1.0233825,-1.4430377,0.05105686
-0.6219163,-1.0503625,-0.26379395,1.2768838
-0.72040075,0.45676708,-0.20359579,0.3616181
-0.12532288,-0.68276834,-1.4498953,-0.88641584
-0.7516212,1.3080164,-0.036004838,0.25315344
1.5566224,-0.3292892,0.36416087,-0.7645299
-1.0524211,0.07839221,1.4166576,-0.11714874
1.3876511,-1.4000025,1.5707854,1.1270368
0.9166079,0.70915395,-1.2273413,0.26774648
-0.130886,2.031158,0.35932726,-0.90621424
-1.5830913,-1.4493705,-0.69487965,0.88179976
1.1766763,-1.4386094,0.9641028,0.94177085
-0.71182746,1.7779423,-0.34349045,2.0280669
0.15732819,-1.2332405,0.94205123,-0.33214587
2.0699553,0.46247926,-1.0202789,-1.3757219
-1.6404548,0.8405803,-0.027042132,0.54818857
-2.0129044,1.4612243,0.061900802,0.94617385
-0.9696504,-0.5230206,-0.07752612,1.1260402
0.08811513,0.47125745,0.82500154,0.12932503
-1.6395013,-0.76695454,0.57031006,-0.5297847
-1.9998094,0.55662733,-0.16031942,-1.855837
0.508388,-0.75938255,-0.63673675,0.72515166
0.79416263,-0.09902066,-0.066792466,1.0746777
-0.60914296,0.6669229,-1.3017443,-0.9207399
-0.43498537,-1.8096546,0.6933475,0.34942484
-1.6491704,-1.3097906,0.52828604,-0.4532429
0.15733473,0.19305263,-1.6190108,0.6085507
-0.22764342,-0.29041615,0.5391765,1.1091906
-0.59977716,-0.043739077,-1.3597909,0.0676682
1.3889878,-0.39666998,-0.81344455,-0.55151194
-0.20880152,-1.202084,-1.6742324,-1.5020976
-1.1060354,0.94211924,1.186006,-1.2212238
-0.16576907,1.3093327,-0.30854633,0.5400251
0.0012902264,0.42787248,-1.3214769,0.3905176
-0.2897136,0.26069394,-0.69198984,-0.49350506
0.24417886,0.85734034,-0.16880845,0.49511912
0.36638448,-0.0030539343,0.7093437,1.8239771
0.5370391,-0.82467073,1.7005503,1.1010633
-1.8008575,0.6512542,0.35434738,-1.0107399
0.55561405,0.59264416,1.1387024,-0.12254675
-0.72162855,0.08926814,2.362843,0.70251334
-1.1643653,0.35640228,0.80096585,1.0183083
-0.5187343,0.24065028,-0.031614877,-0.3641469
-1.3825079,-0.68642664,0.16878057,-2.1397855
-1.7776517,-1.6631032,-0.28430703,-0.98684573
-0.029071316,-0.7863351,0.5794962,2.0995822
-0.54004025,-0.42011797,0.7521452,0.19772348
1.8132427,-0.62802637,-2.872998,0.89183515
-1.4786379,-1.0040753,-1.4608654,-0.45061448
0.22045274,0.42774263,0.023083147,1.5822687
-1.0645728,0.81829864,1.6728762,1.1913873
0.04200854,0.061987318,-0.9983415,0.39369425
0.114478506,-0.0037809524,-1.4195044,-0.71303034
-2.541634,-1.7063757,-1.1863217,-0.014722333
-0.464138,-0.82151055,1.0995095,1.3373779
-0.5193198,0.45272076,0.45283765,-0.8112623
0.43710256,1.1574364,-0.47520775,1.7728683
-1.0740513,-0.9702476,1.3984778,1.1750196
0.33641887,1.8189884,0.956907,0.03731298
0.46923482,1.1587411,0.811273,1.2111522
-0.5582107,0.39374873,-0.3062441,-0.6637218
0.19650103,-1.7650846,1.3807971,-0.9249731
0.5490469,1.4174577,0.6206027,-0.16524582
0.7645298,0.92163455,-0.92231905,0.49202225
-0.9873969,0.061940804,-2.468475,-0.42496216
1.6702396,1.1355064,1.1593771,-1.8962264
0.5732784,-0.2561492,2.0988297,-0.53192794
0.7908172,0.47872317,-1.1593463,-0.81738335
0.49317476,-0.8712028,0.10230021,1.624757
-0.15727504,1.3608855,0.44343904,0.09842865
-0.24737824,0.9696537,1.0059215,0.11625261
2.239804,0.3944001,-1.6905558,-0.8175512
-1.6530579,-1.2264848,1.8438294,-0.97837496
0.11451453,0.8693032,1.4761904,-0.5049794
0.9498717,-0.5581581,0.40362018,-0.07509513
-0.2647588,0.35861573,0.5360015,-0.52865803
0.7260509,0.33965734,1.6267024,1.8016167
-1.0496575,0.23582041,-0.7911844,1.4669057
0.12692241,0.54779625,0.5678714,1.014298
-0.85680556,-1.8032902,-0.89003724,-0.7223251
-0.34231004,0.78707755,1.0206892,2.1937675
0.10836792,1.8184656,-0.47158775,-1.0940236
0.95253724,-1.5648674,-1.4989425,1.1779072
0.22687659,-0.54371715,-0.0518364,0.38413993
-0.42703778,-1.7332168,-0.4878578,-1.1482314
-1.0224648,0.5742282,0.77661794,-1.8325924
-1.2874948,-1.7561527,-1.0365863,1.7880534
-0.59771913,-1.3466232,0.25477058,-0.6410482
1.0111516,-0.33039355,-0.7661281,0.088527456
0.9768555,0.93197036,1.6121324,-0.03291081
-1.3143299,-0.5960724,-0.38465977,-0.57999676
0.15539904,-1.5285013,-0.93592,0.53409183
2.2259555,1.6379678,-0.7984967,1.0730026
-0.40195638,-1.2570984,-0.7018933,1.0695677
1.3602014,-0.4698448,0.5387281,0.18381104
0.33300313,0.971414,0.9962965,-1.3908298
-0.23008306,-1.1421186,-1.1983422,-1.1958686
0.57850015,-0.36586666,-0.09941175,-1.1988648
1.2051026,0.8336375,-0.40826926,-0.9055186
1.216231,0.56698483,-0.88092005,-1.3792479
-1.5273485,1.0682744,-0.9024507,1.0942516
0.73608255,-1.8962822,0.60534304,1.7186949
0.12373152,0.9897091,1.1021837,0.88089925
-0.62300265,-0.6194783,-2.6110556,-0.9960681
1.0799228,0.38219517,-1.3597467,1.8807873
-1.849998,0.4352244,-0.1681151,0.1942369
-1.2763135,0.56236136,0.4873986,-0.3193804
-0.862983,-0.81029886,0.89567345,-1.7091577
-0.9029433,0.38493654,0.643259,-0.8519387
1.3693839,1.6951691,-0.08613551,-1.0840111
0.4710054,-0.87509775,-1.831871,-2.7201946
-1.8243498,-0.8724454,-0.7958669,-0.055945754
-1.5563264,-0.84062827,0.55806607,-3.050281
-0.49104682,1.4562447,1.5851111,-1.3752683
-2.7682478,-1.5164679,-0.019346893,1.9722903
-0.47516042,0.6138944,-1.0035294,0.512713
-1.6231061,1.3381594,-0.4439287,1.7084005
1.1322907,-0.11274044,0.7223745,-0.5629778
-1.5317161,-1.7228079,-1.5821166,-0.24594748
-1.6766049,1.5054762,-0.8800053,1.6257857
-0.78080887,1.4787682,0.02468615,1.6929637
0.9076174,0.9175717,1.8225644,1.7369719
0.43906057,-0.7430601,-0.17527568,-0.058378868
-0.3943639,1.2535146,0.18513235,1.0543039
0.36076844,-2.3549232,-2.379809,0.7876375
-0.5621656,-0.7997573,2.2812483,0.11963853
-1.0291836,-0.54610795,-0.21328145,-0.41170084
-0.30457497,0.26412404,-1.2755852,-0.67036134
0.1386822,-0.9797804,-0.5811611,1.5833167
-0.8796862,0.5007256,-1.54771,-1.1692512
-0.329878,1.0303385,-1.269175,-0.4661858
2.0632536,0.13490881,1.5494398,-1.0744408
0.55292636,-1.2231581,-0.50948954,-1.223807
1.1670268,-1.2830722,0.30136845,-0.73674494
0.13892342,-1.0446198,0.40321442,-0.3288345
1.3351713,-1.6615126,0.449976,1.730304
1.0433551,-0.6245122,-1.6536734,-0.8942043
0.599345,-0.8814374,-2.026557,0.6517311
0.4793689,1.0515977,-0.16686353,-0.24700776
0.5029754,0.74185306,-0.012416697,0.63168365
-0.6818661,1.4504739,0.8236298,-0.7150053
1.5031062,-0.47443077,-1.5514109,-1.9486833
-1.155589,-1.3318824,0.7997301,-1.5903672
0.14683384,-0.252782,-0.093341514,1.6928526
0.20633096,-0.2775664,-1.5452932,-0.12932633
-0.5015388,-1.1328089,0.06322236,-2.5307212
-1.3638798,-0.22387302,0.9595551,-2.0541706
-1.3970582,0.55685985,0.20560753,-1.273458
-0.62798625,0.4345659,0.82249206,-0.6868768
-0.557889,1.0627298,0.34617305,-0.35086793
0.3992441,-0.21522889,-0.4609626,-0.8707121
-1.4943147,0.01895294,-0.13127194,-1.022959
-0.7174411,2.161534,-0.49224895,-1.8992418
0.06048825,-0.33731908,0.6689888,0.9655157
-0.09377371,-0.21284145,-1.1608051,-0.62208587
-1.261349,0.8763351,-0.5325269,-0.5962128
0.09968913,2.8269174,-1.1896915,-0.5426584
1.0554758,-0.4050978,1.7085112,1.3882174
-0.030474171,0.47547054,-0.74566734,1.2264539
-1.2686247,-0.7068435,-1.3018494,-0.7492258
0.98367035,0.74047,-0.16577457,-1.2424742
1.9370903,-0.23243427,-0.3863869,-0.09977549
1.6439312,0.4468673,-0.29745272,0.1989435
-0.054327108,-1.8578565,-1.0948027,1.8733915
-1.2000285,0.22447261,-1.5035866,-0.9871787
1.0809708,-1.1388307,-1.8230172,0.4502844
1.1980058,-1.4306136,0.40606844,0.14951205
0.9530117,1.5813748,2.019264,1.0240499
-0.70238745,-0.2126448,0.2088127,-2.0397604
-1.7098696,0.6969368,0.68279207,0.99655807
0.8640088,-1.7240821,1.0972087,-0.72374094
-2.0271828,0.24369009,0.5672573,0.3254663
0.3152268,-0.10150673,-0.2661268,-0.0839349
0.57088655,0.76962835,-0.11012881,1.1005121
0.62974966,-1.9531401,-0.48760107,-1.1127882
1.2924036,-0.91687065,0.5068153,-0.012565158
2.0205474,0.33469567,-1.0393564,-1.8911119
-1.062615,0.5212074,0.59331554,-1.162225
-0.42181656,1.6069247,1.2435616,-1.5179516
-0.98339176,0.60867995,1.3481855,-1.4325094
-0.9152001,-0.72877115,-0.859565,-0.13932058
1.0429397,-0.3702658,-1.0302761,1.5271256
1.2604134,1.1701763,-0.9710774,-0.5389473
-0.36510882,1.1326526,-0.09154036,-1.223067
1.1904017,-0.7149186,0.744332,-1.7651412
-0.010436789,1.3117503,-0.20651041,1.0408677
1.7058938,0.9994512,1.543514,0.46439648
1.9474162,1.0456203,-1.3005294,-0.07748207
0.96431714,0.22448556,-0.19784929,0.4938312
1.4877845,-1.8737389,-0.07620986,1.8459402
1.2627057,-0.9837787,-1.8193555,1.8069137
1.2267815,-1.2671548,-0.21478556,1.1608303
-0.46039313,-0.35078734,-0.3727324,0.9299927
0.43167034,0.20099197,-1.184111,-0.008936207
1.871392,-1.5388231,0.328428,-1.5944283
0.24695954,1.0162871,0.626317,1.6643186
1.093125,-0.016354596,0.79641074,0.8003302
0.031230876,-1.317201,0.37078065,1.417753
-1.9604324,1.1488986,-1.824329,-0.7788654
-0.8594403,1.6575303,0.95711243,-0.8016621
-0.55639786,0.19717532,1.8925627,1.3081586
-0.096373856,0.8597875,0.34487122,1.0236405
-1.1226021,-0.7844279,-1.1554611,-1.4947357
0.13380925,-0.79388195,-1.52072,0.10882739
-0.36745286,0.0160432,-0.22837612,-1.4230214
1.6469183,-0.36129636,-0.51629984,-0.8994401
0.3005124,-1.145847,-1.0935922,-1.293117
-0.28880236,-0.5461587,-1.194094,-0.68176025
0.11365487,-1.3343157,-2.3836215,-1.4479452
0.59018177,-1.0776317,0.8440468,0.200856
1.9466791,-0.20832342,-2.100818,0.24199866
0.85674053,0.4657276,-1.3948408,-1.2350723
-0.48302442,2.466023,0.2665895,-1.3181382
1.6088876,0.75229025,1.8481946,2.3250535
0.84963495,-1.4442725,1.6194105,-1.059068
0.052554324,-0.27323267,0.39411637,-0.458413
-0.63135177,1.0560116,0.70723593,-1.4191439
-0.09822639,-0.32196215,0.659125,-1.2519058
1.0762981,0.9259354,-1.0933124,-1.5103178
0.9052642,-1.1421908,-1.2304807,-1.084539
-0.282096,0.4513734,-1.7452058,-1.0843654
1.9061633,1.7313229,-1.1579266,0.8847345
-1.9287546,-1.4817957,1.2981843,-0.20026666
-0.27223104,-0.5375068,1.1012769,-2.2801497
-0.8107608,3.0989132,-1.3060935,-1.1191669
-1.8937685,-0.5624639,1.3768034,0.32672673
2.4034624,-1.7082372,0.4730973,0.56789017
1.0413256,0.32734087,1.1037276,-1.069998
0.772163,1.0871307,-2.7179804,1.8752902
1.4123837,0.27558273,1.2625643,-0.9139618
-1.6260176,1.2516762,-0.3780716,-1.2888967
-1.040739,0.3863253,-0.14478864,-0.9699329
0.2705604,0.1749531,0.5899189,-0.1213248
0.15812002,0.5413679,2.4800122,1.9381267
-1.6507237,-0.12779734,1.4029112,0.22168264
-1.2325222,1.2302336,-1.5520563,0.39101055
0.81445843,-1.5305723,-1.8791641,-1.0985007
-1.1038095,-0.4528177,0.7782922,-0.18350756
0.036199372,1.5536977,-0.6685774,1.170103
0.94839,-1.0375178,0.055236112,-1.0362308
0.2934706,0.59103346,-1.8039668,0.066309705
0.7424476,-2.6269453,-0.25761375,-0.66582674
1.2697088,-0.9255771,1.2255703,1.152832
-0.4492574,-0.8683599,1.4810526,-1.3370199
-1.7211767,-0.3228749,1.5815486,-0.303646
-0.206808,-0.51333904,0.97360915,-1.0772998
0.78547174,-0.121720865,0.51673496,-0.33446723
-1.7190654,1.7136025,-0.4999698,2.489441
-0.96367615,0.5806072,-0.70658773,-0.47785076
-1.5682435,1.135779,0.23865275,-1.4972098
0.3080304,-0.6402142,0.69399047,-0.5926219
-0.5398295,0.6517999,-0.5535413,-0.22340824
0.3294672,0.17538081,0.49050024,1.4577482
0.5807729,1.3857077,-0.42576942,1.429272
0.18522839,-0.9971572,-0.7982101,-0.878948
-0.6694575,0.45429057,-0.16857341,1.0457343
0.5756831,1.1431856,0.49691743,1.8719481
0.29667705,0.2529104,0.97036254,-0.047854863
-0.4410539,-2.4575603,2.1750154,-1.3845882
0.20254585,0.44871706,1.8985796,1.0103627
-0.86688304,1.2134975,0.8818162,-0.54599744
2.2316904,0.033133723,-0.84406346,2.5952945
-1.7082076,0.12539506,0.9322806,-1.8308761
0.006935341,1.1508129,-0.4397395,0.30939943
-0.12884511,1.2080604,-1.2853785,-0.4258168
1.6322347,1.9248781,0.6574639,-0.10460853
-1.2364073,-1.6662036,0.033589013,0.40788803
-1.6197736,1.3095963,-1.7821819,-0.061591864
-0.7023862,1.2729298,1.0077919,-0.7468319
-0.1374947,-0.08200259,-0.14879766,-0.7092369
0.0067323926,0.81212753,0.6127069,-0.43100372
2.1474967,-0.43779847,0.30622756,-1.1143382
-0.29631436,-0.92036754,0.55318403,-2.359303
0.84858805,0.5306316,-1.4597819,-1.9384062
-1.8487488,-1.7086054,-0.9799217,-0.42939946
0.9637294,-1.1201767,0.64483154,1.0510647
1.7967194,1.8322952,2.2134612,-0.56874704
0.81202865,0.036078103,0.12604433,0.7720506
0.8864226,0.8754941,-1.2736288,0.27401054
2.3700058,0.4929859,0.022668531,-1.6391963
0.7370925,-1.3948729,-0.793354,1.1559231
-0.14844999,-1.7638336,0.38298452,0.5187725
-0.7342993,-0.08764375,-2.4960063,-0.12189947
-0.47984156,0.17599373,2.524972,1.241819
-1.6857486,0.661063,1.6988069,0.662865
-2.7866936,0.9924597,-1.8421354,2.3243482
0.40668422,-0.00727344,-0.45243955,0.10657086
0.3051059,-0.9558199,0.041668423,0.191557
-0.48952556,1.9035757,-0.23396032,-0.97739136
-1.193661,0.30009422,1.2681406,-1.8151717
-0.09253356,0.6194462,-0.79609203,1.7763386
0.4001466,-1.24409,-1.6313368,-0.29651776
-0.27765346,-1.4860749,-0.55367684,-1.4397225
-0.95122236,0.10531283,1.3496188,-0.5894018
-0.61848015,0.6505178,0.5301564,-0.012934222
-1.5834805,0.42604253,2.1289017,-0.6520871
1.2094632,-1.5881981,1.0652031,-0.40954006
-1.967981,0.8345846,-0.4590036,0.15065593
-1.6211408,1.7519392,-0.62261486,0.98234314
1.9361849,-0.4380036,-1.4186422,-0.7114853
-1.3931094,-0.9060404,1.450157,0.756375
1.2326962,-1.5469074,0.4199881,-1.087495
-0.004030964,1.1955329,-0.021874491,-1.8529981
0.56604505,-1.392651,0.22426346,-0.689209
0.7481662,-1.0453825,-0.08810229,-1.5803701
0.19804442,0.09660454,0.10660759,0.8660524
-0.9484263,-2.4069479,0.058569986,-1.0944916
-1.8100145,1.1509475,0.4900558,-0.10416199
2.0498157,-0.14900666,-1.6460521,-0.6419342
0.5816766,0.310483,1.6006997,-1.1422282
-1.1714627,-0.9707074,-0.806261,-0.1097963
-0.62316275,-1.7544161,1.4352409,2.0711148
-0.05706159,1.6382865,-1.0901128,-1.131239
1.2641932,-0.52779424,-0.60548425,0.30591917
0.0502353,0.4551077,0.223347,1.5541791
-1.063496,1.3263429,-0.5436833,1.0553705
0.81020695,0.7169149,0.37335566,0.59840083
-0.40449497,0.066180944,-0.110337034,1.0305235
2.7014906,-1.0383036,0.021297544,0.5980957
-0.86559266,-1.3329715,1.4016901,-0.19122487
0.6842663,1.5178672,0.5004407,-0.8758706
-0.089670345,2.4840808,-0.62304956,-1.4848098
0.19220272,0.134651,0.48590007,0.20269732
1.6137993,0.4217196,-0.16136679,-0.3564441
1.2710075,-1.0489646,0.13688563,-0.65116215
0.74619395,0.6343187,1.6466979,1.1729518
-0.005111493,0.31738132,-1.4847317,-2.0281723
-0.1933214,-0.69020057,0.35146806,-0.65668964
-2.535664,0.53958946,0.30420688,-0.33296266
1.6866807,0.09531156,-1.4390261,0.05216137
-0.49495596,1.6758956,0.20811427,0.7275585
-1.0415918,1.2418622,1.3009607,1.6842343
0.22093502,0.27310428,1.1132816,0.9361422
-1.5021908,1.0784076,0.30891705,-1.9086574
-0.42528316,0.040007405,-0.36049944,-1.4301329
0.5858724,0.4876369,-0.26704976,1.1790042
1.7009604,-0.19279887,1.6302607,0.08490913
-0.94211507,-2.423252,0.5198556,0.793921
2.084796,-0.58209777,0.23353933,-0.68356246
1.7822958,1.4556197,-3.1223032,0.5290544
-0.2139284,-1.5393189,-1.4919646,-2.2378774
-0.43265963,1.4364254,0.30430543,0.79759014
0.6239897,-0.7742632,-0.7788856,1.0494865
-1.1859953,0.6677757,-1.382281,-0.9877996
0.17707802,0.14493085,-1.0552458,-0.68909687
-1.4743953,-1.0576756,0.32599267,0.6919594
1.1533183,0.6769739,0.7164653,1.7550222
-0.26542744,-0.016579133,1.0383792,-1.2819803
1.6291357,0.40468135,0.0906945,-0.30744636
-0.8287876,-2.2870033,-1.5812107,-0.44519106
1.5640268,1.042809,-0.96604496,-1.2972876
0.29736325,-0.13302255,0.34400585,0.49971163
0.100749664,-2.1493719,0.020246306,-1.2796568
-0.26008308,-0.73555773,0.8446362,0.0054199793
-0.47821411,1.2078168,-0.3024623,0.063085936
-1.2082897,-0.51984835,1.1185721,-1.0078423
1.3468517,1.4225901,-0.12573403,-0.06551292
-0.16402565,1.3881763,1.2384436,0.46747977
-0.2712228,0.5985886,1.8738385,0.23043884
0.13667862,0.3743395,1.3913656,-0.6415171
-0.13378471,2.6806374,-0.46438447,-0.035138525
1.054903,1.56552,-0.81446534,-2.2625077
-0.65103686,1.091152,0.14314216,0.063081264
0.6755342,1.4783679,-1.5142397,1.3743331
-1.3930479,0.12228602,1.5859028,-0.5998937
-0.15105957,1.9657001,0.098765746,1.2163298
1.0814087,2.4810128,1.3456292,-0.8643254
-1.3034632,0.28398746,0.86533684,-0.667627
1.6957276,0.47557312,-0.19441523,0.98091626
1.9430457,-0.116946,-0.6453887,-1.1968806
2.8803816,-1.4064697,1.3495995,-0.775461
-1.9343177,-0.25615942,1.260638,-0.11282771
1.095055,-0.4546274,1.3973728,-0.024969522
-1.7698572,-0.77364606,1.0115939,0.34531444
0.33444247,-0.015595141,-0.3267298,1.1754059
0.29785937,0.06811857,0.1975877,-0.3903761
1.6789284,-0.16901971,1.5043738,1.0874575
-1.9843769,0.17509352,-0.5563153,-0.4107666
-0.025826814,-2.6615887,1.2725712,1.0676107
0.8373619,-0.43020967,0.98104066,1.0191952
0.75582814,0.13398738,0.27210882,1.5122882
0.84518504,1.6088984,1.5074668,-0.6755185
1.4519517,0.29956478,-0.922429,0.67772746
-1.2126771,0.837222,0.11878065,1.0152617
-1.8469214,0.29842493,-0.04649439,0.42680869
1.843103,0.5207652,-0.60496664,-1.3038038
1.1536222,-2.367039,-1.5079511,-1.3663759
0.35701028,2.1365685,-1.4235861,-1.1977173
-0.6851955,-0.6910583,0.34507224,-1.0110824
0.36224443,0.7980705,-1.8814656,-1.5361568
-1.3039559,1.2566916,-0.68570435,-0.87016827
0.76003075,0.30394706,1.9080416,-0.87253064
-0.40480536,-0.06422608,0.51952666,2.21295
-1.0362408,-1.4574132,-0.20055987,-0.07637699
-0.94964665,-0.6976127,0.15383667,-0.9737334
1.4105086,0.41184115,0.24573909,2.062318
-2.2438695,1.6356168,0.280284,1.0218529
-0.049531415,-0.05491569,0.12932803,-1.4168317
0.106929705,0.34261736,1.6778774,0.59851223
-0.19595402,1.0097227,0.09182257,-1.8545235
0.86074525,-1.4402851,-0.8185966,-0.12703693
0.9721857,0.73283577,0.7055831,1.9738339
1.8782792,0.26446304,2.4310222,0.42816088
-0.74251556,0.7598963,1.8487191,-1.317117
0.55360657,-0.70726866,-0.8478573,0.031553663
1.3636491,0.4434188,0.58744174,-0.5995774
-0.9041106,-0.70649946,-1.0731452,0.8720167
-0.55213267,-0.20066267,0.48777264,0.6560901
0.44966614,0.25554326,-2.0235932,-1.960232
1.0511535,0.42713818,-0.32290483,-0.10331669
-0.72272474,-1.7896076,1.681822,1.0982236
1.8232139,-1.7060469,1.0133327,-2.6086495
0.9943433,0.17192283,1.4025053,1.0493842
-1.0817324,1.059432,-1.1678401,-1.695102
0.82629985,-0.09844458,0.65973794,-1.1740664
-1.5023334,-1.3580749,-1.1283492,1.1164483
0.8823325,0.5619687,0.5153057,-0.43917328
0.23836596,-0.8985063,1.2879506,-0.56950647
0.60137635,-0.4423096,0.61432934,-0.16117564
-1.8924508,-0.22857535,2.5049214,-0.00044926227
0.64033675,-0.79928637,-0.40959805,0.54838157
-0.2356838,1.6225107,-0.1151645,-0.37802106
0.020487925,0.9097914,0.45750532,1.5373679
-0.38822865,0.29941112,0.38848242,-0.35063878
0.82505506,0.72214943,0.64599043,0.8321105
0.41145432,-0.8528697,-1.6885403,-0.051660825
-0.17175825,-1.3987789,0.50877637,-1.0159754
-0.7608598,0.5121133,0.51899534,0.69280577
-0.68323183,-1.1776322,2.2061093,1.7329329
-0.32108256,1.2993929,-1.3257366,0.07674359
1.145489,0.44550997,-1.4468195,0.25479725
-0.72365075,0.84463006,0.03565831,-0.4619535
0.34215438,1.2891345,-1.1454853,1.2382187
1.1587918,-0.058444068,-1.0192876,-1.6760409
-0.8491026,-0.36088273,0.7329909,0.9905456
2.9225607,0.07605765,0.76163656,0.7838965
-0.19674109,0.8583358,1.4639543,-0.38721427
-0.87336713,-0.91890985,-0.7911355,1.0230292
-0.16103294,0.73599434,-2.2987149,1.638006
-1.241413,-0.72674483,-1.5020509,-1.2084106
1.9765536,-1.3677824,0.61128247,2.0185397
0.9057584,-0.93810654,0.7830749,-0.45001253
-0.8754871,-1.5946195,-1.6319379,0.5907246
-1.0344785,-0.088553764,0.41813844,0.17072795
0.016847044,0.011501214,1.1320364,1.620802
-0.13184838,0.4332302,0.06571437,0.045625146
0.5947479,0.5284241,0.9670217,1.8207369
0.5495351,-0.9851396,-1.0681821,-0.95825726
0.3004897,1.450886,0.3409769,0.61126024
-1.3282075,-1.9745716,-1.9807198,-2.8814714
-0.97102565,-0.09075128,-0.60743165,0.46401042
0.7379952,-1.4131101,0.117115416,1.0205188
-0.98513734,1.1187098,-1.7929053,-0.78751475
-1.1547053,-0.48593935,-0.6067918,1.068466
0.4374106,-0.60480976,-1.9234494,0.19197133
-0.61681205,-1.0221937,0.3778699,0.98801214
2.0892732,-0.2576566,-1.1985072,1.5961694
-1.0518429,1.9740058,0.9035888,0.028825488
-1.1157091,0.9647338,0.79897374,0.9155725
2.0166326,0.66500497,-1.0886662,-0.765853
0.78532094,1.2092116,1.163834,1.2599812
1.3750226,-0.4054913,-0.35372254,0.41187006
0.6456357,-0.8991297,-1.112387,-0.6230224
-1.3800678,-0.39853466,-0.25215897,-1.1746333
-0.6008093,1.9657233,-0.792873,0.10457431
-0.7699082,0.4524094,-0.2739377,-1.8299243
1.6437596,0.68306863,1.1520863,1.0424085
1.1206495,0.52518106,-0.7616973,-0.8888993
0.6813834,-2.905997,1.5452908,-0.12603454
-1.9933721,-0.1974496,0.39074036,-1.6695533
-0.94881755,-0.53593725,-0.7163876,-1.2811728
-0.6096735,-1.4814053,0.29085746,-0.17453879
-0.80165213,0.016909707,-0.979215,-0.78875154
-0.22649166,0.658596,-0.7152056,0.4915772
0.7062074,0.9309198,-0.2584939,0.43055013
-1.2290202,0.885686,-0.45057037,1.699587
-0.7363946,-0.28887814,0.1344028,-1.9127926
1.2389004,1.5119038,-0.13401541,-1.3767271
-1.2441773,0.7097655,0.16385736,-0.9247911
-0.019193517,1.897956,-0.49070996,-1.3230256
-0.76085573,0.47319776,1.5589954,0.6126756
-0.2932122,-0.40098196,-0.8286618,1.0753891
2.0651453,2.1743343,-2.1355598,-0.45533866
-0.59460086,0.4262641,-0.34839153,-0.03420935
0.469146,0.43267527,0.27465042,1.4598386
1.3032355,-0.76286656,0.17446126,-1.3966211
-0.15043509,-0.6794648,-0.21711442,0.6457911
-1.4511067,1.1269855,0.0135427825,-1.220562
0.15992671,0.44808096,-1.1569198,1.55804
-0.64829767,0.9728995,-0.19910315,0.770306
-0.9866759,-1.8422087,0.42559516,-0.63598347
-0.24996224,-0.89019066,2.0903862,0.28524858
-0.9621956,-0.1417023,-0.957867,-0.5719142
1.319207,-0.19603279,-0.7772864,0.64776367
0.89813477,0.7299478,1.7291464,-0.80075216
-2.24737,0.9448023,-1.387995,0.12368475
0.9702645,-0.3841331,0.3495722,-1.76581
-1.4345397,1.2345705,1.9015874,-0.8224952
-0.5928751,1.8200415,0.5965589,-0.9591539
-0.7841623,-0.13390523,0.3907944,-0.77248454
-0.773371,1.3995687,0.9769127,0.113923036
1.4890143,1.6533726,-0.47785804,0.47538635
-1.1547414,-0.9600696,-0.13275672,2.2493224
0.16425255,0.15894666,0.19972953,-0.27296844
1.3728241,-1.1426258,-1.8353181,-1.8302232
-1.1021165,-0.5838657,-1.3239012,1.3850284
-0.060999934,0.7546036,0.16431902,-1.6266508
-0.038480084,-1.6473488,2.2664099,-0.48911127
-0.643457,-0.5354115,0.9010014,2.681989
0.8922028,-0.055925217,0.047423102,0.68436956
0.6326121,-1.5824198,-0.6463117,-0.5377089
1.9600574,-1.7715925,-0.3788228,0.81769776
1.5123242,-1.8221343,1.6040407,1.3797269
-1.7213929,0.3273249,0.4929682,-0.04485706
-0.7664148,0.39541876,-0.060370073,0.24909475
-0.8605728,0.4100822,0.84760106,0.2761886
0.3714152,-0.5862643,0.54192483,-2.1772935
0.8748222,0.3314648,0.8356153,-0.4372981
-1.8467344,0.08868996,0.5942975,-0.67989045
-1.9582239,-0.96233296,-1.4040408,-2.3105907
1.0025456,1.7583635,-0.06379325,-0.35658157
-0.5089192,-0.97484356,-1.1363562,-0.4061966
-0.14553109,-0.062202733,0.776026,-1.217585
1.6043674,1.2805142,0.06958653,1.8901119
2.1189835,-0.0042674975,0.8259221,-1.2950834
0.29246092,-1.5577145,-0.111107536,0.2942219
-0.63145596,-1.5493773,-1.0734638,-0.30314633
0.46866035,-0.1694218,0.9139227,-0.38261497
0.3287133,0.4489682,-2.4102387,1.33523
0.5568857,-0.48317528,-0.6695171,1.2025623
-0.9078758,-0.26069188,-0.7883322,-1.3492802
1.084621,-1.5459886,-1.149947,0.20331782
1.6444088,-0.231024,-0.88844126,0.46469116
-1.5275239,0.9657823,0.8374755,-0.013445311
0.41504645,0.26565674,1.0366666,-0.41957867
1.2465374,-0.17255875,-0.68973696,0.035374075
1.1268417,-0.35740596,-0.349995,-0.18281816
0.86187357,-0.061186638,-0.3758446,0.89999145
1.1891726,-0.6965661,-0.28350636,-0.98052675
-1.0430471,0.07213646,-0.47825533,-2.4351513
0.42213786,-0.5764942,0.0049771653,0.4622929
0.4571625,1.6069328,-1.2180785,0.21735035
0.29844558,0.5725993,0.6845038,1.130337
-1.0884548,0.42840415,0.6502319,1.5480919
-0.5404165,2.0373244,-1.6845778,0.8319855
-1.2069217,-0.7634427,-1.0132785,0.9593779
1.1641036,0.16728526,-1.4183525,-0.29485145
0.58282554,-1.8811561,-0.08786774,0.25842685
0.38519508,-0.66017056,1.3756547,-0.024262689
-1.9946615,-1.0167755,-1.4981047,-1.2201647
1.6907461,-2.1377919,-2.0214715,-0.34030983
1.0536106,-0.34784466,-0.06442227,-0.63137984
0.95918864,-1.5981348,0.042170405,0.38541117
-1.3558455,1.9046305,-0.7466261,-1.1773558
0.24806733,-0.29651603,1.5807664,-0.6151294
-0.48526898,-0.2267982,-1.4313325,0.20933716
1.7870756,1.6226057,0.21581614,-1.6116579
1.3264147,2.1260865,-0.03384581,1.1813947
-1.2478559,-0.47879106,-1.8833551,-0.93636173
-1.2518845,0.126961,1.5787772,-0.48786977
-0.98328364,-1.183635,-1.0022581,0.09607352
0.44490612,1.8156067,-0.73772407,-0.03241817
2.1684082,-0.5582709,0.30935052,-1.0854057
1.5095805,0.9348992,1.4291025,1.2348506
0.052490752,2.0271192,0.7367206,-1.0134485
0.88742656,1.3614246,0.8315804,1.1669849
1.8691455,-2.3358638,-2.0515804,-0.49820924
-1.1408397,1.5419914,1.1316372,-0.23955171
-0.61765456,1.0421641,0.093597285,0.739817
-1.1548363,1.1617364,2.1962442,-1.0969312
0.1288035,-0.3607416,-0.98226565,-1.8991948
-2.1140816,-1.6492698,-1.1893486,-0.9993513
-0.17157179,2.3429265,-1.1572697,1.3527368
2.245873,-1.4069021,-0.008336797,0.8184638
-0.91705406,-1.038827,0.22543828,0.720803
-1.5892043,-0.73478526,-0.29577735,1.5684687
0.22401723,-0.62504834,-1.5358864,0.5961577
-0.643148,0.21947193,-0.39154813,-0.81773794
-0.6293139,0.30934104,0.74521035,0.37726927
1.5206863,1.0902747,-0.4615413,-1.3469992
1.2417997,-0.733217,0.18814962,-0.09337542
-0.20340915,1.6786971,1.3383586,-0.04749909
-1.2256126,0.9301157,0.38739172,-1.0328526
0.47652072,-0.36998266,-1.4165488,1.6734354
-0.9549231,0.41770184,-0.7373733,-0.80428904
1.2073905,0.92279166,-0.47283977,1.5492483
-0.91825724,-0.8475907,2.2404013,-0.13965078
-0.562574,-0.63238615,0.7128822,-0.45280987
0.8702788,-0.40437222,0.7285026,0.36719936
0.44670126,0.4050023,0.810542,-0.43226844
0.48845622,0.8320475,-0.3749463,1.524209
-0.5851665,0.7577955,1.3527946,-1.2280867
0.7942652,-0.24817823,0.97515106,0.72669375
0.28447008,-1.1241193,0.4166225,-0.07424369
-0.74687314,1.8839563,1.7034143,-0.08163695
1.1528257,1.0092083,-0.29757664,1.0221219
-0.41311494,-0.36051312,1.2852529,-1.3079191
-0.5725775,1.2356247,0.673851,0.19519587
0.057778463,-0.4697115,3.459052,0.29269487
0.070368096,-1.2662923,1.2828858,-0.109958336
-1.3008413,0.53472424,-0.23545542,1.8406434
0.5260342,2.235386,0.01768109,-1.3147405
-0.36562645,0.40673256,0.7386469,-1.3190826
0.9762428,0.3651808,0.7680268,-0.73565435
-0.16458325,-0.5389028,1.7801473,0.8275506
0.31935716,-0.64332277,-1.6349978,-1.2492652
0.38508353,0.64137167,-0.6693014,1.0194074
-0.4572465,2.0050557,1.1010168,0.2144446
-0.83070505,1.2772588,-0.59937406,-1.0416385
-1.1431289,0.20317653,1.6160004,-0.9184543
-1.6722646,0.31271255,-1.0181702,-0.61089694
-1.6687665,-0.5318402,-1.0865617,-1.2992254
0.61805326,0.2723527,-0.7259756,-0.31753242
-0.76623785,0.59780747,-0.8819257,1.5597289
0.52346843,-0.9816148,-0.8089014,0.7105036
0.38951647,0.8738092,-1.182925,-0.43751013
-0.42678753,-0.9479468,-1.5944704,-1.1201525
1.1549231,-0.85415995,-0.714286,0.97566736
1.7108223,-0.63582325,-0.141755,-0.5015309
-0.8558169,0.97060245,-0.37705263,0.5523165
1.6233846,-0.4121196,-0.35130978,1.0539448
-0.007049114,0.6191148,1.2347014,0.2356985
1.8111448,-0.95551586,-0.89998174,0.7381185
0.501548,-0.15365168,-0.41036725,0.46271816
1.8609644,-0.83197844,-0.37710878,-0.4884832
-0.8060472,0.17639667,-0.9139978,0.27469215
-0.45737386,-0.53529274,0.9480475,1.2624427
-1.3624173,-0.15557131,-1.3770823,1.0528673
-0.5334903,0.8071996,-1.0044097,-0.5202344
1.0643934,0.49463874,-1.2302027,-0.50231475
-1.389209,0.7690221,-1.0895112,0.8486734
1.3671578,1.9047512,1.4277717,-0.6032353
0.7665916,-0.33914423,0.55251485,0.06722459
-1.4343421,1.464419,0.80934256,0.27575672
0.859657,0.19143896,0.4168836,-0.5726161
1.1419222,-0.30351105,-1.6314752,-1.2320476
-0.107104555,-0.8977288,1.485367,1.0714598
0.27961957,1.5868433,-1.7034591,-0.9389855
-0.45447806,0.07972843,-0.5441743,-0.5459827
1.5189416,0.66296136,-1.0169821,-1.876355
-1.2835078,1.559997,-1.8307621,0.120828964
0.8283133,2.718229,1.6203583,0.7508153
0.10184504,-1.4661275,1.1941639,-0.28096417
-0.7367685,1.0333458,-1.8797699,-1.1106224
0.8808482,-0.039442267,-1.7012922,0.6847531
0.6120598,-2.499641,-1.0750747,-0.4895251
-1.0852417,-0.5275995,-1.3287214,1.1049447
1.3526907,-1.303339,-0.5014628,-0.1541478
1.4647202,0.04140673,0.17348473,-1.2627025
1.1485281,1.4881876,-2.2099538,1.6788517
-0.5660544,-2.7308412,1.7350631,0.36030126
-0.89627934,-1.2960852,1.4193412,-1.5612639
0.017952712,-1.5035212,-0.49054205,-0.07996578
1.1314071,-1.2817723,0.81954116,-0.6061983
0.41881695,1.7863896,-0.03218294,1.5667847
1.0017338,-0.23372315,0.91986126,0.058491815
1.233607,-0.23506916,0.026850676,3.0572493
0.90445316,-0.0662442,-1.0983018,-0.68944097
-0.6407293,1.3357217,-0.77828836,0.05702481
-0.8226473,-0.76234126,0.7723928,0.6973216
-0.54139143,0.87185425,-0.8861896,-2.2353249
-0.78099114,0.13625346,-1.1680009,1.1009291
0.6870324,-0.24498715,0.71492845,-0.26237386
-1.5627544,-0.22388698,0.6442324,0.25600287
2.844374,-0.3562553,-0.23531003,-0.56147665
0.39812946,1.3247974,-1.3949411,0.3923383
1.0921901,2.2198803,-0.784621,-1.5411465
-1.7417818,-0.8939416,-1.6020952,0.2717814
1.0303748,-0.2833757,0.55421305,0.41718298
0.4998448,1.0124445,0.2294823,0.82095367
0.3571257,-1.8805547,0.6004621,0.39787248
-1.6568731,0.71058565,1.1866797,-1.6878072
-0.7342116,1.1348408,1.233429,0.34797555
-1.0635673,-1.5346318,-2.1114185,0.60642236
-0.1401641,1.2634478,-0.0014790884,-0.08728709
1.8196367,-0.20662667,-0.7502213,-1.404827
-0.90092075,1.1504698,0.48831263,-0.7674888
0.5087095,1.0129281,1.2598969,-0.3690307
1.4615691,1.5254484,0.41729128,-1.6024297
-1.2441179,-0.5968714,0.19478732,-0.5102127
-0.46894056,0.75651085,2.1258388,1.1877946
0.4804565,-0.9680886,0.5135561,0.7142634
-1.2938503,0.2297577,-0.72037977,0.7292485
-2.1574996,-1.3098834,-1.1200558,-1.3821023
0.15879038,-0.89662284,-1.4600738,-1.3553598
-0.49899068,-0.7375266,1.5326086,-0.8760183
1.796909,-0.35329187,0.847558,0.9677433
-0.8020858,1.2342515,1.2338663,-1.7329452
0.6485926,-0.19390412,1.1979773,0.08166568
-0.42614362,1.0867264,0.23827447,-1.9195122
-0.4623163,0.6479904,0.8983885,0.58423567
0.4468082,1.9910687,-1.987664,-0.3584031
-3.1167586,0.2566902,1.1138427,0.57362366
0.64368486,0.14029028,-0.74319065,-1.0929879
-1.1829083,-1.1722538,1.2542197,1.5711925
-1.1368978,-0.08385486,-0.005388496,0.579125
0.7384899,0.7890179,-0.21089715,-0.3749565
-1.1074747,-0.9996447,-0.9171684,-0.42909202
0.57362527,-2.008697,0.091947846,1.056636
-0.6860441,-0.39973795,-0.19440348,0.14065334
1.420534,0.21957853,0.2967855,1.8088294
2.9838364,-0.54151994,0.6469183,0.73894995
-0.07851185,-0.232119,1.1920276,-2.3009462
-0.6472486,-0.4446517,-0.834539,-0.23654638
0.0514308,-0.055084687,0.8079066,0.04695025
-0.62081534,-0.95569766,-1.8967074,1.9512509
0.8788727,-0.6157265,-0.78803426,-0.360209
0.75611603,1.2861066,0.28156942,1.1585609
-1.0052106,-0.71531254,-1.0068216,-0.051613327
-0.64056665,-0.331389,0.61513954,-0.24777628
0.28140092,0.2995324,0.8001639,0.15435717
-1.7800057,-0.42618543,-1.302612,-0.22169127
1.760597,-0.38817403,-0.7767457,0.23686606
-1.231341,0.01736475,-1.0833181,-0.2305753
0.72968054,-1.7810758,0.1937814,-0.7315375
-0.12215317,2.4770544,0.3711351,0.26609915
-0.49596936,-0.8856541,-0.9278027,2.0377738
-0.107270755,-0.34381646,-2.3238518,-0.40437463
1.5055602,0.59303945,0.10395053,-0.20886287
-0.7051402,-0.48949555,-0.1130381,0.5413935
0.33142802,1.3850199,-0.78432184,-0.5779714
1.5050049,-0.97190094,0.40169904,-1.1646191
0.45255068,2.1866868,-1.2305322,-0.27937317
1.5124698,-0.7116011,0.4659854,-0.18709192
1.5432037,0.5751358,0.83960444,0.031370055
0.8898809,0.42820787,-0.21658951,1.6602991
-1.6752175,0.72904253,0.80175394,-0.06289518
-0.48185813,-1.3355623,0.0338989,0.92675465
-0.34553173,-0.308071,1.7307813,-1.2193274
0.49746192,-1.3514968,0.73195654,-0.6639939
0.3792028,1.210757,1.0461227,2.1031759
0.8178708,2.1233623,1.6051294,-0.40826184
-1.1940128,-0.24221624,1.0777297,-1.1442367
-1.4969876,-0.3780077,-0.6733831,1.0187234
-1.4343201,1.5081142,1.15818,1.1290803
0.6844813,0.97145754,1.424745,-1.278206
0.21913585,0.9912443,0.37626028,-0.7461971
-0.1658075,1.351916,0.7770519,-0.62898004
0.72151977,-1.3178409,0.25568768,0.94893616
0.5372702,1.0193151,-0.37579635,1.1687149
0.15548854,-0.67729425,1.0812159,-2.0727494
0.6407182,-0.47372946,0.9455448,1.001648
-0.94806176,0.45659018,0.96144444,-1.0044096
-0.18325625,-1.8235816,0.5124372,-1.7146721
0.5681894,1.9089161,1.4860728,-0.2639176
1.7315972,0.5678297,-0.34371373,1.1067337
-0.6244506,0.92960286,-0.21608968,0.72549075
1.1809255,1.0460061,0.96296775,0.45345256
0.7244893,-1.0219159,0.2517368,-0.045072775
-0.7514714,0.041854337,0.89339197,0.5087787
2.0568438,-1.0325565,0.95192367,-1.1316135
0.20490089,-2.1989815,1.8183864,-0.21979429
-0.28581274,0.6204591,-0.7106295,-0.42729288
2.3407917,-0.913326,0.49904552,0.5380863
-0.5968988,-0.28393963,0.055449333,1.479668
1.4312465,-2.2619576,-0.07834815,1.7588379
-0.30190742,-0.8492146,1.4973097,-1.4120846
0.23686703,0.77275276,0.367616,-0.36723924
0.47440928,-1.0846854,0.17232147,-0.2884374
2.09283,-0.1451909,-1.49502,-0.38862687
1.0221512,1.0332009,0.9453902,-1.2136575
0.08922961,0.068485655,-0.7070325,-1.2657849
1.5314882,-0.30250078,1.1674563,0.85263556
-0.5492754,2.0828998,-1.8893173,-0.4257548
1.1853373,-1.6141425,1.1014327,-0.8570337
-0.15000346,1.9250764,-0.50911105,-0.26623824
-0.67461264,-0.73180413,0.19462813,-1.9043503
-0.64096165,2.6044178,-1.7718283,-2.1450546
0.6900416,-0.38231766,0.66080123,-0.27396077
-0.9611518,-0.9912489,0.36903718,1.8428024
0.04618611,0.21608272,0.28351498,-2.5488245
-1.2343262,-0.12544742,0.6575109,0.06626432
-0.89515424,-1.3859453,1.1627061,-1.4999025
-0.23410401,-0.11621374,-2.4712546,-0.6197769
0.671825,1.0654954,-0.99289286,-0.4642064
-0.60727197,0.44351792,2.346876,-1.20994
1.7813498,1.1013025,0.66390544,0.61763984
-0.6473777,-0.33228034,0.8498566,0.60156447
0.68265355,-1.6554365,-2.1229863,1.991907
-0.6267103,-0.8787453,-0.8165397,0.30860925
-0.05497101,-1.2693064,0.17564754,1.858437
-1.3734636,1.1453052,-0.12744285,1.5068719
-1.5303646,-0.8057611,1.0085596,0.0034551919
-0.21045767,-0.4458626,2.1169622,0.19795544
-1.5476137,-1.4828497,0.85417545,-0.2840204
1.4944422,0.5595324,-2.4487085,0.31690106
-0.4661249,2.1933038,-1.3454505,0.05335608
0.53069127,-0.93720865,-1.0352024,0.76307344
-0.93366134,-1.0012538,1.8981271,1.0726022
-0.17391264,1.073541,-0.8601042,0.26636434
0.04816528,1.0998838,-0.13341197,-1.630162
0.3806751,-0.32483786,-0.7102802,1.2442431
0.25088716,0.7650952,-1.9353561,-1.2867965
-0.3654353,-1.3140236,-1.5022756,-0.3683768
-1.2410846,0.5407135,-0.21967779,-1.4610398
0.9057689,0.22563682,0.33413568,-0.8641609
2.2202568,-1.2326187,-0.32890764,0.85595757
-1.6490997,1.402202,-0.0052884296,-1.4561678
1.859432,0.6849521,0.562861,-0.5912614
-2.3846724,0.63144535,0.5526544,0.826322
-1.3333627,-1.5292599,-1.0889599,0.8183821
1.3044088,1.6395162,1.2877663,0.15062787
-0.0664832,-0.86847925,-1.5834746,-2.306954
-0.3770351,2.100056,-1.7913132,0.72630054
-0.3248419,-1.0837529,-0.8460843,-0.8948095
-0.19670957,0.39512613,0.523964,-0.8636585
-0.99646163,-1.4373574,0.008693567,0.501463
-1.1468267,1.4701523,-0.64218247,-1.8482536
-0.82028985,-0.34656918,-0.12341515,2.2506375
1.9299307,1.2327698,-1.2963846,0.19888249
-2.5911596,1.150639,-0.9065184,-0.16940121
1.1448238,1.3625675,-1.1240855,1.1359587
1.012371,-0.53952885,-1.706969,1.410894
0.26570278,-1.0502958,-0.87448436,-0.19863491
-0.51689106,0.4211386,-0.93617463,0.84443486
-0.27381235,-1.090475,2.1248906,-0.28202388
0.020674963,-0.61527336,1.4465685,-1.1307808
-0.30232772,-1.0720136,-1.3941122,1.3194449
1.6394615,-0.51720554,-0.17973715,-1.8786912
-0.258557,-2.019467,1.0588367,-0.49371237
0.16585775,1.7618241,1.292921,-0.6601446
-0.92909354,0.43093517,-0.86443543,0.25732586
-1.1266437,0.8041685,-0.543336,-2.2124293
-1.0178713,1.6881982,0.46195558,-1.3096938
-0.9668082,0.31445462,-0.4892624,-0.77029157
-0.65214086,-0.34209663,0.48992276,-0.053834148
-1.8032823,-0.17162135,0.31372446,0.90111727
-1.0484556,-1.6343087,-1.5058944,-1.692011
0.3735763,-2.0563262,-0.0035109497,0.06828214
0.50712717,1.1264052,-0.462783,-0.6999484
-0.21266407,0.62263066,0.5583071,1.2395207
1.8078207,1.749685,-0.86261225,-0.6439727
-0.16421017,1.3070704,-0.6257762,1.1680341
1.7065513,0.759579,1.842827,-0.11309677
-1.5030315,0.9910652,-1.2212144,1.3992716
-1.5405527,-0.21176971,-0.7685197,-1.6189972
-0.5714255,2.0147805,-0.7384769,-0.8161903
1.6010069,-0.070530385,0.5938886,-1.2809688
0.21215248,-1.7522311,1.4852473,2.2308712
-1.2568982,1.7618293,2.158288,-2.3556027
0.28277358,-0.89605665,0.96708924,-1.22413
-0.5019537,-1.8506227,-0.88072217,0.21673895
-0.0966411,-0.43413383,-1.342054,-2.140837
0.3226128,1.3556492,1.2107443,-1.0306499
1.524532,-1.3445145,-0.3220303,1.1774652
-1.6829513,-0.392625,0.1268637,-0.909433
1.6908944,-0.3724715,-0.10455699,0.19509159
-1.3645762,1.334078,-1.201165,-0.9670846
2.052307,1.560162,0.78016627,-1.1715629
-1.8769025,1.0264587,0.054851927,-1.3392485
-0.7250088,-1.5565214,-1.4721735,1.7088637
-1.6374522,0.9726722,-0.64535666,-0.895136
1.5413367,-0.44582623,0.3998153,0.16792239
-0.29278174,1.53528,-0.42741868,0.32084313
-0.10877907,-0.9471994,-0.3531284,0.4793562
1.630171,-1.0419587,-0.37309983,-0.46370107
-1.2543663,0.0704797,0.31035843,-0.026025325
0.66084665,-0.8632691,-1.3917844,0.2678459
1.4431435,0.26585352,-2.0512388,0.23729299
-0.32180655,1.3935249,-0.89559793,-1.4379511
-1.187029,-1.5173168,1.0759956,0.9999205
-0.5986751,-0.26677316,-0.11413599,-0.78102916
1.1646093,1.5600433,-0.7406662,0.13724686
-0.75802624,2.765747,-0.7389983,-1.8351038
0.4939318,-0.49298498,-1.1928923,-0.54608756
-1.8326286,1.0850968,-0.31630585,-0.08348989
-0.25240195,-0.85466105,0.35543025,-0.9919046
-0.5535017,0.82591105,0.26376152,1.0491687
0.42198196,0.32665214,0.5320983,0.030502034
0.6887673,0.4671633,1.2499323,-1.8589054
1.359642,-0.46037874,1.5824505,1.4900991
-0.53399193,-0.43818003,-0.16572227,0.81201786
1.5802388,-1.6066549,-0.35889813,0.13519242
-0.29637456,0.61185896,0.9978901,-0.6033144
0.93982345,-1.5837076,-0.79694605,1.1848983
-1.4696385,-0.46847418,-0.6123764,-0.73721623
0.791845,-0.052942693,0.24068119,-1.0631365
-0.68367624,1.1862049,0.5154054,-0.8478882
-2.0155852,0.9482831,1.744504,-1.6154077
1.0613875,1.5040671,-0.16529846,-0.05180115
-0.83122253,-1.367383,-0.3651195,-0.05172272
0.25081748,1.0686553,-0.23350073,0.50429803
0.2718931,-1.2718658,-1.2770526,1.0697575
1.1603124,-0.8891954,-1.1650387,1.2357097
-1.5169375,1.8040599,0.8572701,0.33717117
-1.9485838,1.3524265,-0.43925908,0.5760333
-0.8379321,-0.06252209,0.8380389,-0.16633783
1.4609089,0.7527941,-0.71538675,1.6054995
-0.8337314,0.9381339,-1.8108983,0.58982354
1.632311,-0.6363785,-1.9558887,-0.34887958
-0.19355911,1.2198938,0.64910096,-0.3125579
0.46473166,1.1066837,0.9534375,0.3655776
-1.0599283,-1.1450546,1.9595636,-0.2972881
0.38141054,1.5550901,-0.16304718,-2.0296779
0.0023403196,-0.75411737,-0.022848198,0.07845461
1.0342983,0.5654198,1.2840226,0.54701227
-1.2385939,-0.91934204,1.4935967,-1.1370684
0.021672323,1.3738687,0.004177561,-0.44163993
-0.5681807,-1.2335538,-1.1370918,-0.5503013
-0.7404503,-2.2453485,0.68418646,1.6805931
-0.32033148,1.1978009,0.36438513,-0.10423621
-0.5813796,-1.064669,0.4519995,0.27773362
-0.04536017,-0.7568999,0.74293846,-0.093554415
-0.91022485,0.17852366,0.8525848,0.6771716
0.30525586,0.061441727,-0.36075106,0.85697716
-1.1972427,-0.99917585,-0.51595265,-0.9521501
-0.97083354,-2.2222416,-1.7621258,0.080732435
1.3701627,-0.5546489,1.5151055,-1.2796073
-1.1144334,-0.46990958,0.3210489,-0.111241125
0.48561168,0.783925,-0.9944692,0.60317475
2.123256,-0.96526533,-0.42173135,0.76942885
-0.8166869,0.019327769,1.182348,0.44028392
1.1101689,0.9426582,0.012857811,-0.9556064
0.8847178,0.53017205,-0.52778935,-0.5385702
2.667229,0.31009734,1.0737076,-0.5560377
-0.10165656,1.1846783,0.11714955,-1.0686164
1.278313,0.36544174,-0.65346724,1.6005695
0.0661836,-1.8456538,-0.3901506,-0.12632823
-0.046384998,1.9199052,1.0701175,-0.04608142
-1.1960961,1.6987686,-0.62996805,-1.5456473
1.010432,1.4069921,1.3021166,-0.40368614
0.5893675,1.1760234,-0.08243333,-0.55574036
0.544463,-1.440293,1.1878374,0.7332101
1.0130364,0.7818629,-0.3364476,-0.48982576
0.39512822,1.5129708,0.16665848,-1.7492894
-2.0360003,-0.43353945,-1.1659805,1.734963
-1.2407767,-1.066381,1.1293749,0.26716036
-2.169262,1.3238614,-2.4932911,-1.3613477
-0.6627131,1.4496517,-1.1557038,0.34230736
0.13382533,1.0061288,1.3515302,1.4386306
-1.364474,-1.8227279,1.6693976,-1.2960377
-1.1983855,-0.92892313,-1.020548,0.15838654
0.19957541,-1.6109153,-1.2868214,1.4291857
-1.0543169,-0.39231914,1.3225218,-0.18758535
1.4197692,-1.0816935,-0.817276,-0.22851342
0.97737074,-0.070062585,-2.2391355,-0.24795477
0.41892415,-0.3888586,-0.61527616,1.1255901
0.8206481,-0.8549312,2.4900618,-0.6767572
-0.85454124,0.9139079,0.20643885,-0.32804546
-0.1262981,0.96409816,0.8122729,-2.265815
0.20421694,-2.7806523,2.1662443,-0.38163772
-0.2102161,1.7434505,-2.2142823,-0.14399073
-1.0269343,0.03422005,-2.1955745,-0.4433696
-1.6162435,0.5583594,-1.4012027,0.7951415
-1.6037472,-1.2326758,-1.5278536,0.32898432
-1.8892882,0.5968537,1.7811711,-0.22944067
-0.94248873,-0.90767765,-2.579238,0.4739444
0.0917931,0.12883446,-1.3015146,0.75002694
-0.19734177,0.5639477,-0.15317163,-1.0707842
1.4583602,1.2310877,1.6520787,0.20965238
0.2911851,0.6694445,1.4030361,0.16047536
0.05672392,0.8740306,-0.94851667,1.3476104
-1.1572632,1.9804603,-1.0589542,-0.9117578
1.1814244,0.6265274,0.020930115,1.7903876
-1.6886275,-1.936923,-0.29287964,0.15521826
0.43300793,-1.1033648,0.8115603,-0.9476284
0.10947947,-0.8358326,-1.2126321,-0.6925728
-1.5687747,-1.0747802,1.3336115,1.6162511
-1.7560453,-1.4232646,0.077876255,2.5387275
-2.1872985,-0.22414383,0.6723573,0.8434823
-0.38148952,0.049628828,-1.0647651,0.5235957
1.3469732,-0.9455854,0.56126815,-0.4777855
-1.8666215,0.4603185,0.5147624,-0.71767545
0.03497175,0.22955659,-1.1294796,-0.107170336
0.5948732,1.537375,1.0169294,0.09813468
-0.8131706,-1.2279284,1.963118,-0.6677467
-0.3939249,-0.07833551,-0.72226065,0.0116034085
-1.5356864,1.1985064,-0.35472512,-1.6478529
-0.13545536,-0.666682,-0.79133755,1.9451164
-0.95125693,-0.89761436,0.19555797,-1.2014359
-1.7107736,0.3711735,-0.043629788,-1.4767983
-0.5619409,-1.4416773,1.7920744,0.5782154
-1.2159817,-0.58099484,-0.32808492,-0.66165674
1.1079829,-0.10517986,-0.8720747,0.84851676
1.9456824,0.7456779,1.2206745,0.49773836
-0.7514055,1.5789409,-0.25075623,1.8977041
-1.9970357,1.8713871,-0.27515036,1.4060341
-1.1314894,1.3697282,-0.49698478,-1.3811204
-0.7715298,-0.4885065,-1.10157,0.7171048
-0.015588843,0.20428614,-1.7629875,-1.9484981
0.9163024,-1.438573,0.6587838,-0.19551146
2.4414072,1.3159937,-0.024823975,1.3365165
-0.2133965,1.4059798,-1.4119239,-0.11102532
0.71364766,-1.6025251,-1.2197813,0.72811097
1.0045522,0.38745895,-2.3932562,-1.3201599
-0.0019071075,-1.1026137,0.2537584,-1.4815447
-0.4010223,-0.03503218,0.020409377,-1.6892812
1.2310681,1.0418068,-0.28807616,-0.745653
-0.9927518,1.1735444,-0.22489601,0.8242608
-0.63273644,-1.1214763,1.3400909,1.557943
-0.96849835,0.9152409,0.028135272,1.1821787
-0.16765454,0.43106762,-1.4143842,2.1635458
1.9759587,2.0087636,1.850484,1.0979323
1.4287794,-1.4501792,-0.14626622,2.028807
-1.004082,0.78357923,-0.05030917,-1.0836352
1.1628704,0.33899972,1.6861113,-1.4722136
-1.2846886,0.023722913,0.3889774,1.0373528
0.769845,0.38870323,0.48161653,-2.3828647
0.9840438,1.293077,0.9112068,0.23764758
-0.5633059,1.268274,1.9042989,0.3838882
1.643681,-1.2589426,0.06168322,-1.6181366
0.36666918,-1.8216555,-0.30338988,-0.7194821
-1.7093534,-0.26039815,0.34798327,-1.368322
-0.44858012,-0.41752997,-0.50567794,-0.507826
-0.40265283,0.56747603,-1.4768381,-1.152838
0.69079906,2.2685206,-0.39993423,0.6821585
-0.7146806,-0.5790468,0.42118642,1.104397
1.4998485,-1.3958951,0.6004368,0.39403316
-1.0278366,-1.7254725,-0.8390625,-0.37782696
-0.65172255,2.1276608,0.16286024,0.5819627
-0.3623676,-0.25843185,0.83101624,-1.2309833
1.7993705,1.2038867,-0.17026599,-1.3992137
0.19970788,1.1502964,0.78472215,0.36971176
0.65825206,-1.4749151,-1.8159817,0.40692106
2.4608407,0.34600794,-0.21593353,-2.492563
0.40072596,0.6284845,1.2100819,-0.62498295
0.36376083,-0.2874059,0.8283424,0.54042166
0.5992798,0.13087046,1.6153847,-1.9815894
-2.6884885,1.6742665,-1.8941443,-1.813249
1.3049843,-1.2279932,0.8047583,-0.9568384
-0.30210263,-0.55602765,-0.56078494,0.6679448
-0.17749037,0.071260266,0.28785726,1.1404372
-1.3601348,-1.8842955,-0.13565275,0.8545567
1.3491406,0.5196405,1.164184,-1.0259955
0.23609462,-0.30553716,-0.5475061,-1.6457883
0.09471881,1.0386559,0.11411227,0.09479853
0.21464433,0.83379966,1.0945915,-1.7499113
0.7241807,-0.32575005,-0.7524581,-1.8986557
1.8225187,0.09418264,-1.3350667,1.3958045
1.0393289,1.8041598,0.62898326,-0.21593618
-1.3251383,0.027716441,1.6147143,0.63950026
-0.9360845,-0.3558559,2.222207,1.7931837
-1.4997662,0.42587176,0.7013137,0.996547
-0.5135507,2.2638125,2.1815712,-1.3560102
-1.342428,-1.9011406,-0.13938554,-1.3112541
2.4407315,1.0630269,-0.88916975,-1.7485901
0.8374107,0.45411143,1.1494572,-0.4728559
-1.5556258,-1.6616471,-0.973336,-1.6316754
-0.40825954,0.7445274,1.272414,1.0208912
0.7495131,0.45204133,-0.18699664,-0.3052277
-0.30392465,-0.65760773,-2.2221446,-0.56259847
0.20582497,0.42849246,0.73874235,0.9689447
2.4663646,-1.4753597,-1.0069215,0.11243023
1.8006502,-2.0051289,0.89431196,-0.42771512
-0.6874271,0.060870565,0.6417985,-1.6397247
-1.202976,2.297474,0.7138418,-0.12899137
-1.4598225,-0.35508555,-0.77475387,-0.9078942
-1.0743395,1.2516226,0.049685884,-0.66539544
-0.44594207,-0.017180977,0.36098135,1.3026991
1.5207282,0.062071968,-1.1544776,0.05089428
-0.63815373,-0.92077804,0.7450642,1.9276595
0.033820257,1.4270837,-0.061649807,0.068881325
0.83683807,0.8639453,-0.19262508,0.90811485
0.92716944,-1.8432984,0.4336953,0.09338042
0.07029983,0.58533204,0.05440128,-0.5114208
0.032136563,-1.0557824,-0.33492208,1.3238045
0.34995505,1.4713757,1.3812358,-1.8392681
0.5185697,-2.0427673,0.39531112,-0.7615229
1.3565766,-1.9635932,-0.76519287,-0.2957906
-0.42614046,-0.7484422,-1.1980797,1.237685
1.2953473,-1.1300685,0.8059619,-0.07421311
-1.0254797,-1.3988687,0.95606345,-1.8026404
-1.5355072,1.3864137,-1.5594455,0.69819635
0.6441093,0.5395753,0.44352856,-1.1411141
-0.0333719,-1.9248837,-0.48118368,1.3747684
1.1717733,1.7242666,-0.94285566,0.56805176
0.6833548,-0.35394868,-0.41454855,-1.2431418
-0.9694914,-2.2466316,0.6623483,0.9594306
-0.71950734,-0.26379773,1.087733,-0.809073
-0.83252496,-1.6558619,0.15340808,0.33477125
-2.0164862,1.6089108,-1.1766112,-0.13656716
1.194951,0.3212148,2.135784,-0.637258
-0.3411378,1.9047943,-0.45453382,-1.2323359
0.9416508,-0.4586974,-2.0891955,0.8518153
-0.753314,-1.3769797,0.10608664,1.5346665
1.3291216,-0.41057447,-0.95136213,-1.1216332
2.5013864,1.711154,-0.36610353,0.46594667
-0.85665745,1.3937668,-0.34973106,0.92256176
-1.1417615,0.8821326,-0.59965366,0.4063271
0.33232632,-0.7621262,-1.1056918,-0.28983113
2.0420175,0.9008368,-1.7931608,-0.81799257
1.8747895,0.023040907,0.47296306,0.8370291
0.54625213,1.6163281,1.5365343,-1.5712141
-0.09810447,-1.1637461,0.95166874,-0.82696056
-0.61935085,1.2963424,1.2528005,0.59807396
0.63865775,0.4981392,0.6909678,-0.24586032
-0.37200883,0.16691963,1.0641079,1.6718718
-1.2488014,-0.07402092,-0.9572608,1.2063022
0.51609427,0.29995295,-1.2820553,1.0882504
-0.5853243,0.2360316,0.49397117,0.29095855
-1.2375407,1.6407173,0.51036376,0.1426106
-0.5849694,0.1532886,-1.2974774,0.096202366
0.5728825,0.5762165,1.0043799,-1.4794394
1.0285426,0.98170745,-0.20995809,0.048798203
-0.9797655,1.4798346,-1.472227,0.16895872
-0.6853756,1.1191858,0.04547097,-2.4462736
-1.6835902,-1.0321002,1.4933889,-1.0542533
1.8899654,-2.1588705,2.5706196,1.3811747
1.9338367,2.7369356,-0.7945864,-2.7381313
0.9965913,-0.15633659,1.9506055,1.0184807
-0.012936976,-1.9102877,-0.26708576,0.2573786
1.2414789,0.869719,0.35726914,0.043361105
0.23040411,0.12007119,-1.1674783,-0.484687
2.0120354,1.2459881,-0.9035093,0.38344955
-1.5096928,1.844006,1.5358627,0.46819124
1.2657274,0.49676052,-0.3893292,0.9357643
-0.33626032,0.9048427,1.2957608,-0.30936605
0.32115898,0.18500756,0.67025924,-0.4754486
-0.14836714,1.0755318,-0.021549582,1.7637556
-0.6253061,-0.8277864,-0.23681659,-0.6426502
1.1683978,1.0428361,0.92591125,2.2681353
-1.58728,0.18870804,-0.40086478,0.5169195
-1.1075736,1.4974681,-0.5189678,1.4111227
0.64408875,0.26213607,-1.397667,0.14343224
-2.0140846,0.04181501,1.4632477,-0.42609486
0.5819451,-1.8671764,-0.6721216,2.3195248
0.5513539,0.58972543,-0.33770785,-1.1860156
1.3381991,0.45158297,-0.039073315,0.009355533
1.6312872,-1.8041071,1.2893248,-0.62644076
0.43760377,-0.282089,-0.1649135,1.7200428
1.0528208,0.7406368,1.030081,1.5391968
1.80087,-1.1848726,0.33389354,-2.558228
-1.4207256,-1.3230472,0.83789057,0.34078768
0.6853793,1.510231,1.4474708,-0.95017296
-0.9463188,-0.75390655,-0.09911614,-0.8532066
0.79369944,1.2020706,1.1314377,-0.08392314
-0.80192626,0.8348109,0.4096167,-0.2443248
-0.3440563,0.17686114,1.3651462,-0.27167246
-0.41729087,1.4443748,-2.1260512,-1.5904204
0.564967,0.30688265,-2.4864645,1.1655922
1.4028265,-1.5185844,0.95632124,-1.107722
-0.18832988,-0.81588227,-0.8533037,0.618326
-0.5237919,-0.40182573,-0.063380994,-0.9614622
1.8487194,-0.35297477,0.5191045,-0.29142594
1.1888384,-0.33953497,-0.8538501,-0.8548948
0.609917,0.4397798,1.6383313,-0.17019105
1.3178784,1.420916,1.6940606,-1.0059676
-1.6263962,0.055433694,-1.0066583,1.0592518
-0.6228027,0.9158901,-0.43588796,0.4627236
-0.20041367,-1.494884,-0.5673377,-0.69750303
-1.0164018,1.0752517,-0.74575573,-1.36588
1.1300206,-1.6811149,-0.6602293,0.94859135
-1.381238,-1.7903061,0.8371886,-0.047301803
-2.0571465,0.071294904,-0.66092664,0.14521949
0.25044215,0.80220157,1.9185209,-0.11302818
0.31674036,-1.6311263,0.7246737,0.08771791
0.23774938,-1.3841697,1.4374994,-2.077245
0.27017045,-1.0542365,1.3840773,-1.0751088
-1.9436542,-0.8310077,-0.7128961,2.3078291
1.1682224,-0.58726716,0.593473,2.1652436
-0.8503461,-0.068678364,-0.004593941,-1.7840475
0.22003624,-0.5617405,-0.36908117,1.5302812
-1.0182469,1.4828013,0.64484733,-1.1522764
-2.2867618,-1.3123972,-0.7131919,0.10360948
-0.4232158,-0.5872601,-1.3278074,1.0735816
-0.16079108,-1.3167993,-0.08268122,0.21989174
-1.2290722,-0.13371648,0.62355936,0.74325114
0.5819359,1.565302,-0.19254558,-1.4217443
0.5719915,0.6850374,0.42027035,1.5998901
-0.024440968,1.0539645,-0.2376054,0.13805008
1.1247141,-0.54907614,-1.0615808,-0.13007243
0.027937757,0.2480807,-0.84474367,1.4171412
-2.277405,-1.0807822,-1.7172934,0.12365942
0.24234279,-0.08788294,0.49726623,-0.2016184
0.42009804,0.30378,-1.5107822,0.30443206
0.9285039,-1.3399227,-1.3576585,-0.27602574
-0.018852387,-1.3082548,0.09816516,-0.77632034
-1.4051691,-1.4746077,0.58142596,0.52566075
-0.619982,-1.0979615,1.413892,0.66745925
-1.722073,0.5717704,-0.3499134,1.0531815
0.64865035,-2.459978,0.6828904,0.59654605
-0.87388,-0.21551183,-0.10432869,1.0767938
-0.287466,0.120050445,1.0308254,1.775134
-0.5635939,-1.7032067,-1.1184404,2.0660295
1.1746033,2.2533472,-0.46520925,1.3282996
-1.3089014,-1.2465898,-0.77728724,-0.625263
0.928744,1.3185118,-1.2148753,0.2886327
-0.09161032,0.8066193,-0.09320775,0.8613965
-1.5516305,0.39061362,0.14858563,0.7542262
-1.6068066,-1.7364637,-0.14207782,0.44823888
1.5526422,0.035228208,-0.40225393,0.78824496
-0.6262257,-0.44643974,-1.3181914,-0.39331242
0.113050744,1.4858308,0.36915302,-0.1856006
-1.4925672,1.7721952,0.42903963,0.91556144
-0.10008544,-0.06473467,1.044215,-1.7962317
0.8488012,0.46895823,-0.53972703,0.2270047
-0.27309668,0.9224888,-0.7479287,-1.1914862
0.7819564,-1.4232768,-2.768094,1.0434074
-0.76236546,1.2497687,-1.4162889,0.4856835
-1.0424308,-1.3961418,-1.8393885,1.0567194
-1.4487047,0.25349933,0.88455254,0.6456477
-1.2408782,-1.155059,-1.7150415,-0.81152123
1.1322949,-0.7363521,-0.19579335,0.29880005
1.4746493,-0.29511997,0.70870644,0.7344088
1.2623527,-0.9252926,-1.1390151,2.5470345
0.18784128,1.16309,-0.05707702,0.10585628
-1.4423782,0.68949395,1.0162992,0.98481977
0.9260396,-0.15696958,0.8791335,-0.6816888
-0.28603858,-1.0766547,-0.05686713,0.3275314
0.13766289,0.14618848,0.25506186,-0.10584046
-1.3462389,0.71170676,0.6486952,-1.2862494
0.34419838,-1.1707723,0.41049445,-0.15919891
1.9128392,0.31539854,-1.0282003,-0.13190986
0.6540949,0.24618109,-1.5370039,0.27866364
-2.0607793,-2.829372,-0.4804472,1.8379176
-0.74656767,-0.65440327,0.18768929,0.6648125
-0.19875579,-0.101606995,0.56651896,0.46610972
-0.40510005,-0.9311408,0.1565045,-2.022921
1.6975521,-0.8172644,-0.8265174,1.0251865
-0.05641577,0.78247124,-0.8731411,0.50642556
0.3736216,-0.3651588,0.18851265,1.3373603
-1.9839152,0.81324005,-0.9865613,-0.22279368
-1.1617638,1.771045,0.6865843,-0.8269677
0.19581625,1.7262031,0.9780714,-0.5417007
-0.8767193,0.9220022,1.5215557,0.3081774
0.30534357,0.50002456,1.4121203,0.96255475
0.17667882,-1.4138134,0.21312079,-0.2666192
1.2527198,-0.616099,0.1898872,-0.6922626
-1.54747,0.9238877,0.99199814,0.60016465
-0.54514164,1.2224098,-0.522472,0.9579701
-0.068426274,1.3693552,-0.6702077,0.12676539
-0.9077167,-1.0987632,2.1100018,-1.0143363
1.2320391,2.102996,-0.05441283,-1.131508
-0.33167806,-1.2994245,-1.1182076,1.2519828
0.16611287,-1.5723021,-1.2081662,1.0365808
0.568506,-0.76343495,-1.6422113,-0.36294505
0.8911668,0.83292663,-2.0786693,-0.37060192
1.8637586,0.94794947,2.048005,-1.1302879
-0.87550324,-0.19347091,0.5785955,-1.6614025
0.6862441,-0.4872024,-1.87519,0.27430233
1.1348584,-0.22698092,-0.3544218,-0.34837404
0.9952566,-0.37973288,1.0184419,-0.9944638
-0.24421199,0.48158246,-0.5526625,1.3909148
1.5314639,1.1782026,-0.91447,-0.45898315
2.35066,1.1463462,-0.21583635,1.1597972
0.060943313,0.5445134,1.3909483,0.5696599
-2.1121204,1.9856086,-1.4792751,0.14438686
0.202334,0.1350211,-1.3710909,-0.77556044
1.258889,-0.2523256,-0.4298454,-1.2938823
-0.7409917,-1.5066099,0.9583907,1.6792701
1.5049058,-1.6992241,1.0816842,0.6094713
-0.8822154,2.3052661,-1.6617047,1.686162
0.695648,-1.1419015,1.7474756,-0.5471604
1.2853454,-1.0316234,1.4064797,-1.2854795
-0.16001585,1.5484284,-1.5457972,-0.9168384
0.83633316,-1.2533875,0.8118928,1.4057635
0.18140084,-0.53990877,0.36479375,-0.7710921
2.6029968,0.98796326,0.81144756,-0.45850232
-0.14290126,1.4770882,0.0019595332,-2.6928918
-0.03475451,-0.19179325,-1.3918054,0.9504759
-0.5325416,0.10178205,1.4414734,-0.44079345
-1.6348709,0.5945135,-0.3960201,2.961907
-0.19939516,-0.15997425,-1.6553937,0.5626464
-0.121628396,0.9317262,-0.30354062,-1.6029035
-0.73533833,-1.0797317,0.8774775,-0.30486593
0.22343354,-0.41872942,2.079702,-0.98861414
-0.34183916,0.053067602,1.0359066,-0.17884487
-1.4300853,0.1854443,-1.1957569,0.16304943
-0.21061018,-0.45789704,-1.4929805,-0.42162034
0.6372442,0.809029,-0.3419915,0.25421813
-1.5271946,-1.867309,-0.62611586,-0.96112114
1.3751441,-0.33729967,-1.1791089,0.46071854
-1.2661766,0.6146197,2.0734072,0.5215157
0.91421807,-1.4382014,0.26507783,0.81494266
-0.02608632,-0.28298447,-0.11804823,-0.18207273
-0.49903107,0.6508667,-0.5586727,-0.033769596
0.83084905,1.2030554,0.54051614,-1.0881785
0.5362435,-0.603002,-2.224462,0.26702937
-0.08645496,0.9002305,-0.011454013,0.69886184
1.4237618,-1.1003585,0.553527,0.6430383
1.1551918,0.67631775,0.12122297,0.5430498
0.22503428,2.1068783,0.2731378,1.0135902
1.8413529,-0.5531631,0.8853994,-1.3301643
-0.50125104,1.0758848,0.12162408,-0.647391
1.5823542,-0.27352795,0.40706208,-0.125912
0.5761786,-0.9682719,0.586124,-1.5459532
-0.533524,-0.81104153,-0.22675721,-0.51063967
-0.1479806,-1.9889491,1.8869053,-1.1520152
-0.024935506,-1.0019454,-0.91045463,-1.0013107
-0.47798097,0.55376315,0.019939953,-1.4295945
0.5163207,-0.79409266,0.86222935,0.39522126
2.094346,-1.4133686,-0.6768796,-1.9078313
-0.4949221,-0.23009357,1.2477136,0.9049288
-0.8291012,-0.9136192,0.9599003,1.8175659
0.29747888,1.8851331,-2.2587705,-1.1774658
0.60046226,1.0887339,-3.040095,0.7555122
-0.13539168,1.3904701,-1.6199149,1.0660195
0.5096802,0.13325931,0.7941178,-1.2332138
0.5646048,-0.099709064,-0.45014837,1.8587637
0.21136266,-0.8044894,0.066158764,-1.0630074
-0.5190666,1.4134018,0.4972924,-0.48278022
-1.0295058,0.15879,0.817836,0.7580748
2.3220382,1.1772481,1.815022,-0.7029177
1.9699712,-1.5549338,-0.06773047,0.49614382
0.6561945,1.5631618,-1.0331246,-0.8245766
-0.24318309,-0.16553207,-1.789078,0.45310366
0.22518963,0.06821692,0.36002314,0.8141191
-0.62235355,0.9197341,-0.17140481,1.1276758
-2.574535,-0.98970705,-1.7119737,-1.1847873
-0.2200647,0.9437317,-0.43919644,-0.115587234
0.7084719,-0.8679147,-0.42096138,1.1854302
-1.2205601,1.9224111,0.21031004,-0.9226713
-0.49863124,-0.35547942,-0.7984659,0.24771444
0.98241144,-1.2976975,2.0741706,-2.19464
-0.9371934,0.58343023,0.61822814,-1.1631294
0.50696146,1.1635121,0.6114957,-2.2997286
-1.3554399,1.0491366,2.0606241,0.88000387
0.19680092,-2.090009,-0.5934363,-0.4372573
-0.15836515,-1.7630577,1.5591562,-1.2477648
0.08135637,0.75767654,1.040179,-0.03928296
1.8422983,1.7155107,-1.817324,0.7135951
-1.4540552,1.5359508,-2.7655652,-0.72616833
0.31900096,-1.9811113,-1.2525296,0.36761615
-1.8716258,-0.20120221,1.5722822,1.3140028
-0.87708944,-0.94335973,-0.7654037,-1.0032636
-0.59801096,-0.69376725,-1.1977593,-2.3644407
-2.8989537,1.3563211,0.74066895,0.45826304
-3.0334578,-1.4921837,0.84146905,1.045548
0.112689085,-0.92798585,-2.0176737,1.7024814
0.28833872,-0.70849013,1.0481845,1.0810882
0.37991557,1.4082726,-0.6576625,0.3158295
0.25780234,1.4625324,-0.8193211,0.5630643
-0.5511433,-0.6109074,-0.6275941,-0.48159903
1.1859425,-1.9759213,-0.49642584,1.4645895
0.6601801,-2.1977766,-0.2516539,0.7322854
0.6135408,0.95174086,-0.44964576,-0.026572626
-1.1467084,-0.8017915,0.62002146,-0.88479125
0.1690179,0.58909184,0.19486845,1.4223644
0.53339595,-0.7226995,0.43091726,0.3763283
-0.29047146,1.4996654,0.32129523,-1.7133201
-0.83028513,1.0501438,-1.0859311,0.7429867
0.5014132,2.7517912,-0.0046024434,0.10775326
1.5595057,-0.66476434,-0.6894115,2.253691
-0.54539865,2.4827073,-0.68862045,-0.03865727
0.6013949,2.569199,-0.3132391,-1.577362
-0.14369194,-0.51934105,-0.87280416,-0.56267434
-1.8682109,-0.18651102,-0.74663717,-0.9678356
0.42867902,-0.58869404,-1.3101264,-0.023523208
0.71437603,-2.3645418,-1.2415979,1.6216793
-0.8964384,-1.7747074,-0.38311446,-0.41234344
-0.16099165,-0.63976413,-0.12327073,0.4322116
-0.5902999,-0.31045717,1.3013123,-1.2681679
1.3804195,-0.2847051,-0.008249453,-0.8959727
0.877937,-0.0445789,1.1747339,1.1686842
0.20357768,1.772855,1.3618717,-0.23072731
0.35042387,0.27402437,0.03893665,1.2697531
-1.9330668,-2.17879,1.0349903,-1.7451504
0.2794658,-0.3172277,0.58320934,-0.7896384
0.28683984,0.043624073,0.32867324,0.8667719
0.42008138,-1.763261,0.8448322,-2.68594
1.4161086,1.0088342,-0.6903029,1.2722484
-0.11916504,-0.6138561,0.52167594,-2.7242355
-1.145082,-0.091016494,-0.9653702,-1.4493846
-0.15506488,0.73594207,-0.010233609,1.7261182
0.769577,0.25570062,-0.69809574,0.5954902
-1.3677311,1.3455962,-2.3735142,0.7544238
-0.11647657,1.4515928,-2.0748963,-0.64018124
-0.9560755,-0.056519523,-0.13405788,0.005267451
2.02976,0.5604878,1.4642428,0.74998736
0.9584833,0.13814369,0.11782858,1.6040835
-1.0429901,0.20338151,1.4549205,1.3657104
0.4100064,-0.91850835,2.248462,-0.6163036
-0.11062962,0.04478812,-0.30955294,1.3868027
-0.96540725,-0.2587442,1.7625211,-0.24953532
1.6346987,-0.006738784,1.5925378,0.4380411
1.5338889,-0.42677253,1.3286632,1.1241162
-1.1960812,-2.0495925,0.70635694,-0.78140426
0.8334894,0.10052254,-1.9660995,-1.6089264
0.64770174,-1.0444658,-0.4885651,-1.177833
-0.27120855,0.4925173,1.2588438,-0.43525594
-0.05922148,0.1233369,-2.14638,-2.1062646
0.06973072,-0.08576994,-1.2062135,-0.6454857
0.70703197,0.37100342,-0.75191814,-0.6329471
-1.1694591,-0.6390808,1.7902037,-1.398823
-1.0765269,1.7530969,0.22900783,-1.4825044
-1.0763546,0.49528846,-1.7228186,0.21187119
-1.0300578,-0.80074805,1.1482373,-1.1793163
-0.40150338,-0.49890617,-0.92158735,-1.1223247
1.0519581,-0.17639878,1.3794346,-1.355659
0.38584116,-1.3895038,0.63303,1.4375162
-0.48706153,-0.8845475,-0.6120513,0.31520373
-0.052888703,-0.56927603,0.89657617,-0.7563641
-0.5890494,0.81649274,0.08435665,-0.7986997
-1.9024868,-0.8390486,0.12650062,0.41494632
-1.2677709,1.3759631,0.51319855,0.56445134
0.5067868,-0.51737726,1.3659025,0.60512686
0.24074112,-0.40534633,-0.60191154,0.42482257
-0.71155113,0.66121054,0.12120043,1.1990557
0.8192573,-2.111305,0.08989739,-2.0006862
0.68244666,0.25367182,-1.6501436,0.49061295
-0.48850888,1.9485718,-1.0060985,-0.07024653
1.7069442,0.10126643,0.20331356,0.77704895
0.47109544,0.38400832,-0.2668685,-0.4820516
-0.21076547,-0.25239006,1.0097337,1.1560531
-0.30367473,1.8652841,1.5788796,0.093228586
2.4459558,0.9996518,1.4180644,2.6825354
-1.64862,-1.0975282,1.4018795,1.2797964
-0.4442151,-0.93622065,0.19792798,-1.1180172
-0.5906337,1.2728662,-0.9837951,2.0181956
1.9556625,-0.9509464,-0.71445286,0.48533195
0.87869936,1.9360789,-0.6583168,1.6502967
0.7235902,-0.78134936,-0.44241476,0.6582069
-0.216207,-1.8420844,-2.1698022,0.80479044
-1.6351554,-2.0323427,-1.8248633,2.256978
-0.33549693,-2.439841,-0.6596613,-1.0824968
-0.9755302,-1.8616061,0.01429412,0.8310729
-0.15393177,0.21046637,0.3400321,0.6422108
0.58139795,1.4777725,1.9281921,0.3227679
-0.19531266,0.53020334,-0.16938582,-0.07539323
-0.30740327,0.5173086,-0.13508675,1.228132
-1.6912665,1.6125252,1.3136193,0.48890468
-1.5755897,0.6092054,1.1623703,-0.074902266
0.9025223,0.76846194,0.9188431,1.3420044
-1.1937307,0.25450185,-1.7490803,0.6028186
-0.40447164,0.78360224,1.4214399,0.17734638
0.5288005,1.902863,-0.81366557,0.7421597
-0.082123145,0.015423666,1.2500588,-0.6939017
-1.0873811,0.20211886,-1.4994662,0.32178158
1.9705145,0.34157455,0.20929298,1.4151933
-1.0032245,2.1880803,-0.6624916,1.9337264
-2.3277402,-0.8115358,0.43944132,0.42316315
1.3374956,1.3832529,1.925081,0.07720599
1.0214484,-1.607207,1.4798592,-0.2937868
-0.5255845,0.70757395,-1.2745204,0.037766907
-0.5482523,-2.0355086,-0.7844563,-1.1270559
-0.069631554,1.0183357,0.76281846,1.0494895
-0.61198324,-0.027445568,1.2646391,-0.37608725
0.027742533,-0.73432326,-0.48660448,1.6934164
-0.36225486,0.62590885,-0.081983075,-0.5169767
0.5751205,-0.6332237,-2.073628,-0.07167546
-1.3793085,1.2918662,-0.5527079,0.39954388
1.0117253,0.35685548,-0.385645,-0.2688336
-0.03148925,-0.03037284,0.102542356,1.5009961
-0.60398495,1.3763026,-0.62566274,1.0101697
-0.34423667,0.27153617,1.0871363,0.28699622
1.3829151,-0.39501914,1.2324985,-0.7692295
0.47480166,-1.4621544,0.82672894,-0.9645272
0.77479786,-0.4114855,-0.23614617,1.0143417
-0.8295736,-0.4986467,-1.1568111,-0.4222537
-1.0189325,1.1272085,2.341063,-0.029521918
0.79035133,-1.2830061,-0.25371304,0.12340376
-1.0468228,-0.33136883,-0.19257656,1.0711896
0.259089,-1.335482,-1.5560933,1.4006466
0.24730271,-0.0067078434,0.47771272,1.1308722
0.80182236,0.5382876,-0.45412445,0.55563396
0.5833531,-0.48545212,-0.11145226,0.5815758
-1.057547,-0.78982645,1.012917,1.0843816
-0.8383959,-1.061881,-1.6746843,0.4751348
-0.59691507,0.5369759,-1.5077395,-1.3540908
0.88252586,1.7735869,0.5507738,2.3113317
-0.72006583,0.44799286,-2.4864092,0.87451905
-2.269885,0.8535189,1.0455397,-1.1059132
-1.3781813,0.85505116,-0.92818034,-1.0480198
-0.7278888,-0.60381377,-1.9547182,-0.47676876
-0.6763491,0.24693966,-0.3340259,1.355699
1.028632,1.484114,1.7535409,-1.555607
1.9679093,1.3991789,0.6260986,-1.0884532
-1.2218959,-0.5036685,-0.1765343,1.0957769
-0.5945212,-0.41071585,-0.5569196,0.98849326
-0.40463522,-0.74988943,-0.8043728,0.9099036
-0.6860476,-1.5716392,-0.8978463,0.9246734
1.9815819,-0.14029136,0.84393114,-0.52444977
-2.075156,1.9129808,-2.4994736,2.155306
-0.11111255,0.26903945,0.71098226,-1.0091985
-1.8388001,-0.69974226,0.8147761,-1.1245042
-0.2532699,-0.5434108,-0.78496754,-0.7062121
-0.14512849,-2.2797859,-0.11585158,0.70176077
-0.26526204,-0.09841437,0.89154065,0.37493888
-2.0367765,-0.62595135,-0.015123821,0.22753394
-0.58217645,-1.5591154,0.9737019,-0.2503518
1.5927253,-2.0766997,-0.77331614,0.23476337
1.380082,0.72449994,0.82378614,-0.13021566
-0.1098351,-0.16120939,-0.28524494,0.08131585
-0.09676874,0.85245126,0.99529725,-0.5900153
-0.27329752,1.5728095,-0.6375731,0.5133458
-1.2278258,-0.662522,-0.91135156,1.3715512
0.73766136,0.43339357,1.4701126,-1.0099697
0.3164569,-2.2870517,1.1725857,0.5372375
0.34356588,-0.7887552,-1.2678403,-0.46827272
0.17135367,-0.14861068,0.13601893,-1.396661
1.0679401,0.41831884,0.47034836,0.12683854
-0.6717861,1.5864128,-1.0089048,0.43875134
-0.16575484,-1.9384247,-0.33564365,0.1448338
1.544127,-0.76039994,0.53496677,-0.24557348
1.692722,-1.5889955,-2.2255692,1.2953832
1.3777169,-0.8656881,0.77394706,-0.5871897
0.49251884,-0.24004741,0.9787561,2.112973
0.36630774,0.8993801,0.45973498,-1.7611884
0.41120088,1.139065,0.35039017,2.1351001
-1.1206099,-0.34233007,0.6660648,-1.4473865
1.0055401,0.24400696,0.81711817,-2.4675546
1.8288574,0.53561056,-1.7085154,-1.4025661
0.011260008,-1.0398248,1.3149893,1.8273315
0.81667024,0.84551466,0.63092375,-1.3591046
1.1726695,1.0548376,-1.2096757,-1.1928828
-0.2591239,-0.9067266,-0.87916493,-0.091341145
1.1782935,0.46232352,1.4323646,0.51458097
0.80490094,0.68473256,-1.1520706,-1.744301
1.8479614,1.8496572,-2.1663177,1.975066
0.34838036,1.2678436,-1.1930659,-0.95003265
0.4089665,0.027287439,-0.34774604,0.2080216
0.86616886,-0.9038977,-1.1099719,-0.64864016
0.7359067,-0.84202194,-1.3690689,-1.0217794
-1.7593217,2.3100717,2.0686398,1.8211176
-1.38301,-0.9912426,0.8883278,-1.2519088
-0.08961307,0.59661835,1.251493,0.17441869
0.96140647,0.84309703,-1.3730155,0.038009398
-1.035619,0.07566232,0.6818795,-1.1359438
-0.9452344,0.0037290156,2.3080623,-0.47656286
-1.1698855,-0.21683523,0.15812273,-0.77791667
-0.5536781,-0.5203519,0.8236344,-1.3290546
-1.3741426,-0.18489762,1.2793465,-0.043651283
1.1759614,-1.7786955,0.15068728,0.55856556
-0.61033857,-1.1811025,0.33346182,1.2737731
-0.050741095,-0.23362234,-0.8262444,-1.4965489
0.37727186,-1.187118,0.20671779,-0.3070338
1.4739213,-1.4413488,2.1283762,1.1943892
-1.7498395,-0.18014146,-0.95213646,-1.4835173
-0.9567292,-0.7073211,-0.6624011,0.3898048
-0.99990666,0.9405428,1.2848417,-0.48880455
-1.0866469,-0.15396753,-0.8303638,1.0038381
-0.50784516,0.67873466,-0.09041885,-0.3392724
-1.7294408,3.093471,-1.745245,-0.15543775
-0.9017227,0.49797553,0.32243627,-1.3046901
-0.92986953,0.544874,-1.00509,0.89381653
-1.1937321,2.0575738,-0.45778,1.9005855
-0.17312609,-2.602848,0.72480196,1.3478569
1.3191881,1.1136833,0.706671,-0.2076663
-0.86871827,-0.22444326,-2.1035297,-0.17445259
-2.2338226,-1.2394749,0.2267358,-0.37784293
1.2533826,0.35989445,-2.839589,2.7602386
-1.088654,1.3991678,0.40373418,0.6352627
-0.02198973,1.5307736,-0.106398664,-1.0492183
0.087803066,-0.054484565,2.0556846,-1.0478601
-0.0975735,0.8996556,1.163053,0.10457837
0.3788965,0.7187064,-0.1696857,0.99551415
-1.3362153,-0.29117313,0.06831831,0.65260816
-1.358243,0.90832484,-1.8708628,-1.604575
1.155802,0.38908595,-1.0929755,1.1883256
0.9935531,-0.6871974,-1.3334229,-0.23218794
-0.86546093,0.44234428,-0.018889183,0.4027738
0.8293845,-0.055934913,0.34812492,-0.7461011
-0.0012911451,1.0106834,1.7690955,-0.5251348
-0.7091679,1.2018217,-0.6359541,0.9047274
-0.5986105,-0.16362752,-1.9345824,-0.27372977
-0.7124546,0.46503,0.16479139,-0.68611157
-0.5865488,1.5939262,-1.6802417,1.6964979
-1.6039691,-0.966721,1.4322218,-0.035913806
-0.32428163,-0.25976864,1.4188343,0.29074723
-0.98839265,-0.011742059,-0.47036806,0.077831045
1.2672795,-1.8111044,-1.3361633,0.9975918
0.060342282,0.27612352,0.23031177,2.1772232
0.3175388,-1.397414,0.06398129,-1.5335332
-0.46542272,-1.0537868,0.4716327,2.00637
-1.7709365,1.4322394,1.4981203,0.6889605
-0.40482548,0.6830124,-1.4457105,1.6361611
1.1131246,-0.2304275,0.43751797,1.6283294
0.6368086,-0.26911673,0.8402731,-1.6257275
1.2560124,-2.2039335,-0.31989,1.0112504
0.9096856,0.8227162,-1.0033761,1.4954696
-0.82423884,-0.09622857,0.2922508,0.12368925
-0.37173396,1.9285307,-0.09475733,-1.2818577
1.3850118,1.2299734,1.514594,0.08007111
-0.07527195,1.7110028,1.98257,-0.35898206
0.8942735,0.6429591,0.86962914,-0.20919383
1.9028728,-1.5986598,0.48632875,-1.2679851
1.014997,-0.47781983,-0.42334676,-0.49022067
0.9939696,0.768108,2.191496,0.43432996
1.710302,0.7989699,0.73638165,-0.91041774
-0.75172365,0.5802793,1.8406147,-0.5395805
1.1252092,-0.22668359,-0.118284024,-1.228625
0.333009,1.8516228,-0.1921428,1.0957876
1.9653882,0.0725098,-0.7513809,0.15951695
0.6779822,-1.6901262,0.6719862,1.0371667
1.3681167,-1.1475492,1.4643239,1.8685414
0.45599335,0.84090006,1.3233532,-2.5882468
0.43867067,-0.16603392,-1.3947725,-0.006936715
-1.2238485,0.3557434,1.8434289,0.11373186
0.027513998,0.91018414,-1.5610545,0.5269908
-0.122548155,-0.64748585,-1.0744328,2.1154814
0.8224137,-0.68916726,0.67198795,-0.9039195
0.55690014,-0.26568013,-0.9342222,-1.1349475
-0.53734386,0.5738273,0.32891017,-1.0588288
1.2907197,-0.2277146,-0.5672655,-0.7870036
0.3967434,0.7372606,-0.3910617,0.19835083
-0.107685804,-1.2316773,0.4506004,0.909393
-0.3156001,-1.3608899,-0.9479928,1.6706494
1.6290433,2.2819703,0.5452298,-0.34054768
1.3281964,1.2868097,-0.52706236,-1.050981
-0.094257645,0.5526067,1.385971,0.5311823
-1.7146502,1.3659937,-0.03736488,-1.6230309
2.088273,-0.56062794,0.8098227,0.049731426
0.26764765,1.6933707,-0.2599157,0.6686028
1.3741163,1.5349116,0.8078561,-1.0482293
-0.6664455,0.44862536,-0.22244169,0.5351725
-1.6484601,-0.6619668,2.8168104,0.18394256
-0.07850892,-0.5661883,0.7922531,1.4990245
-2.0966833,0.76388043,-2.0280051,-2.1047046
0.6193857,-1.6179395,0.49474248,0.8712793
-1.3352655,0.3865175,0.9363996,1.2991744
-0.25850812,-0.8701894,-1.8088899,0.42344067
-1.9528866,0.6420747,-0.8508151,1.353566
0.8860502,-0.19842714,0.60627383,2.2966928
-1.5701815,0.33517823,-1.6067028,-0.98498434
0.63231194,-0.8028578,-0.33409297,0.7993025
0.07736841,-1.1230364,-0.05820699,0.6935333
1.417341,0.09550996,-1.0365516,-1.140035
-0.30167955,0.2841894,0.9904871,1.4475518
-0.31710482,0.21763067,-0.4065684,-0.78099436
0.544412,0.40326196,-0.39215744,-0.01267411
0.33959594,-0.6855841,-0.052116044,0.9195506
0.6016095,0.10695552,0.1584019,0.7152331
1.4922404,-0.26827306,-1.0841997,-1.2330813
0.5309705,-2.4504387,1.6397071,2.785403
0.49337113,-0.2715275,-0.9139388,0.48712862
2.8564825,-1.5638694,-1.2401774,1.1391808
-1.4370567,-1.4762762,0.52885044,1.4884626
-0.15331015,0.6786588,0.37172407,1.2891059
1.7505453,0.23401429,0.33328742,-0.009384809
1.893708,0.5559752,1.6062596,0.41105217
-1.1477451,1.7962472,-1.1974312,-0.79076546
-1.1048471,-1.1586958,-1.034207,-0.49696982
0.18039002,2.0896587,1.5940812,-1.2126597
0.19914149,0.35386944,1.2866054,-1.5995711
1.5262691,0.014615355,-0.27749237,0.4225365
-0.99724793,-0.9115625,-0.13868666,1.7193506
2.7286818,0.29735947,-0.1497179,-0.426858
-1.9814677,1.1115063,-0.13846484,-1.467888
-0.21306016,0.8591124,-0.51296663,-1.8448638
-0.65635616,0.047366,-0.91897595,-1.18778
0.520027,-0.3340753,-0.809291,-0.2087247
0.6464413,-0.4766474,-1.3234286,-0.7501299
1.9551486,-0.58565956,-1.1040624,0.7050044
0.0031675452,0.7325854,0.83168805,1.6880513
2.1495006,-0.6274461,-0.38338172,2.8180842
0.39952743,1.0876557,0.5872566,-0.97835535
-1.0058906,0.99704695,-0.5760247,-0.42448506
0.39702636,-1.7092878,0.5070927,-1.3624301
-0.56958956,0.12553449,-0.046416935,-1.1197262
-0.9818757,0.33003765,-0.203673,-2.9280767
-0.34113273,-0.69726527,-1.2489345,1.4209261
1.6384426,-2.221845,-1.2611488,1.9332191
0.36805654,-0.8206981,-0.4240857,0.7932829
-0.6418441,-1.8331189,0.61721134,0.59914255
0.26533195,-1.1333722,0.7599121,0.86697155
0.47394818,-0.89541525,0.38689786,1.0428119
-1.6847731,-0.20313613,-1.3793846,1.4218451
0.56236714,0.99778646,1.9057984,-0.5718456
-1.6252205,-0.28408685,0.40322372,3.1599767
-1.2095951,-1.5532316,-1.6588366,-0.24180281
-1.1420258,-0.4715245,-1.0270215,-0.4469364
2.1051786,-0.69348377,-1.1793795,0.083494596
0.06470936,1.3028066,0.4206248,0.058150854
-0.87258387,2.6565092,0.92868066,-0.7163297
-0.5563301,-0.01903671,0.7879158,0.56021345
-2.4036968,0.076556504,1.461213,0.03495322
-0.06840077,0.22675996,-0.51237375,0.8845574
2.211246,0.16416095,-1.0593551,0.21827818
0.32501936,-0.303832,-0.091384955,-0.14235206
0.3446155,-1.7439612,-0.9514905,-1.0863897
-0.5672312,-0.17760517,0.7953834,-0.59460634
-0.60451126,-1.4320905,0.16546087,1.8676933
-1.5452265,0.895127,-1.3465496,-0.6873197
-1.0684431,0.4813557,1.2620481,0.92155695
-0.5290675,1.7906244,-0.39034703,1.7626221
1.0057087,0.053663854,-1.2131588,0.997687
-0.36077902,0.72156453,-1.5084157,0.1262792
0.2843946,-0.19356248,-2.0447178,-0.7209845
-1.5134608,-1.6791073,-0.66446954,0.77194124
-0.90204877,-1.2188132,-0.53210026,1.8194239
-0.9329606,-0.6827365,0.15636264,0.23319283
1.6087625,0.13872485,-1.1282289,0.0022533003
0.52424455,1.1781328,-0.87392896,-0.7936977
-0.09895957,1.8203524,-2.1259344,-0.6556649
-1.0118616,-1.1137372,0.054779734,0.31003782
-1.0178864,-0.052189562,0.42969778,-2.4517677
0.9296151,0.46445686,1.2624695,-0.65605
1.4462512,0.40565616,0.28072593,-0.7547558
1.3653905,-1.2030019,0.20822531,0.7185693
1.4936903,-0.0363018,-1.652108,-1.6286936
-1.3900023,0.26486865,-1.8300953,-0.2267632
0.5518933,0.3133947,-1.1621196,0.9710836
0.5688247,-2.2858012,-2.6418746,0.048407383
1.1319171,0.41503602,-0.39770275,0.89882284
1.2003747,0.3033907,-0.9919302,0.9108401
-0.29172957,-1.315451,0.58887166,0.25741938
-0.7500304,0.56542766,-1.9240658,0.13112703
-1.1459543,1.8712555,1.0028074,-0.8316443
1.0945219,-0.45476848,0.43683925,1.1891409
-0.6666115,0.48842326,0.2852432,0.0118281
-0.41957825,-2.3906379,0.8129914,0.38864112
1.5216187,-1.3847193,-0.47871757,1.1941772
-0.56727314,-0.8231572,-1.3666434,-0.49416718
0.5587057,0.4192515,1.2746234,-1.114053
0.8235564,1.6989067,-2.932679,-1.017475
-1.5589525,-0.42336106,1.7503154,-0.39623338
-1.8694475,-0.602475,0.31060654,-0.57930994
0.09368008,1.1538093,0.18453227,0.4545642
0.45684022,-1.2639271,0.07799555,1.2413146
-0.086798646,1.5506698,-1.3959284,-0.4271778
1.6370229,-0.21624874,1.4962907,-1.2032056
-1.1800022,-0.102022,0.64935815,0.9348272
0.31993252,0.22205445,-0.35311875,1.5110234
-0.1381819,1.4658773,-0.609121,0.5723095
-1.2834884,0.44538727,-0.776629,-1.0534661
-0.74947053,-2.2172496,-1.9455799,-1.3307288
-1.0337006,-1.7763884,0.08605041,0.507841
0.3981419,0.84640986,-0.41168466,-1.8839535
2.2339523,0.69580203,0.75125223,-1.2164965
-0.21390966,-0.1410272,0.09738294,0.25385433
0.09589758,0.21385758,1.2524194,1.843492
-0.9264401,1.1220335,-0.23764868,0.2682246
-2.05003,1.8279464,-0.12572083,0.123403095
-0.5687696,1.4424846,0.9220965,1.934367
0.26781687,-1.1502826,1.7958053,2.0504944
1.2112925,0.06407046,1.5223613,-0.2663428
-1.0558218,-0.22983068,0.745381,0.38431874
0.19372898,-0.3933466,-0.411803,0.22261125
-0.32500634,0.5640968,1.1631666,-0.8263345
-1.0365273,-0.61901015,0.18813355,0.034837823
-0.16020837,1.039099,-1.9918725,0.9526846
-2.6041536,1.5285221,-0.11809624,-1.1752301
-1.779194,1.7954302,-1.5232141,-2.0220342
-1.5506197,0.7002468,1.4081863,-0.4689382
0.42886826,-0.32862335,0.08816101,-0.03470224
-1.921365,-1.425682,-1.7519724,0.38274348
-0.95875776,0.44677725,-1.7906724,-0.70271885
1.9919943,0.09410928,-2.1833034,1.1546661
0.54052967,-1.7291219,1.335199,-0.71627474
-1.7554568,-1.4278953,0.31058815,0.8954656
-0.57230884,1.2607515,0.867912,0.41001636
-0.350549,-1.6689267,-0.06819059,-2.1813395
-1.040869,1.3490762,-1.8930913,-0.6300545
-2.1910713,1.705966,0.9191834,1.5142969
1.0035812,-1.214195,-0.57519543,1.4668341
1.7404228,-0.762637,-1.3561373,-0.8642261
-1.3187993,0.55435604,0.44568804,-1.7138766
1.0642642,0.1761818,-0.40942344,0.31623435
1.0979174,1.0236366,-0.09364063,0.41988406
-0.22134201,-0.1958635,0.30884904,-0.7809298
-1.6176063,-0.95532554,0.4837165,0.98425883
-1.511059,-0.14850049,0.07755965,0.8464111
1.1222346,-0.31029558,0.31844795,-2.2353313
1.2967817,0.7066125,-1.375068,-1.7931737
0.9680583,-1.064536,0.74809104,-1.1818534
0.9533527,0.48882428,-0.15252644,1.2554715
-0.17069589,1.0187201,-0.32927117,0.08010196
-0.57764375,-2.162947,0.26625168,1.291068
0.6217077,-0.9138136,0.14308764,-1.7267159
-0.22157852,-0.029138016,-1.5506797,-0.33415583
0.29493627,2.2235463,-1.3335004,-0.4449488
-0.123300225,0.24366687,-0.33130935,-0.28663245
-0.35155535,-0.008050091,1.0763538,-1.1493045
-2.7408917,-0.3305916,0.99894047,0.57889885
0.9069176,0.8591939,-0.35975623,-0.084657915
-0.7488009,-2.5025067,-0.41754028,0.40287766
-0.42244717,-0.8002881,-0.30072588,0.72889745
-0.6829545,0.7368161,1.2752527,-0.9699501
0.20266668,-1.747686,1.3947048,-0.7300657
-1.1275773,-1.9302201,-0.20894463,0.85902506
-0.09204484,-0.31058827,0.19481699,0.25004274
-0.015499971,0.9505124,-0.9478896,0.3936568
1.0807916,1.1908479,1.7646985,0.9611554
-0.123909384,1.026497,0.8008539,-1.2477405
-0.5405192,-0.29544064,1.499599,-0.16173185
0.1943803,-0.31123388,0.6051639,-0.9243162
1.0844336,-1.9948733,-0.5950042,1.1008155
-0.5891813,-0.21206476,-0.3726598,0.6091717
-0.16065384,0.38361606,0.5678537,0.52031034
0.54909503,0.18836409,-0.038476784,0.17059931
1.8281275,-0.54329544,0.46850672,1.2982494
-0.7055705,-0.30748785,-0.6504544,0.5290331
1.2863781,0.12842551,1.1805619,-0.89804524
0.18628871,-1.4485992,1.6275499,-2.7630792
1.389348,0.67834264,0.8352577,1.1814584
-0.11045169,-1.1400816,-0.9138568,-0.9008862
-0.19475271,-1.5260767,0.37577507,-2.0060282
-2.0020163,0.6523791,-1.0357717,-1.8694915
0.5539324,1.8869013,-1.1676528,-0.57263803
0.80634093,-1.4370329,1.6535531,-1.3306819
-0.45819464,0.092424385,0.44580582,1.2042843
0.5882053,-0.5114146,-0.19130081,-0.49409425
1.272156,-0.32466844,-0.3569027,1.4280982
0.444637,1.1224867,-1.3749707,0.73839754
-0.5433665,-0.08995738,0.07648411,1.0117049
1.1131896,-0.6438252,1.2904392,-0.475446
-0.873874,0.4490686,-0.48253998,0.3351934
-0.6525071,-2.2627084,0.36873922,-1.7766643
-1.511365,-0.9164159,0.23144445,-1.0631601
1.6419371,0.75231886,0.054182086,0.20425813
1.3263322,1.0351913,-1.0369705,-0.86408305
0.17728254,0.30269715,-1.0469582,-0.76264644
-0.34428397,-1.2800734,1.9649333,-0.88969904
0.49791804,1.5496992,0.6717747,-1.3243209
-1.3431816,-0.015113322,0.05885232,1.469389
-1.580579,0.43005556,1.439801,0.6591085
1.6984236,-0.19205417,2.1467752,0.93070185
0.0028269722,2.023983,1.4670423,0.17669451
1.0977411,-0.8501343,-0.3396869,-1.9261817
-0.767538,-0.19051181,-0.4636393,-1.0507154
2.220757,-0.04350949,1.0309777,-0.18586577
1.245568,0.3862175,-0.711197,1.3859918
1.3934174,2.0998917,-1.2250775,-1.1522574
-0.39217708,-0.19512258,-0.63704014,-1.5753945
0.9216832,2.339937,0.5740202,-0.1654016
-1.6674259,-0.3088464,0.92416465,-1.0475104
-1.0499488,-0.21917994,-0.5533202,-0.058667477
1.2977488,-1.3740168,-2.7914238,-0.85194993
-0.36682802,-0.07955443,-0.72845274,-0.5202541
0.4876059,-1.4720042,1.1191958,1.6769525
0.78572744,-1.4038906,1.3159735,-0.5644883
-1.2413237,-1.3785132,1.7366911,1.3619945
-0.1419297,0.3742882,-0.31365046,0.099288374
-1.4805089,-0.7033698,-0.39366272,-1.3799502
-0.92090213,2.2503104,0.3666661,1.0028033
-2.2652535,-0.30422083,1.7802889,-0.4755477
-1.6817402,-0.2807748,0.96521163,-0.97423035
0.1588541,-1.9867265,0.15258533,-0.94063336
-0.7212,-0.19724463,1.0340303,-1.4637716
1.5124886,0.94286865,0.5121512,-0.25798076
-0.84645104,-0.5224057,-2.8252068,-0.4303051
0.464248,-0.8031763,-1.1784059,0.10690262
-1.1694821,1.9626251,-1.3932788,-1.2026421
0.2759614,-0.71958804,-0.96017104,-1.4282076
1.0307041,0.16023955,0.60770774,-1.7432135
-1.6997283,0.21149412,0.9514667,-1.2171588
0.24403982,-1.5872351,0.5988611,-0.08924824
-1.0048146,-0.002598929,0.82609636,0.35425344
-1.6269362,-1.0051394,-0.4834344,0.36870828
-0.091397986,-0.47462592,-0.7763512,1.5996542
1.1035343,0.6627761,-0.18257375,2.008453
0.32251695,-1.4426036,0.05314261,0.11315905
0.14835182,-1.3603286,1.507236,0.064443156
-0.18526947,-1.2349646,-0.050987553,1.2120496
2.0254667,-1.1068769,-0.95332277,0.35023123
0.21683991,0.019601794,0.92336094,-2.0041056
2.627586,0.69123244,1.1933702,1.0033761
1.473144,-0.66049844,2.1170883,-0.6116216
0.46751308,0.8616442,0.10696897,-1.675032
1.5791564,-1.5020969,1.6735499,-1.1438476
-0.618765,-0.43528524,-2.5575404,-0.5116078
0.5428015,0.7366304,-0.3593228,0.67109674
-0.12563957,0.18918489,0.36021715,-0.50102824
-0.6420322,-0.17658977,-0.7643267,-2.1681578
-0.66393465,-1.1868614,-0.8317281,-1.9731315
1.0447819,0.6055321,0.19549197,-1.0079364
0.7733786,1.095848,-0.6612902,1.3281685
0.6519124,-0.5352057,0.8208177,-1.2997386
-0.14418265,1.3988258,-1.527014,-1.3257074
1.0471674,-1.9915918,-1.3028171,-0.7670684
-0.037349995,0.40524757,-0.42107448,0.88524365
0.5329056,-1.5202761,1.5359383,-0.38896596
1.6385665,-0.66840345,-2.244026,0.7512466
1.0594368,0.6901054,0.34398642,-0.99870384
1.5873888,-0.48676565,-0.5735376,-1.0706426
0.76826507,0.5418612,0.6824121,-1.2646741
-0.5437487,-0.9812258,-0.8774061,-0.1366893
0.9800743,-0.6132711,0.3384692,1.0038735
0.74124384,-0.0459609,0.36876693,1.4413743
-0.71382225,-1.4546462,-0.49188122,-0.06727355
-1.2587467,-0.4068415,0.14221106,0.14694846
0.25125575,1.1169987,-1.7120957,-0.20415135
-0.12179121,0.95314234,1.1152486,-0.38111877
1.2929224,1.6334331,-0.04507053,-0.6156353
1.4457703,-1.3299865,0.1326178,-0.8348714
1.5215181,-0.16369459,-1.5634841,-1.8226848
0.5328598,-1.2920184,0.772324,0.47225755
-0.32982397,-1.5280671,-1.1130958,-1.0043246
1.796454,-3.2312562,1.1654413,-0.75965965
0.45845604,0.36091182,-0.0023316215,-0.40172783
-0.85347295,0.8657815,-1.7460889,-0.7011244
1.3782595,0.76136667,0.9356054,-0.5185698
-0.45065776,1.3203245,0.9364301,-1.7100483
0.8848584,-2.5315912,-0.3837833,1.9328247
1.1212615,-0.8360146,0.7014468,0.1717562
0.5704249,-1.4337183,0.5841181,0.640043
-0.49336398,-1.3064315,-1.5907623,-1.4412572
-0.7245146,0.15765691,0.19608355,-0.12962946
-1.2506915,-1.68487,-0.62474734,1.8412513
-1.1927856,-1.400876,0.8223227,1.4237456
-1.2809377,-1.2706429,-0.3663291,1.1686436
-0.7733159,-0.634576,-0.06751651,-0.25409332
0.7970201,-0.004157173,-0.3503123,-0.16842291
-0.6446583,1.2914733,0.64781487,0.9116064
1.3367698,-1.362815,-0.19192512,-2.895185
-1.4197044,-0.26006418,0.67171794,-0.8027284
0.47308066,1.5383323,-1.5573093,-1.1878209
-0.052067287,-1.605089,0.24834704,0.3658811
0.3672378,1.6649401,0.75986993,1.273988
-0.19062613,0.365861,-0.52365834,0.29561856
1.1986619,-0.16493365,0.9592486,-2.190615
-1.7856177,-0.058195185,0.4772818,0.020116812
0.051126566,-1.3263088,-1.5016848,-0.2765472
1.4977388,0.20335232,-0.4524667,-1.7748452
0.9535608,-0.04796251,0.56058204,-0.17245841
0.7626748,-0.31859446,1.058399,2.0398242
1.0162331,0.117237985,1.6039345,0.1916254
-1.4465406,0.8710114,-1.1318116,-0.3204506
1.6627258,-0.4060345,-1.6388898,-1.1381128
1.2299728,1.0990407,0.8392469,-0.5985692
0.07972065,0.2075189,1.4774367,1.6712843
-2.4664276,0.31008863,-0.057566226,1.1323196
-0.59106594,2.1889195,0.6805669,3.6761992
0.6256171,0.5225486,1.7409481,-1.3230699
1.1658311,1.0801377,0.4204637,1.3156352
0.7859517,-0.7763533,-1.4283881,0.33340475
1.2303405,0.7141656,0.23724376,0.7681791
0.3770204,1.017768,-0.3849641,1.1752582
1.5844849,-0.1530238,0.029917784,-0.8015664
1.4399872,0.98027164,-2.0912232,-0.6847086
0.19634296,-0.19339596,0.48570302,1.1020727
0.7447349,-1.5425588,0.20572093,-1.6475441
-1.673955,1.112564,1.0758839,1.1489229
0.9100261,0.38357386,-0.6926821,-0.41244173
-0.3482596,-0.314488,-0.7010319,-1.4097344
1.600342,0.19275576,-0.8191375,1.8206369
-0.016291775,0.7447475,0.3955478,-0.031331297
-1.4100822,0.57552123,1.1897856,0.06019939
-0.90862346,0.41115972,-0.8195494,-1.7013253
-0.6474805,-0.56577915,-1.1313058,1.5115819
-1.1060506,-0.8495977,0.7321511,-0.78960747
-0.23202334,-0.48969668,-1.0697758,0.4323698
-1.4037949,-1.6753381,2.2875552,-0.81768465
-2.2247286,-1.1764112,1.2664112,1.2144513
-0.16520531,0.5196203,1.1003115,-1.0399338
1.7349911,0.3056842,-0.35272178,-1.8216838
0.4658411,1.4818124,0.5604963,-1.4310791
-0.058028217,0.46465197,2.0061638,-1.8844361
-0.25925997,0.16665179,-1.2527522,1.1110715
0.031877223,-2.1314712,0.006536189,0.738585
0.7095845,-0.39004776,-0.5832441,0.1340839
0.5826623,0.8809532,0.44528413,-2.1994848
-1.2797287,-0.14373413,-1.5785065,0.86608523
2.238077,0.41875854,-0.69852746,0.34982204
-1.0292255,-1.8851525,-0.9407833,-0.44178417
-0.9824111,-2.3143735,-0.0815273,-1.3967834
-0.19013591,-0.57810354,0.39596263,-1.0844501
0.52745414,-0.32400355,-0.11078208,-0.3416009
0.41103756,1.5239595,0.8176159,0.86174357
0.45284277,-1.8677278,-1.2636374,-0.21778038
1.222242,-0.5854361,-0.58054525,0.0002858694
-1.9216982,-0.79259735,1.3672471,0.42322028
-1.1464797,0.6832315,1.1431448,-0.30536747
-1.2250159,-2.105385,0.28811288,0.25093898
-1.6544935,0.03638067,-1.1519778,0.21964237
0.22299974,-0.9652297,0.84804845,0.35419148
0.58013755,-1.5934274,-1.1213051,0.063686796
1.214642,1.9243282,0.7825104,-1.2320198
-0.8823819,-0.31301463,0.923551,-1.6202489
0.47574514,0.6803698,-0.9658951,-1.3737645
-1.4868703,1.7226858,-0.8647381,-0.3342979
0.89882165,0.47283357,0.88764113,-0.60218394
-1.1711243,-0.94769776,0.2881472,0.2649822
-1.0900267,1.2576938,1.5173126,0.73349154
-0.89713144,-0.72486955,0.3180556,0.11459411
1.5680555,1.4590845,1.2668102,1.789714
0.5959635,-0.46240774,-0.42023224,-0.6027766
-0.08974167,0.25723574,-0.5674223,-1.3457195
-1.3726354,1.1788772,-0.50237674,-0.2960428
-0.12258243,-1.7678248,-0.6711008,0.69923466
0.42532587,0.10703171,0.3285703,-0.8641142
-0.57431436,-0.7314126,0.5486595,1.416821
2.508822,0.35942024,0.6980225,1.3413942
2.002562,-1.0992285,0.5795357,0.08274429
1.0426034,-1.1256454,0.8105074,-1.0874286
-2.1494422,0.9792951,0.9332071,0.49792242
-1.3328592,0.9488904,-0.033969946,1.3564943
0.3101685,-0.7753241,-0.62479216,0.5749965
-1.5244434,-1.5958178,-1.2034868,0.7738037
-0.24245416,-0.46272555,-1.2375265,-1.0558034
1.7910476,1.6370107,1.4732528,2.5847657
-1.5727094,-0.50165945,0.6461535,1.1244104
-0.4857246,-0.96939355,-1.3752213,0.445472
-0.3725059,0.34483248,-0.4676528,-1.9099789
-0.40444347,-0.8965917,1.350967,0.10871979
0.80542576,2.2158082,-1.8416325,0.003452406
-0.695501,0.24032038,-1.0262685,-2.4970922
-1.8499398,0.24846908,1.2982273,-0.962351
1.8158957,-0.6466319,-2.4213376,0.041108076
1.6389581,-0.76956046,0.2990955,-1.0316321
-1.6807691,0.91983724,1.9605018,-0.32545772
1.1349857,0.6562136,0.8435283,-0.169907
-1.0977088,0.00027009717,-0.81144744,-0.098572224
-0.59273386,-0.37184352,-1.1819451,0.09253583
-0.2521889,-0.27748188,-1.1596104,-1.1237484
0.49770927,1.5628827,-0.6591791,-0.2341012
-0.19763067,-0.4416532,-0.13590351,0.13344753
0.8476354,1.9526222,2.1086426,-0.5145262
-0.51407576,-1.6999683,-0.4057142,1.0572286
-1.4660231,-0.6778466,-0.61826575,-0.971345
-1.2530482,-1.5307481,-0.67048544,0.80043113
0.36118352,0.6412754,0.15924223,-1.3594487
0.95411235,0.26773366,-2.8706203,-0.8862225
1.846002,1.5458204,0.7865668,-0.6082854
-0.65241164,0.8501481,1.1743021,-0.29159912
1.0962372,-1.1685683,-0.5140683,0.23363562
1.1448009,0.1794403,0.90283835,0.37910703
-0.36000183,1.5245453,-1.2201544,1.1424695
0.92500824,0.53880435,0.20665838,-0.06580655
2.4745078,1.3743087,-1.1935108,-0.7308992
1.2437472,-0.27520037,-0.7489238,-1.1107607
-0.85934776,0.8762078,-0.13531889,-0.7865333
-0.47259656,-0.30952424,1.7472315,-0.39397222
-0.4827058,0.94314545,0.0442084,-0.9729071
0.062572606,-0.9859993,-1.645669,1.3915623
0.6233018,-1.8441509,-1.935886,-0.5960902
-0.46998334,0.46832,-1.1617854,1.397398
-0.025778903,1.9331731,2.4971492,-0.30398053
0.8663324,-0.2191482,-1.3921673,2.0968835
1.3007087,-0.6658993,-1.0017271,0.7306067
-0.9590576,-0.020459417,-0.6725931,0.87497634
-1.100967,0.43219116,-0.48008627,1.0319654
-0.5574244,0.63478965,0.44345206,1.3048518
0.8554084,1.5866114,0.9025759,0.33995524
-0.45598945,-0.21124092,-0.9064836,1.036639
-1.396915,-0.9410606,1.8126945,-0.94308496
0.35817593,-1.5348979,0.44572166,0.82972425
1.7423326,-0.22664396,-0.25965068,-1.1753008
0.44727656,-0.25700572,1.1987648,-0.61915547
0.21412507,2.105819,1.6254064,-1.5803277
0.4699719,-0.3601301,-0.12289203,0.68138105
1.2507564,0.69267255,0.5675637,-0.4592799
1.7317711,-2.0205514,-0.28518072,-2.9113238
-0.37164322,-1.4155923,-0.26220962,-1.6795194
0.7715578,-0.20703316,-1.5977964,1.0997316
1.2507643,-0.12443929,1.5533941,0.5483899
1.8555697,1.9381629,-1.2168069,-1.1470026
-0.76680905,0.9888678,-0.7011831,-0.12863426
0.8649514,-0.6203399,1.4956831,1.5762886
0.7413955,1.4747205,1.634906,-0.98185974
-0.384669,-0.12969032,0.28491068,-0.83515584
-0.3115192,1.6144779,-1.2829177,0.15531696
0.52124137,0.5788418,1.444,-0.6682643
-0.19931532,1.3990101,0.08441318,-0.96608806
0.65089834,-0.7589756,-0.58011234,-0.7519511
1.3138815,0.31554347,0.4578824,-1.2910653
0.84173495,1.4988751,0.19958033,0.76494026
0.31059036,0.44601858,-0.103645146,0.11436901
1.0340542,-0.11054105,-0.51892227,-0.6109796
1.0927382,-0.87942976,0.12884122,-0.469541
-2.2362254,0.07692069,-0.41251948,0.14099874
1.6282591,0.1737895,-0.22446048,-1.0640506
-2.0759428,0.95296836,-1.7694215,0.12895104
0.203923,-0.50656646,0.18880333,-1.6234362
-1.1911943,1.014742,-2.7025993,0.2742457
-2.0663543,0.9792883,0.01750731,-0.5108188
-1.7678334,-2.3328524,-0.15625043,-1.3763961
-0.0014467641,-0.99552053,-0.073898725,1.7497978
-2.3771782,0.624645,0.08665097,1.5805728
0.88676345,0.083606526,1.1607887,-0.3313921
1.3827951,0.9586459,1.7042902,-0.23438983
0.8877651,1.1507872,-0.76518625,1.3280746
-1.1503943,0.94266135,-0.52794707,-2.2292387
1.496656,-0.83822966,0.8987262,1.1537037
-1.9953814,0.50976574,-0.74920297,-0.8446343
0.68162143,0.7754528,0.25261042,-1.602316
-0.55490834,-0.7430778,0.74293625,1.201473
-0.28931987,0.48232353,1.8167485,0.23629044
-0.016383858,-0.17622502,-0.7418374,-1.1415404
-1.5857105,-0.12314787,-0.37765998,1.3192228
-1.9511615,0.6866028,-0.49529696,-0.19063307
1.9491936,-0.08744308,0.20203939,-0.2251064
-0.083380386,0.7667949,0.8765241,1.434496
0.5847854,-1.4773359,0.19144258,1.1959708
-0.5314186,1.9765086,-0.9180878,-1.6509739
1.3413888,-1.9004214,-1.628143,-0.81318706
0.5855646,0.33117136,1.4954736,-1.1149027
0.48474845,-1.7970517,0.0056922324,0.7514481
-0.56230223,-1.2821066,-0.40257397,-0.26856473
-0.17417854,-1.7317973,-0.055440865,0.9159598
-1.0308896,-0.71719617,-1.9370813,1.4526949
0.9978869,-0.2149467,0.4672627,-0.05566452
0.4455169,0.5236604,0.8407406,-0.43533704
0.7111954,0.34217322,-0.12481728,-0.66347367
-0.8341409,-0.5741518,-0.808582,-0.021809727
0.4299884,-0.32919288,-0.9852041,0.57568026
-0.5711534,-2.0940294,-0.9052865,-1.2022402
0.9294607,-1.4633632,0.56883496,0.6125103
0.9801052,-1.2978483,0.80008936,2.4423978
1.8304843,-0.1639223,-1.5109379,1.0319648
-0.042532105,-0.28598282,2.8239365,0.74158025
-0.8111418,0.7299204,0.22100613,-0.420977
-1.9080148,1.1508353,1.0887744,-1.1609854
0.30510646,0.9338259,-1.4263034,-1.350898
0.44831416,1.3731129,-0.2632588,1.2183518
-0.9006514,-0.58164245,-1.6456503,0.41335312
-0.6034589,0.575837,-0.39417624,-0.18730336
-0.38054872,-1.6281369,0.99839467,-1.0102712
-0.9768528,-0.8191722,0.66702616,-1.1188554
1.2829629,-1.427897,-1.4502293,1.3422275
0.6227569,0.36269537,1.7726195,-1.8315015
-0.9652762,-1.2534288,1.0780133,0.711533
1.5911127,-1.2456326,1.8182297,0.63808984
1.4455267,-1.2792362,0.5955079,0.4736664
0.008831634,0.8401816,1.2379731,-2.4759686
1.0027175,0.1444451,0.48821566,-0.2966277
-0.32619247,1.5953764,-0.6357374,-0.03785293
0.43944708,-0.55646586,0.8434362,-0.46952567
-0.05389818,-1.9313768,-0.93767303,1.5696542
1.0576987,-0.960825,0.80061007,1.2147067
-0.7197378,1.5398608,-0.8147292,-1.0654685
1.3631707,-0.86894464,0.34756973,-0.4797572
-1.6363844,0.3715831,-0.7038995,-0.71891737
-0.0017358306,0.5085112,-0.8794784,1.0802131
-1.6374265,-0.80981135,-1.231682,-0.8305657
1.8012959,-0.15767102,-0.9957599,1.2074387
-1.2389178,1.6058599,-0.7663018,-0.40122098
0.87018424,0.24796078,-0.33065534,1.1310985
0.78830874,-1.2812836,0.9089545,1.0501481
-1.3320076,-0.44142446,0.77777296,1.1685308
0.4934777,-0.7623692,-0.025076311,0.39116848
-1.023375,0.73097533,1.7337966,1.0156311
-0.90243727,-1.8296375,-1.0375472,2.1326103
0.38048357,0.6482528,-1.4435228,-0.21637604
-0.18001981,-0.8401537,-1.3191614,0.5360622
-0.9380703,-0.037588283,-1.3869634,1.3918791
-1.6293726,-1.057922,-1.1696275,1.8864918
-1.7866887,0.45959213,-0.425014,-1.2401235
-0.86353254,0.48227292,-0.11328905,-0.7697816
-0.3019649,-0.08385739,-0.46086544,1.7465278
-0.8018098,-0.5609642,-0.6924162,-0.34320867
1.2047461,1.1729554,0.72970605,2.2592852
0.34051967,-1.9365458,-1.4815756,-1.4139187
2.0405936,-0.69559926,0.14867797,-1.2889199
1.413902,-0.888747,0.062333193,1.3992461
-0.22160439,-0.45181397,-0.37126964,0.60718536
-2.5578172,-0.5728405,-0.7683619,0.2939765
1.5909375,-0.8533568,-2.2664719,-0.36401814
-0.74688196,1.9546379,-2.6678984,-1.2399758
0.87068546,1.3937818,-2.1064067,-0.7897903
1.3897135,-0.010962661,-1.6709508,1.620923
-1.8646562,0.43410936,-1.4832265,-1.3336636
1.5935068,0.95615613,1.8945838,-0.6789637
-1.9335623,0.5444811,0.15758632,-0.5481577
1.3536512,-1.6689643,-0.75817376,1.0488755
-2.3371246,0.78620535,0.36760464,-0.9599864
0.85288423,-1.4375377,-0.8369854,-0.4184242
1.1865648,0.18220207,0.4640197,2.5236814
2.1497965,-1.5002793,-0.70735854,0.49055624
-1.0948908,1.3887321,1.1515027,-1.3837882
2.2739604,1.7104149,0.7947595,0.7083615
0.47988018,-0.47028163,1.3812816,0.23402166
1.7912333,-0.6282259,-0.34869426,-0.75000006
0.73937356,-1.2394379,0.3779248,0.9307074
0.8832288,-0.72784007,2.566594,-0.5307056
-1.2108696,-0.39248046,-1.3539075,-1.6058695
1.7117698,-0.94339806,-0.8338752,1.3000652
0.36479333,0.9049407,0.56306964,-0.8208003
-0.5132416,1.0871898,1.5688367,1.713029
-0.56201404,1.1287805,0.844229,1.838826
0.29544908,-0.9996579,0.54531366,1.0349941
0.6583979,-0.5925565,0.9449431,-0.09658663
0.14716372,0.42954338,0.680938,0.26579112
-0.85219145,-1.496575,-0.712624,0.040683374
0.7825231,-1.881987,-0.93516636,1.0847208
1.803217,0.9385071,-0.37269783,0.32258916
0.35909653,-2.3710039,0.055609476,0.91733503
-0.8780418,2.0231912,-0.6899722,-0.79719365
-0.15785597,-1.0831054,1.9716506,-0.63090605
0.14010678,2.6970186,2.3027205,-0.040561754
1.3901718,0.4405744,-1.6904181,-0.48686352
0.86451274,-1.0416124,-1.0446326,1.7865574
-1.2910048,1.188201,1.1278,0.745414
2.463086,0.89029485,-1.0659263,0.09827763
-0.9793872,-2.0332222,-0.93568665,-0.38274848
0.4008688,0.4253637,-0.18324815,-0.8826209
-1.5712724,0.9213465,0.6098961,0.7480371
0.6189752,0.23950402,0.65641767,0.17170489
-0.25995424,-0.16829875,0.7707077,-0.5765078
0.29541734,-2.068728,-0.8810445,1.9203571
-0.670419,0.4932364,-1.207803,1.0114238
-1.2313174,0.31617758,1.5988873,0.041764874
-1.7666112,-0.62875885,-0.9641736,-0.97401756
0.6224685,2.0033958,1.0107212,1.3470825
-0.46577048,0.20785484,-0.42024726,-2.1919446
0.6824219,0.55614156,-1.6830143,0.33283868
0.5852451,1.1758907,-1.6281717,0.5205233
-2.1903422,0.3847277,1.1014576,-0.11267561
-1.3196255,-2.6944733,1.5154841,0.12759036
0.3842327,-1.2999644,0.1540414,1.2701125
0.1254202,0.07140658,0.59898406,-0.11461824
-0.36093628,-0.75388694,-0.38232544,0.23333141
1.7318413,-1.2346776,-0.20710541,-0.594639
0.48056376,2.1407113,-0.6125904,-1.2146887
1.6036898,-1.0258529,-2.2815368,0.22534542
0.65540326,0.661768,-0.7068441,-1.578543
-0.29992083,0.40940595,0.69903904,1.655462
-0.8537888,0.03502888,1.087715,1.5517274
1.113604,-0.59329844,0.25354335,-0.9762715
-1.9193474,-1.0657201,-1.6895716,0.40810493
0.51623833,0.08144065,-1.8374106,0.011421939
0.36032933,-1.4457293,0.7529176,0.14661194
-0.20075999,-0.41304243,-0.5240186,-1.2476858
1.5136709,1.2663363,0.29269683,-0.47177333
0.8391867,-0.7539966,1.6032101,-0.17327654
0.16156688,-0.4792543,0.7047222,-0.32159963
0.38110694,-0.68131834,-0.1534504,-0.31518203
0.7935006,-0.13115911,0.044744417,0.110660404
0.3294353,-2.5225036,-0.15358184,-0.41815898
-0.5153305,1.201716,-0.17653897,1.4932811
1.5800884,-1.818512,0.11620354,-0.026445944
-0.4106189,0.3045016,0.9755766,-1.5556306
1.0022318,-1.114322,-1.697312,0.58032525
-2.0978487,-0.5448012,-0.9570718,0.77109426
-1.0472876,-0.39061162,-1.8173606,-0.82465965
0.6423918,1.0488948,-1.2574314,0.13122812
0.24602051,-0.7321001,-1.2851799,-0.101453654
0.34763253,-0.01798739,-0.96548456,-1.7167677
-1.875822,0.3348878,0.02995287,-1.5243692
0.094783865,-0.9191495,-0.09315632,-0.45811254
0.24450658,-0.14014788,0.2230769,0.03937006
-2.7374415,0.29215115,0.49688956,2.339207
0.87777835,0.80077636,1.2196531,1.475495
-1.8576514,0.74014705,-1.4800922,-0.412926
0.60859674,0.12156862,0.19663666,-0.8331309
0.23976634,0.56514233,-0.0052915704,0.66033274
-1.8422701,0.15257117,-1.8208992,-1.5685254
-1.0346538,-0.7847736,-0.41366848,1.6380144
0.69622225,0.7545216,0.7739053,-0.5112521
0.8413445,0.45951632,0.6249496,-0.9284075
0.14586481,-0.40094253,-0.54319054,1.8737953
-1.1013948,-0.121007286,0.4329176,-1.231063
-0.75248265,-1.191636,0.31508017,0.17278235
0.58277863,0.50645435,1.7548625,-1.3391024
-2.297824,0.4518454,1.1756244,-1.0822079
-0.4000145,-0.2854938,1.9168547,1.691699
0.44195023,0.6448003,0.82077813,0.072000034
0.001455833,2.5144682,-1.2831546,-0.8316726
-0.43290535,0.594901,-0.25201884,1.1164944
-1.3305917,2.334771,2.465439,0.9745951
1.0210663,0.6502014,-0.78073895,-1.5754426
-0.54352695,-0.4893356,1.8199693,0.7491405
-1.109876,0.5023726,-0.7976533,0.5557579
1.401245,-1.3321084,-1.2492367,0.42469978
-1.6435672,-0.23313609,-0.6638301,1.5185407
-0.97484356,1.2383102,1.8355082,-0.80334806
1.2800624,-2.3447607,-1.2978175,0.15378462
-0.35233378,0.74117243,0.63667005,0.21659653
-0.14941363,0.7603231,0.11241229,-0.33275828
-2.0850065,0.91029453,-2.8231165,0.21111323
0.73219794,1.3499637,-0.17184697,-1.5283136
-0.2061479,1.0457249,0.6245422,-0.63859344
2.3717163,-1.5554391,0.8823635,-1.3645669
-0.018974183,0.8189845,-0.73921096,-2.0488183
-0.4781,-1.4604048,-0.23779295,-1.0791923
-0.95955825,0.4219069,1.5098007,1.8036959
-0.26446137,0.70004267,-0.63220596,-0.77008706
0.92844737,-0.74577075,0.11349066,-1.7378597
-1.0000346,-0.33245274,-0.6541041,-1.0073318
-0.4552561,-1.36685,-0.42067033,-1.2214035
-2.5813274,-1.000461,-0.73408806,1.4836485
-1.2897344,-0.3795275,-0.69751173,0.5940953
-0.9772193,-0.78619313,-0.10379536,1.288282
-0.5164556,0.9722536,-0.85177195,0.4759972
-1.6997014,-0.17040837,-0.3038354,0.9341072
-0.06197618,-1.4614177,0.08700006,-2.390266
-0.56437826,0.697294,0.6259013,-0.18394019
-1.2936245,-1.6929528,-0.20203024,-1.2676985
-0.6973772,1.3266506,-1.2748107,-0.95491904
0.68456185,-0.7812562,0.8358369,-2.1828756
2.1365976,-0.27613464,1.0595572,1.1807915
-1.296943,1.0587564,-0.32863885,-0.42088664
-1.2522404,-0.0029298512,0.5976463,0.79041284
0.6728452,0.22344483,-0.5705666,-1.0403434
-1.0257415,-0.6063835,-1.249572,-0.77954054
-0.75117445,0.49988088,1.3360304,1.3131276
-2.3150978,-0.5857757,1.4600292,-1.9132128
-1.4958836,1.5487262,2.0025094,-1.0905201
-1.034398,1.1295872,0.95270157,-1.1719497
0.64630425,-1.0721248,-1.8136129,1.0324422
1.213205,0.76660186,-0.6022511,-0.7004418
1.655765,-0.6792512,-1.2983129,2.4443233
0.34879753,-0.97164494,-0.9089678,1.1647619
-0.22593184,1.0001777,0.69790363,0.100757785
-0.13863482,0.800166,0.23640172,0.43936747
-2.1825774,1.7634156,-0.05349508,-0.90652937
-1.0987755,-0.21855518,0.75223404,1.9227185
-0.72716653,2.2911997,1.7097038,0.6532033
0.3089893,-1.0204053,-1.5914854,-0.27870545
0.53256494,0.30456072,-0.60110486,1.0636283
-1.2476847,0.7104421,-1.1382916,-0.8393322
1.8703849,-1.2595501,0.42936942,-0.53158927
0.7455486,1.4801961,-0.14753583,0.3744658
-1.8811821,-0.9302283,-0.5905242,1.9494996
-0.82500726,1.4075072,-0.107380666,-0.19382203
-1.8284335,1.7072417,2.1991313,0.6167834
-0.45384666,0.46467957,-0.36898616,-0.4972757
0.14835003,0.6991403,1.0935631,-0.4613145
-1.8114476,0.16566662,0.6535597,0.5996651
0.8809673,1.2184421,0.032742366,0.24151912
-1.0895653,1.3146802,-0.14860584,1.2655139
1.0944654,-0.80974114,0.25745413,-1.2101071
-0.167815,-0.87587994,0.56084365,-0.70482665
0.25000194,-0.4536743,0.35875583,0.69510496
2.2239695,0.5933569,-1.3401759,0.09104685
0.56205106,1.6047516,-0.5598217,-0.74185866
1.611947,0.395217,0.32247332,-0.24346462
0.36855638,-1.3331676,-0.5954566,1.2925862
-0.15217112,0.622789,1.0811099,2.058725
-1.000771,-0.66456777,-0.630836,-1.990107
0.7460513,1.6117294,-0.39332485,-0.5118426
-2.1085184,-0.9962776,-0.48087952,1.8926544
-1.8216317,1.1761131,0.2366776,-0.7577271
1.8954855,-1.4446851,0.052850027,1.3894187
1.836878,-0.6724524,0.22072332,-0.20126738
0.92383343,0.23011312,-1.4389524,-0.62237984
-0.77158004,-0.41914645,-1.1064475,-1.1201699
1.1630493,-1.9331621,0.6442696,1.6064054
0.1639874,-1.5885781,0.8020476,-0.42357537
0.6857289,-0.8844979,0.73765236,-0.27175683
-0.6646038,-0.39114735,1.1513965,-1.1520478
-1.148887,-1.4438136,0.107969336,-2.4237738
-0.14483787,-1.5915537,-0.5572522,0.6341663
0.277014,-1.311669,-0.995493,-1.6897838
0.8178139,0.7964845,-0.46112525,1.6237534
0.40942225,-1.9799484,0.6354416,0.88838077
-1.5078924,0.024087818,-0.6019227,0.72275573
1.8520443,1.9398527,-0.69084287,0.021340284
-0.660677,0.29159686,-1.3738213,0.36896953
-1.1191201,-1.9764467,0.55860424,-2.1975753
-0.44974193,-0.5308828,1.0418996,2.3977108
0.36801186,1.6085808,-0.8748245,0.7044067
0.3703566,-0.39939317,-1.1819941,-0.21040426
-0.8396325,0.4088568,1.3964726,0.37308615
-0.92841107,1.8356415,-0.03281844,-0.27967587
-0.2602177,0.2808526,-1.3242935,-1.5509847
-0.5092137,-0.09791859,0.53251994,-1.2311118
-2.4728513,0.92624617,-0.2692499,-1.142944
-0.93186915,-1.4530697,1.0261446,-0.85253745
-1.0838469,1.1510367,0.22490627,1.0225981
0.69019866,1.5437483,-1.3919908,-1.1459243
0.21107824,0.7031779,0.027227663,-0.29531997
-0.7641193,-0.43049195,0.7399401,-1.7111896
0.3701324,0.90018517,0.814397,-0.8401108
1.2645355,0.27795747,-1.279131,0.51310897
-0.718321,0.41291842,0.09504471,0.5982575
-0.7987206,-0.6120505,1.6638904,-1.0946497
-0.06851485,1.7306124,1.4567215,-0.1708328
-0.60603577,2.5772998,1.778088,0.13595815
0.48741722,-1.5960491,1.7770581,-0.6699472
-0.03888507,-1.0001799,1.600942,-1.5282655
-0.08758771,-0.5176613,0.01067443,0.08788387
2.1539214,0.98094934,-3.022303,0.9101687
-1.8144894,0.06643622,0.108714566,0.3984792
0.2605745,-0.44748548,-0.5835018,0.50131124
-1.6539294,1.893405,-1.581967,-0.9288858
-1.0466759,0.8998462,-1.1390381,-1.6076
-0.17153585,0.4231386,-1.4544975,-2.5916011
-1.2715431,1.4499882,-0.5946052,1.2907162
-0.37762964,-1.8093975,1.5838594,1.2062519
1.1464347,-0.6964601,0.48021644,-1.3219465
-0.41872835,0.079453364,0.7236251,-0.4571454
2.3916647,1.7165815,-1.6817439,-1.2606767
-1.2416769,0.7148367,-0.9707309,1.0757236
1.6160336,-0.14909309,-0.114213146,0.45421153
1.1596133,-1.4748433,-1.9505428,1.3150463
-0.9403129,-2.2630188,-1.9952804,-0.67306745
-0.9750518,-0.9421584,0.7768207,-0.09272124
-0.7223066,-0.21070527,-0.18907358,-0.32450655
2.7596796,1.266154,-0.77850586,-0.00969656
-1.4026866,-1.367895,-1.0928969,0.4661562
0.98668224,0.9351383,0.22862712,-0.023037082
0.11896426,1.26757,0.5740099,-0.3982818
1.3213412,0.21608412,1.3515263,-0.06650217
1.3419902,-0.8313646,1.7459961,-0.30638814
0.853732,-0.76518315,0.4198482,0.77433634
-1.9210458,-0.05340121,-0.9310431,-0.4734243
-0.58622867,1.1851857,-1.6896056,1.6042681
-0.5511474,0.3456797,-1.1622918,-0.6486996
-0.7555235,0.26403335,-1.0080537,0.23587373
-0.89103365,0.006980151,-0.5307194,1.3894192
0.75607556,-0.95474166,-0.65496826,1.10525
-1.6448338,1.3228127,0.7088462,0.950046
-0.4120389,-1.3211634,-0.72508377,-0.16848268
1.3332082,2.3379946,0.544326,0.34241596
1.7327908,1.8499783,0.6326112,-0.27703273
-0.49389473,0.9974955,1.2796758,0.54029423
-0.03219721,-0.14943805,-1.8637859,0.42585248
-1.1384515,1.5914968,0.19600229,-0.92370945
-0.12084966,-0.7079764,0.23480357,0.7091201
-0.4714716,-1.0148338,2.1942143,-1.1200001
-1.4342676,0.38761967,-1.2216254,-0.29872605
0.42832795,-0.5028285,-1.221732,-1.4489093
1.7483513,-1.4556777,-0.53458315,1.6084734
0.098634794,-0.2903818,0.35272482,-1.1840994
-0.2888317,1.6460571,1.0961381,1.4645329
-0.98725927,-0.2139209,-0.016185721,-2.2715042
-1.3342507,-0.32347935,-0.6919096,0.37556362
1.3969469,0.4933699,-0.74355036,-0.6334823
0.7475934,-0.49776328,0.6512059,0.95645297
-0.006119557,1.3294233,-1.1313336,-0.7076591
-0.6754117,-0.19861276,0.8061295,1.0232029
1.0776659,-1.2344406,-0.66627544,0.09159772
0.25821987,1.4758556,0.20698698,-1.5759124
1.0793693,1.1061691,0.99256206,-1.2267588
-1.6468942,0.5626862,-0.35128623,1.4333051
1.1213495,0.49808463,-1.0159333,-0.37526363
0.61074066,-1.340964,2.0983496,-0.83662504
-0.3023924,0.92987347,-0.94532114,-0.7077962
0.3309793,0.1429963,0.27375287,0.26897097
1.0680695,-1.655062,0.5678103,-1.1078677
-0.47974306,1.0937105,-1.8784908,1.5537645
-0.9404484,-0.20249002,1.8076736,1.0947804
0.26174107,-0.2841152,-1.5189067,-1.7905276
0.9513087,1.394002,-0.2389599,1.0648307
1.2717342,0.8716389,0.6949056,-1.0663766
-0.90013146,0.877166,0.13074028,-0.80287576
-1.7002531,-1.4608388,0.83042175,0.45546412
-0.3278682,1.3799134,0.7026736,-0.21302865
-0.35627744,-1.1886625,1.5697366,-1.0160091
1.6067766,-1.0435896,-1.3502779,-0.30798355
-0.63180727,-0.44189632,-2.175444,-0.67266816
-0.73028344,-0.49776658,0.7989909,0.7947243
-0.6211573,1.0810517,1.7806833,-0.033695735
-0.21142012,-0.79702234,0.31132486,-0.20084895
0.29161632,1.1570367,-0.849115,0.48230484
0.8699188,-1.3109127,-0.22413959,-1.6897547
1.2674369,-0.113333784,0.10627041,1.1178654
-0.11069128,-1.7161793,0.26325828,-1.3824203
1.0714685,-0.91208786,-1.464793,-0.13833506
-0.02961437,0.16896912,-0.4000835,-1.068449
0.11144965,-1.7694877,-1.9499353,0.66065973
0.52013105,-1.755257,-0.72472155,0.45844007
-2.537466,1.6813456,0.13470937,0.7826856
0.24752404,-0.93950826,0.07603085,0.58022827
1.6095825,1.5050155,-1.5932271,1.444967
-0.57823,-1.1936691,-0.7979471,1.9141321
-1.128407,-0.13510501,0.3035953,0.29882237
0.7423259,0.86873376,-0.100398764,-1.6279014
1.2770911,1.9605539,2.280757,-0.5551254
0.7743126,0.61992735,-0.8175502,-0.6852366
-0.231085,-1.6265154,0.8047792,-1.6639
1.7459425,0.749575,0.53761625,0.42595255
-0.9122238,0.9161361,-0.9600317,-1.6777562
-0.37746772,0.8075187,-1.4051441,1.1118947
-1.3821442,-1.1090007,1.5919952,-0.58016056
-1.0610068,-1.6679865,0.64294946,-1.7492634
0.7844251,0.5557885,0.5755999,1.2122642
-1.0926715,0.3901987,-1.4536874,-1.2596675
-0.44640097,1.0134983,-0.6975007,0.46749473
0.09821165,0.010524113,-1.3702918,-1.077617
-2.2439365,0.9084465,-2.0460343,-0.5124763
1.450222,1.5051123,-1.9409066,-2.0801284
1.0302856,1.8904508,-1.8329366,1.5682521
-0.66488045,-0.3083943,0.6163792,0.24983239
0.38695526,-0.97183394,2.7401009,0.9224882
0.78340936,-0.7168491,0.64277434,-0.22945698
0.8669338,2.311981,-0.2469243,-0.3625132
2.722249,-0.8126887,1.2745477,1.070144
0.51846284,-1.727074,2.3819263,0.66735
1.2314123,1.3188972,-0.88875127,-0.1516706
-1.331923,1.0070308,0.4524015,0.062249515
-0.30803126,1.339128,0.024932325,-1.108888
1.585736,-1.8010055,-0.07099955,0.35617316
-0.2589917,-0.7194005,-0.9697189,-3.1362782
0.9799139,0.8544179,-0.86222696,-0.9975594
-0.68639314,0.60021466,1.2547802,0.7783604
-1.2841816,0.17605795,0.28993496,-0.87683696
0.8483864,0.6863409,0.8687099,1.0994749
-1.4156423,0.1672324,0.74524736,0.6635121
0.9182752,0.63445354,-1.0718468,-0.62095886
-1.1426487,0.6397127,1.6168575,0.8362392
0.67428064,1.8047079,-0.43282786,-1.7355839
1.0789719,1.7720606,0.36486033,2.2360914
-0.727434,1.3968706,-1.3657428,3.5151014
0.36493823,-0.6782923,-1.6727502,-0.9663717
1.8731879,-0.15872541,-1.1361933,0.39586258
0.9615082,-0.4764792,0.0030872263,0.6777984
-0.8691897,1.0682449,-1.5501231,1.224343
1.0054847,-0.82184255,0.10294425,-1.4966555
1.2777271,-0.9050085,0.37770748,-0.3777364
-1.23446,-1.1757038,-1.4350218,-1.0364537
1.7603315,-0.80915153,0.7310693,0.21614787
1.3310679,-2.1920402,-0.82656157,-0.7822574
1.0782776,1.6951187,-0.9859144,0.5646148
-2.086534,0.02144926,-1.3723414,0.30833167
1.0960071,-2.1608148,-1.0492934,-0.91492426
-2.2528474,-0.9616709,0.5641904,1.5675285
-0.0043301666,-1.2467504,2.1919248,1.2353364
-0.54514915,-0.6049704,-0.67616385,0.44682857
-1.3760692,1.3903042,0.28075248,-1.5621945
-1.1911005,0.85237265,-0.8311563,-1.51637
-0.4657388,-2.3083904,0.93423635,-1.2052041
-0.8085847,0.7674569,1.019,-0.54996246
-0.07310838,-0.16511714,0.8002385,1.6269879
0.12812649,1.7231591,2.4931104,-1.3678449
-0.50918317,-0.64526355,-0.65605086,-0.30389044
-0.070596725,1.0625576,-1.2886528,2.0461154
-0.13490425,0.7508796,1.4652959,-0.07804368
-1.4105524,0.49929354,-2.007118,-1.1408492
0.2438573,1.5596019,-1.8323776,-0.5277881
-0.4399809,1.3318874,-0.00033762577,0.27311528
-0.2029099,0.3314752,1.0155598,-0.9225212
0.22588107,1.0457665,-0.32071808,0.40737566
0.14151493,-0.5374833,-2.6906488,0.7919772
0.6036237,0.41046897,-2.2989235,0.64152926
-1.1307219,0.55858713,-1.5370462,0.46889424
-0.33489016,-0.6179695,1.0291489,1.6293103
0.7387422,0.65354615,-0.74327713,-0.7121819
-0.14122431,-0.7219633,1.5456598,-1.5594589
-0.34301555,1.5155883,-0.18069012,0.8795207
1.984782,-1.3311646,1.0612129,0.5826027
1.126003,-0.23391391,-0.2213955,0.8325541
-0.81292796,0.82452804,-0.6208055,-1.1182052
0.45310676,-2.023103,1.0676701,0.54403406
1.1938788,-1.4718392,1.6006594,-0.3629603
-0.26342496,0.46402255,-0.9467576,0.57715964
-0.71473575,-0.02815887,-0.87958664,1.2175299
-0.78652805,0.8705184,2.2639678,-0.3288286
-1.2837263,0.97091675,0.0026914612,2.2034729
-2.040346,0.8036613,-0.52098095,0.26123703
-1.1710018,-0.8928948,-0.8974943,0.57628363
1.1290933,-0.9684124,-0.72072756,0.90573084
1.2426624,-1.5640163,-0.64494234,-0.13131842
-0.9956135,1.1973022,-0.7968635,1.6080052
1.2347493,0.72088546,0.14526848,0.4174622
0.7719348,-0.3571161,0.22568853,-1.5154964
0.0028839465,-1.2768841,-0.2851752,0.8540125
-0.18677077,0.82626355,-1.0320765,-0.20793593
0.78732216,0.89270204,0.7463256,-1.8510747
0.5336363,-1.4579904,-0.9485899,1.9516635
1.0390041,-0.30389228,-1.1828554,-1.1123452
-0.05054985,-1.0020515,-0.48461422,-1.2365919
0.18503693,1.01904,0.9755904,1.1037747
0.14946349,-0.2718507,-0.8673029,2.347077
1.9625981,1.3604938,0.7287073,0.43944287
-0.13266598,-0.9516375,-0.2841589,0.38261187
0.17560032,1.4067999,0.68398637,-0.4816785
-0.31832078,0.8494105,0.02030646,0.03044736
-0.49720764,-1.0977387,1.1545703,2.7548645
1.6844352,0.512941,-1.5750242,0.03168748
-0.31329775,1.8188741,-1.2753466,0.44691798
0.41074064,-0.6402933,0.31983712,0.32577246
0.7207539,-1.4365678,1.3857639,0.077822305
1.1391131,-0.846374,0.18796131,0.4345536
-0.5611817,-0.02515787,-0.08079996,-0.31064636
1.7002068,1.3380864,0.048181057,-2.0003464
0.4506949,1.3518205,-1.2601963,0.98653585
-0.84994876,-1.1561385,0.20863256,-0.9444552
-0.24353243,-0.06663281,0.5180329,-0.092427745
1.0657643,-1.1374341,-1.5052084,-0.75682455
0.38901877,0.46503124,-1.8101978,1.5887876
0.2233585,-0.3919394,0.54859245,-1.4900434
-0.9732767,1.0217087,0.82347834,1.0583495
-1.9231025,0.7306059,-0.73615754,-1.1117896
0.41183722,-0.12510788,0.12474999,-0.068591006
0.08552598,-0.7053565,-0.4423237,1.175759
1.2438084,-1.6639619,-0.066374294,-0.37225848
-1.414317,-1.4564874,-2.0492525,0.67912924
0.6496244,-1.6675599,0.7558966,0.6525982
1.5047568,-0.7275829,0.3911956,0.93470746
0.57606846,-0.8592624,0.04811919,1.4962096
-1.3457774,-0.728604,-1.5402539,1.1466154
1.0575181,-1.3874738,-0.585465,1.3089042
-0.99439657,-1.0216736,-0.50188386,-0.86873454
-0.8558833,-0.08337998,-1.435765,-1.6290021
3.3384302,-1.0676383,-0.74790555,1.002971
1.0149405,-0.19425035,0.77833396,0.008213998
-0.35170114,-1.683285,-1.2004083,-0.19596128
1.3982915,1.0687517,1.2276541,-1.1516417
-1.6345804,-0.39279553,0.28685176,-0.410461
1.9596123,-0.21222635,0.4547516,-0.016430642
1.4521607,1.9946378,-0.19710703,0.29972905
-0.09573498,0.7514341,1.0799488,-0.9605229
-1.2028255,0.10404643,1.1530488,-0.33480027
1.0782233,1.215771,1.0477493,-1.3408462
1.1144328,0.15230973,0.24795319,-1.1606094
-0.027910803,0.103413075,-0.14130148,-2.4812067
0.03835588,0.6106884,0.73821443,2.8029196
0.4741228,-1.1982933,0.7929682,0.86783224
-0.51806283,-0.23915744,2.1834667,1.2280382
-1.5314682,1.5022882,-0.015794478,-0.18618189
0.025287177,-0.68601674,-0.5793431,-0.1216096
0.25068334,1.6845067,-0.60414964,-0.033226017
0.44184542,-1.2833318,-0.27731493,-0.50697976
1.629576,0.5819223,0.36659077,-0.12269826
0.22218038,1.0106091,-0.7001651,0.026830444
0.58800143,-0.6174905,-0.823899,0.8195881
-1.776471,0.9874332,-0.07935715,1.6046689
-0.5836904,-0.35291183,-0.90907633,-0.7908446
1.9143966,-1.1909591,1.8855685,1.1661618
0.20613827,1.463211,0.43783128,0.039179955
0.4723993,1.0773487,-0.34063286,0.8962726
-2.4155653,-0.15571618,0.47191733,-1.2861884
1.8151584,0.2667087,1.414244,-1.9015882
0.8722026,0.7703627,-1.7056719,-0.81342316
-0.71234065,-0.8118823,-1.0556202,1.4516535
0.34503487,2.026896,0.48938972,1.0761107
1.5385526,-0.9342648,-0.08578157,0.5103628
0.09514379,-1.0265019,0.6864103,0.82669896
-0.29722062,-0.7576145,-0.50399935,-1.8443286
-0.74689263,-1.9965436,1.2142378,-2.2335646
0.7583363,0.25126174,-0.6271646,1.0566556
-0.85632867,0.5840502,1.6568786,-0.17507368
-0.2277823,-0.2968185,0.45849168,-0.8336167
1.5620788,-1.4392455,-2.2925847,-1.2158189
1.9056836,0.24644303,-1.9336561,-0.19580884
0.8489252,-1.143653,-0.8902153,1.2233869
-0.028984794,0.9221263,-0.23513965,-0.62213624
-1.206949,1.2662748,-0.0034852922,-1.4390749
-0.11848136,-0.9462494,-0.56267715,0.47444
1.3258715,-0.3649552,-0.027960695,0.13644214
-2.097223,2.751154,-0.45130017,-2.3596377
0.8710188,-2.0553498,2.018862,0.18471067
1.5160435,0.5451734,-0.18193667,0.6976738
0.4665977,-0.91467977,-1.590323,-0.26174846
0.09244596,1.0314175,-0.42131191,-1.0260813
1.7787964,1.9107296,0.98806846,-0.53628266
1.2929499,-0.35417,1.257654,0.42186433
-0.6415979,-0.5566031,1.4275761,0.58284706
0.78677064,1.4008918,1.5241333,-1.2377774
0.9992009,0.104748115,-0.62606305,0.05078581
1.4836569,0.7342905,-1.53027,-0.4643455
-0.041321483,0.0433317,0.2689796,1.0806786
-0.04659676,0.2847269,0.64561564,0.5057297
-0.7794466,-1.6009237,-0.34063858,0.21510038
-0.8052683,-1.5223601,-1.029741,0.30336896
0.11585976,-2.1114566,-0.14655365,1.4235215
-1.5033699,-0.67153436,2.2347283,-1.886563
0.6101084,1.5570183,-0.7380058,1.1769725
-1.3700023,0.778671,-1.3605545,2.327285
-0.3171159,0.44685364,0.34772432,0.19779046
-1.1308573,-0.19140618,-0.46895877,-2.0679326
1.68465,-1.1015728,-0.20996973,0.3132486
0.6157645,0.24856995,0.6463084,-0.40212905
0.39897913,0.99058557,-0.9770263,0.99136037
-1.2633085,-1.8680577,1.4829954,-0.25153217
0.0033538823,-1.6039615,-0.98726606,0.9976817
-1.1126521,-1.2472606,-1.0982548,1.9144753
1.1173832,-0.17351453,1.9063394,0.7243675
1.0314065,-0.82230765,-0.64766306,-1.355728
-2.030899,1.4156822,0.74352396,1.1665919
-0.83469903,1.9843965,0.32875916,-0.74203086
1.552393,1.5511973,0.89238495,1.0160505
0.7713241,-1.1626419,1.4275242,0.35485637
1.7864103,0.09138217,-1.3702885,-2.9646008
1.3440592,0.5551231,-0.7266172,1.4686077
-0.910624,1.6638113,-0.37862757,-0.8262978
-1.7060304,-0.68810225,0.7917425,0.5816028
-1.2285082,-2.1404943,0.5789215,-0.3471383
-0.8330511,-1.4977379,2.3729079,1.054562
-0.68824875,0.09228727,-0.6372101,-1.1299326
-0.7996068,0.9434888,-1.5986595,-0.4667212
-0.9145097,0.33971664,0.9455765,2.020055
1.0534291,-0.66048306,0.85500103,1.1127392
1.0383514,0.051288754,2.4073973,0.924279
-1.001945,1.8540573,0.70673263,0.4142905
-2.0641456,-0.5615182,0.29572135,1.3736593
-0.13331954,-0.56396425,-1.3954858,-1.3567703
0.0047022016,1.2270892,1.8649708,1.6393771
0.60299647,-1.1499697,-1.8939694,1.2146956
0.26126432,-0.08455774,-1.8565992,-0.7540841
-0.5255965,0.442526,0.9022532,1.1119965
1.7296594,-0.84062374,0.011044814,0.6086948
-0.84070104,-0.49543393,0.39425385,-0.33654055
-0.98448163,-0.12448095,1.3577051,0.9568409
-1.8429493,0.06129083,-0.041261185,0.319593
0.45306036,0.048410535,1.127417,0.5204579
-1.9454141,0.48682436,-1.0688194,0.14067145
0.4868444,1.4315314,-0.43754905,0.76634645
2.0687308,-0.20022266,0.6495712,-2.2597575
0.8702409,-1.721172,0.09379129,2.3773031
1.1328838,-0.940081,1.5210118,-0.4973571
-0.20046245,0.733647,-1.8183631,-1.804211
0.79954195,0.0464839,0.8736009,-0.07397863
-0.12861735,-0.37422353,2.2106166,-0.6560426
-1.500128,2.1002932,1.1627195,1.8242074
-1.9265047,0.50497335,1.7872545,-1.9671909
-1.3071193,-0.5105801,-1.8612372,1.1282707
-0.6509563,-1.3457317,1.4655677,-0.12086893
2.0287504,0.31061903,-2.2003202,-1.7788373
-0.72635764,-0.13831396,-0.09587932,-0.8524679
-1.1657648,0.1890284,-1.7987518,-0.5264198
-0.26056668,-0.16536479,-0.77722263,0.0033215364
-0.43435705,0.28456005,-1.4583716,-0.13109341
-0.355802,0.20278409,0.2418038,-1.994245
1.5083073,-1.6437064,0.43408656,0.977569
0.21428889,-0.9152519,0.09156972,0.66387576
0.5252437,0.98071027,-0.3782232,-0.34750047
0.18346637,0.55311054,0.12285486,-0.9592851
0.13162969,0.08288698,0.789702,-0.95895845
-0.7328906,0.46243846,-1.1031504,-0.6416614
-0.7881208,-0.55875826,-0.6951465,0.9261006
-0.25630417,-0.10631342,-1.1841179,-1.2158607
-0.20750287,1.4510268,-0.6928516,1.173303
1.0821507,-0.523407,0.2958557,0.5881288
-0.21561952,1.9823031,-0.7794706,-1.9817259
0.5654211,0.5670162,-1.2892717,-1.2187376
1.9126742,0.7886418,-0.6193472,-0.51791203
-0.9954321,-0.29594123,0.31541863,-1.3939598
1.0012071,-0.916445,0.48627996,-0.82422745
-0.31797192,0.8691016,-0.12112788,1.2764891
0.39133286,1.0224434,1.147008,0.56568086
-0.9543611,-1.1578817,0.2604935,1.2778935
0.66545594,-1.0072742,-0.1444465,-0.9538279
-0.59039176,0.08196288,1.4577769,0.38649002
-1.1178719,-2.1053028,0.18458176,1.7217844
-1.6478087,-1.5160369,-0.46237856,-1.868757
-0.36306122,1.5813365,-0.9955879,-1.3908621
2.5447104,-0.0877456,-0.32864243,-0.2038885
0.6524521,-0.15623125,1.9144439,-0.37480292
-1.0847175,0.6432007,-1.1804663,0.18227774
-0.38107377,0.61870384,0.42722628,0.47954255
-1.3364853,0.82445663,0.572431,0.4641679
-0.6393081,0.040756777,-0.7972529,0.28073776
0.7792404,-0.8418648,0.04727488,-0.056455053
1.826135,-0.70636916,0.16106299,-1.0459777
-1.320754,0.9483071,1.1452297,-1.4539032
1.020452,-2.6966975,-2.575729,1.2456163
-1.3347076,0.5968418,-1.7619052,-0.007900756
-0.45342413,0.07474822,1.6830297,0.12701707
1.3961084,0.36538318,0.8069512,-0.8625982
0.74937254,-1.9572937,0.44753298,1.9723372
0.77198315,-7.468646e-06,0.6433297,0.74572676
0.27723932,0.36308965,1.4966222,2.0741622
-1.7831582,1.4125884,-1.0288295,0.7316008
-0.27836853,-0.39254844,1.9726237,-1.7634622
1.7225778,-1.7211499,0.76147586,-0.40851736
-0.58613616,0.057868157,0.80830175,1.5983108
2.078932,1.1069446,0.37279338,-0.5113927
-1.477115,1.1995189,1.4540535,0.16406372
0.21103087,1.2111579,-0.43023795,-1.3648624
1.9751129,-1.5058855,0.20024003,-0.41657484
0.3554834,1.782872,-0.5255815,1.0446402
0.8945616,-0.3002881,-0.70639586,-0.10349885
-1.1598648,-0.49535397,-1.2024231,0.7877148
-1.3190191,1.2440892,1.7860982,0.6342366
-1.5191453,2.3918865,0.19117045,0.90837324
0.33255768,-0.28890947,0.27123368,-0.023735292
0.39117014,1.2513919,-0.9539531,2.9982524
-0.09344872,1.497673,-1.6739761,0.46409282
-0.391482,-0.8368093,0.39823553,-0.110471375
0.06456069,0.35594845,-1.1044662,0.41257024
1.8426832,2.352553,0.5600442,0.8986066
1.7927641,1.0433018,-0.83795524,1.4350934
-0.7355479,-0.99749655,-0.0736153,0.85131866
0.17330739,0.7044985,-0.29510403,-1.2793236
0.9366258,1.4150442,-0.15915343,0.17306873
0.86403996,1.2633473,1.7127743,-1.169648
1.0400535,1.2157897,0.3667802,-0.3131394
1.0538806,0.30253297,0.77884454,1.0960525
0.75405145,0.74224836,-0.46960455,-0.28717768
0.5009487,-1.7268083,-1.0342387,0.61304015
1.0460467,-0.9023338,-0.13440378,-1.7134819
0.33528972,-0.62812936,-0.902925,1.7929476
-0.41234893,-0.9950305,0.4943466,0.08914352
-0.9241973,-0.62887716,-0.98233867,-1.0868497
0.8079863,-0.53351235,-0.18245375,-1.3017298
-0.9034825,-0.3447123,0.4484135,2.585985
0.25050846,0.29930434,2.000297,0.7180948
1.6997133,-2.37833,-0.4196241,-0.27936998
1.7790763,0.15254998,-1.0680665,1.57789
-1.2055817,2.026017,1.0997288,0.4977714
-0.9747029,1.2971448,1.266491,-1.8567872
-0.98025787,2.2779136,2.5538054,-0.5186201
0.19332767,0.5474724,1.137239,-0.3487967
0.37785402,0.3072097,-0.5596664,-0.82598716
0.2607409,-1.5732933,0.047865648,-0.32776967
0.64478576,0.020716727,-0.087738544,-0.36535707
-1.2283425,-0.37726498,0.089879856,1.1225474
-0.7610782,1.2549087,-0.6821066,-0.33469602
-0.9299444,0.6051638,1.6792674,0.9036532
1.9370203,1.9138204,1.599677,-0.7857031
-1.5713918,-1.2592442,0.5974254,-0.8411183
1.8052543,-1.5558071,-2.4343457,-0.021927819
-0.85421604,1.2140678,-1.322232,0.3255379
0.73597926,0.90359235,-0.6445307,-0.6188791
-0.8847882,0.04247412,-0.39916798,-0.46586508
-0.06381519,-1.604349,-0.95839846,-0.49625012
2.452876,-2.2603285,0.4294681,-0.32431388
-0.3291429,-0.36779913,-1.7848375,-0.776146
0.6470799,-0.4030272,0.6004501,0.90485233
-0.18737768,-0.96215457,0.19593893,-0.94230473
0.11864086,-1.062632,-0.45790565,1.8210149
-1.6343358,-0.7287719,1.0857497,-1.330467
-0.40915763,0.6150324,1.1161448,-1.4057963
0.61099416,-1.3211079,-0.7628464,-1.9134618
-0.26593986,-0.6626339,0.28969562,1.3555317
1.649088,1.9125602,0.14942363,1.3404343
-0.811651,-0.24372539,-0.83049804,-1.7551298
-0.27046138,-1.0497903,-1.377999,0.44003898
1.3432631,-0.11033852,0.4007641,-0.47386312
1.1290047,-0.3883197,0.53957075,1.5382794
-0.24393952,-0.09821879,-1.9191387,0.6364846
-1.3638445,-0.332129,-0.14449552,-1.2403158
-1.4606328,-0.974823,0.40394753,-1.9839834
-6.906482e-05,-0.81113356,0.6487684,1.6588801
1.1605664,0.64159036,-0.66459626,-0.13844927
1.2035784,0.13392931,0.34861323,0.8217414
-0.56244326,0.7774923,-0.34699276,0.74944633
-0.56407946,-0.70164526,0.250888,1.3213418
-1.1181592,-0.93796265,0.03305721,1.9553382
-0.7276447,0.184802,-0.86159223,-0.709038
0.20705605,-0.060027238,-0.22668101,1.181933
-0.8316843,1.1414002,1.5281371,-0.20802875
1.2503382,0.028468477,-1.3160577,0.7750873
-0.8454183,-0.021648005,-0.3620182,-2.008804
-0.9233509,1.1025131,0.036733925,-0.88487756
0.71624523,-0.7228731,0.07063024,0.4172559
-1.3745575,1.3965136,-0.293813,-1.136275
-0.56473535,1.0373399,0.115703024,0.82487905
-0.058912247,-0.309682,-0.85042584,0.2889988
-0.82167953,0.50940603,-0.77067834,-0.5128772
0.9780211,0.95792353,0.77995163,2.0161433
0.6863489,-0.8040029,-1.4852993,0.49580902
1.286664,0.97715354,1.798089,0.8764852
-0.5407158,-1.5939151,1.291114,1.3027683
0.46346793,0.22600144,-0.97660625,-1.9194329
1.4771227,1.3335224,1.6398351,-1.4989593
1.5935031,1.8845228,0.028804418,-0.16912921
-1.597585,1.1489674,0.63566303,-1.0737478
0.8048592,-0.74723566,-0.82697076,0.5362776
1.3286967,-0.20206155,-0.17016922,-1.0691732
1.4145533,-0.5329453,0.4498218,2.571487
1.3712358,-0.1569296,-0.2871368,0.9320612
0.82528067,0.20620967,-0.16858219,1.0976723
0.19041207,0.40354103,0.5133697,2.1453645
0.3037055,0.42603213,1.0058055,-0.35947528
0.27899083,1.3544682,1.6840762,-0.8729121
-0.7594923,1.7849581,-0.5504401,-1.6222832
-0.17265534,0.8981389,0.14852726,-1.1926296
0.5452371,-0.78258944,0.41468725,-0.63594085
-0.73844826,0.38367447,0.24919333,3.11649
-0.4724845,-2.3707814,1.4428353,0.8707835
-1.1978465,1.502982,-0.13886085,-0.9966309
-0.642353,-2.4315588,-0.72479373,0.74922913
-0.5042098,-2.097355,1.9440509,-1.5899693
0.7622225,-1.2222567,-0.91885054,0.36335266
1.9025476,-0.53415173,1.7586129,-0.31823918
1.5150349,-1.0166714,1.2227782,1.4967365
0.84033144,-0.042250887,-0.33337396,-1.1697553
1.9472164,-1.8681887,0.23783936,-1.0264328
0.29926556,-1.5714586,0.68785733,-0.7028053
0.7091165,1.1282713,-2.2264078,0.12956083
-1.424928,0.46765617,1.3631195,-1.0981445
0.9250533,-0.22044998,-0.369041,-0.5353424
2.3919852,0.9777824,0.003279723,1.1955669
-0.64186716,-1.3651339,-0.68245286,-0.43885493
-0.58456177,-0.7558193,0.9483187,1.7261084
-0.97409153,0.35906208,1.7150525,-0.9021862
-0.97214645,-1.4311416,-0.068110175,-1.9798871
-0.47035164,1.0145252,0.84303457,0.31350067
-0.38379616,-1.9523009,-0.8235106,0.9989964
2.129605,0.84031653,-0.3187911,-0.93909883
1.6442353,-1.1572406,1.1808751,-1.7019422
1.1398807,0.28561136,-1.7974764,-1.7684999
1.863204,-2.0797365,-0.30749908,-1.3399253
-1.0354466,-0.89844525,1.384081,0.921054
-0.24659735,1.2411665,0.40814266,1.0289122
-1.0120199,1.0044535,-1.3351895,1.8222877
-1.2805455,-0.7340025,-0.35582358,-0.86144614
-3.0116858,-0.76184523,0.39184597,-0.20504785
-0.39377996,0.79004925,1.6396562,1.218287
-0.7990712,0.09954303,-0.18913892,1.5251364
0.656107,-1.3571776,0.7631489,1.4043088
0.33924696,2.0205307,1.1238928,-0.29022792
-1.4150743,1.1783938,0.9280038,0.44616193
1.046264,1.1817793,0.00937426,2.375765
-1.3420873,-0.18857309,-1.1848797,0.36344397
-0.72869974,0.7374014,-0.009511055,0.4539299
-0.07615535,0.9728685,1.2649535,-1.5464486
2.2132556,-1.3326769,-0.40070948,-0.8393217
0.27393997,0.98401684,0.9225583,0.49468085
0.078682475,0.6639213,-2.1164563,0.37064165
-1.3810126,-1.131355,-0.95013666,0.1810642
1.4906735,1.9594241,0.5010208,2.1555755
0.07712669,-1.2969362,-1.5532368,-0.20786007
0.7516677,1.9607742,-0.42195985,0.95502913
0.9262387,-1.1182727,1.1130828,0.19192405
-2.2806506,-2.1493762,-0.41932955,-1.2134863
-0.14999753,-0.07342164,-1.6581525,0.50779825
-1.1036186,-0.6593154,-1.7518457,0.7697748
1.1473306,1.6208243,-0.5077795,-0.5683808
-1.0648556,0.61569417,1.8325186,-0.081791386
-0.37242535,0.91174126,-0.17770404,1.8578902
-0.42622396,0.158459,0.28364044,1.2629595
-0.7683493,-0.21902253,0.2579419,-1.7349943
1.1341946,1.5674788,-1.1634449,0.7691093
0.7100539,1.187048,1.454485,-1.6580492
1.6304809,0.69221175,1.2383701,-1.2824373
-0.97398216,0.7543955,-1.8227999,-0.41195098
0.17846167,1.8964909,0.66465604,2.7484488
0.5500767,-0.6669697,1.0789391,0.32690114
1.3945893,1.4038538,1.7317487,-0.19162606
0.7748941,-0.9664335,-1.7329139,1.6636082
-0.61700684,1.8719416,0.4981457,-0.76125175
0.6769966,2.316921,1.001911,-1.3224206
-1.4881948,0.6911069,-0.040845845,-0.16694118
0.7633116,-0.80000347,-0.09089266,0.38158518
1.0456498,-1.3190178,-1.5265148,0.754983
-2.0698364,2.105585,2.6743565,0.83266526
0.3785455,-0.871165,1.4392161,-0.041928828
-0.4968897,-1.1367055,-2.7373364,-1.5741942
-0.25486884,-0.8780647,0.6051377,0.80782044
-1.3093108,1.6193537,1.0669221,-2.1598442
-0.6505331,1.3767928,-0.20776583,1.2126373
1.4224695,0.041509457,-0.39957413,1.5743599
0.8722571,0.42071652,1.5634238,0.7003306
-1.0108422,0.21069504,-1.483139,0.8850044
0.7808708,0.20619938,-0.2945246,0.13492681
1.3381735,0.048028745,-0.011098854,-0.79818237
-1.3282381,0.98029023,0.8167798,-0.7086286
-1.242602,0.3622112,0.243418,-2.482306
0.5968451,-1.0997537,1.291838,1.0212837
-0.0038078618,0.1909128,0.13366868,-1.3973322
-2.3293376,-1.6358794,0.8129226,0.4611539
0.542973,-0.48722678,-0.46539772,-0.65269125
0.6949397,-1.0798472,-0.39747897,-2.1742241
-0.36198506,-1.0518055,-1.3019263,1.6731336
-0.90003765,-2.616065,-0.84315145,-1.2362316
-1.5229352,1.7261589,1.0328207,-0.090404026
-0.682128,-0.9072425,0.5203355,-0.91576034
1.0831267,0.41013476,-1.6745276,0.43081525
-0.82422984,-0.96519005,1.7696872,0.27432367
0.5800597,1.7840902,1.090908,-0.82025003
0.47585043,1.0235534,1.6134902,-0.3762559
1.5564206,-1.3514063,-0.08887521,1.2662742
-0.3607434,1.7480198,1.3096839,0.6514494
-0.32575017,-0.06650886,-0.10369092,0.39054582
-1.6312959,1.3675977,1.8144255,-0.27840918
0.37268916,-1.3039774,0.21793523,-0.98763114
2.1329594,1.0398881,-0.41982877,-0.47856656
-0.054488603,-0.88578475,-0.71131164,0.14139017
0.16245054,1.7179745,1.6385565,0.15487954
-1.2125247,0.2880523,0.6990451,1.0657809
-0.4940209,0.3477339,-0.05510549,0.2975939
1.7463247,-1.4470477,0.92712647,0.9293803
0.24258336,0.5688548,0.17879613,1.0726427
0.5801366,1.5529162,0.89763266,-0.18218048
0.4756474,-0.040609494,2.156712,-0.10289891
0.57405204,1.4980682,-0.6510191,1.522023
-1.4135321,-0.4782706,-0.07378347,-0.14558871
-0.64012396,-0.014008926,0.18681386,-0.1118231
-1.3998871,-2.6820414,1.5900986,1.5330477
-0.5825306,-1.2483277,-0.484668,-0.5481315
-0.16214496,1.0829425,-0.12228463,0.08169771
-0.10964549,-1.2876323,-1.791093,-0.088939816
-0.9715491,-1.7508686,0.99784905,-0.11314737
-1.8882955,-1.2630161,-0.53234214,-0.0074647237
0.87392884,-1.5396034,-0.014603685,2.0733988
0.738377,0.45450497,1.7963665,-1.955588
-0.908772,0.9949372,1.2238842,-1.155125
-1.7538273,-0.00704789,-0.110213675,-1.0890405
-0.074043185,-0.75997907,-0.050356925,-0.19075167
-0.5189668,0.44538462,0.97068423,-0.90095544
-1.1907226,0.38395834,-0.52595717,-0.8074508
-0.45763275,-0.39818934,-0.14108068,1.1067225
0.032712694,-0.23167343,0.5120701,0.33524323
0.7739662,-0.4279796,-2.5812693,0.3322155
0.8085476,0.3209651,-0.19562496,-1.9584768
-0.3645053,0.649687,-1.7800174,-0.5444571
-0.44740623,-0.06757707,1.0407361,0.08249364
-1.3197953,-0.5012798,0.15668915,0.3781928
-1.7757162,-0.8848177,-1.0340546,-0.7148219
1.0821677,-0.952753,-0.4898346,-1.8058529
0.14027524,-0.07374489,0.70635957,1.0216409
2.2673247,0.15521264,-1.3545327,-0.64094985
-0.07480581,0.33451128,-1.4854857,0.8324429
-2.004375,0.8507846,-1.6006012,-1.5059882
-0.20515068,-1.0412554,0.42363495,-1.1049922
-0.4885283,1.111113,-1.7621408,-0.5328593
-0.27985743,1.9059955,0.5946156,0.60001534
-0.717961,0.39460048,0.9375901,-1.1914963
-1.6719261,1.7685376,0.77228355,1.4295475
0.95287377,-0.084028386,-0.28000644,0.95138764
0.5063659,-0.51817244,-0.0682291,-0.46115372
0.82131505,0.11821521,-1.3586227,1.3316277
-0.58929557,0.041807894,-0.95756125,-2.6382518
0.28470287,1.7265618,-1.4818909,0.20506544
-0.1841675,-0.60962653,2.0473864,-1.0534737
1.4883015,0.92840874,0.837152,0.09571395
-0.14370967,-0.77159184,1.40742,-0.12771389
-2.004688,1.2134827,-1.3116883,-0.6909597
-1.0685811,-0.10147951,-0.70961934,0.7033556
-0.95654505,-0.5243188,-0.47816357,-1.9111809
-2.003187,-0.8009324,-0.4104701,1.5101376
-0.8904289,-0.47402412,-0.44077247,0.03217437
-1.168818,0.014685574,0.32652956,0.48645845
-0.42968574,-0.18661697,0.17554195,-0.72076356
1.5368409,-0.19646248,1.3888797,1.3503513
-1.2033641,0.5038827,1.1786798,-0.3880073
2.2254915,0.30914932,-1.039239,0.21541144
0.35325015,-1.5923663,0.7075199,-0.70720196
1.2967895,1.2441393,-1.0432187,1.7306157
0.8413002,-1.4652802,-1.7155257,0.5872506
2.0934238,-0.28896302,0.7064826,-0.51651275
-0.098009035,0.66434866,-0.8919081,-0.919003
-1.1460551,-1.1575947,-0.09475303,1.6289271
-0.5076166,2.1071174,-1.2631476,0.27611506
0.58464956,0.049271755,0.9447093,-0.39207205
1.5382912,-1.3036972,-0.16644445,0.8304499
-1.2277902,-0.54932535,0.8221504,0.3797595
-0.3057185,-0.61478984,0.9959659,0.051816605
0.96732527,1.7855371,-1.1011505,-0.34400117
-1.7188953,1.0464662,-0.30233923,-0.24288702
-0.038565524,0.39428067,0.72645247,0.15551214
0.5750056,-0.3365585,1.4075252,-1.9358362
0.10822989,0.17969064,0.78440833,0.1925914
-0.7121481,0.46960902,-0.75744337,0.70858765
1.5351559,-0.3544145,-0.81764185,-1.5202734
0.8636361,-0.05240815,-2.7758605,-0.62726164
1.6385282,0.021963196,-1.1519359,1.0821668
0.90477234,0.09935686,-0.5548936,0.80840886
-1.3091575,0.1877388,-1.1075706,0.53578544
0.19448015,1.3512903,0.4755585,-0.8607396
-0.9472836,1.8712415,1.225746,1.5005176
0.097896494,0.6556129,1.6048735,0.22525707
1.957258,-1.2923253,-0.9321407,0.44424316
-0.33266842,0.26110446,-0.33363613,-0.21615034
0.53990936,-2.3821778,-0.3924837,0.33583662
0.021441206,-0.25427136,-1.0719011,-0.21060807
-0.7000208,1.0122803,-2.3630006,0.79256195
-1.2075672,0.63786656,-0.009688263,1.8489203
-0.014557926,-0.113014705,-1.0888515,-0.453662
1.6917155,0.4628172,-1.4928033,1.1262124
-0.97347414,-0.16326825,0.032903563,-1.2965804
1.1937555,0.19320203,-1.0090612,-0.88732386
0.43522468,0.77550644,-1.4079432,0.8213556
-1.1022562,-0.25808266,-0.35262015,-2.4074018
-0.8867605,-0.4431337,2.3481483,0.112668514
-1.0543092,-0.1462118,-0.5409234,1.3019248
-1.2625287,-0.17318848,-1.5594804,-0.8031829
0.1463074,-0.73590267,-1.0322632,0.46023825
-0.5092956,-0.6345494,-0.5398042,1.3197738
0.21410315,-1.5998741,0.7944467,0.7687988
-0.0981265,0.74855274,-1.2113029,-1.5773257
1.4047443,-1.340953,0.5909994,2.2992358
0.122666374,0.048695493,-1.2063535,-1.2945145
0.48869503,-2.7123044,0.46626344,-0.3803414
0.15484457,-1.3014336,0.35674202,-0.67120826
0.04349696,-1.0765784,1.3325536,-1.5821522
-0.074099794,-0.5129553,1.8878167,-0.98035467
-1.3672405,-0.16765933,0.35400426,0.7463268
1.9919373,0.8096368,-1.5579203,-1.3727957
-0.84178853,-1.9942672,-1.8228638,0.3786366
-1.0187234,-0.48068717,-0.28229907,-0.29473227
-1.6967205,1.7939067,-0.7456701,-1.3003554
0.80951405,0.8137114,-0.95355636,-0.2772799
-1.6109728,0.03981317,0.85039455,-0.99183863
-3.2012286,1.2510916,0.93880606,-0.6294548
-0.5816375,-1.3913561,1.0719308,2.4039905
0.3432689,1.0019444,-1.491108,0.7434564
-0.40456533,1.0587767,-0.39875007,0.96395093
-0.03543177,-0.5775963,1.665911,-0.3796187
-0.33126312,-0.06487658,1.3074942,0.061066948
0.14031702,0.94723594,2.008088,0.90938765
-1.106235,-0.2439294,-0.8282241,0.05489708
0.16251382,0.9112193,1.1873423,-0.89283156
0.4924938,1.5918474,-0.88899934,1.2501981
0.94597346,1.7919774,-0.9579014,1.6371543
1.9568726,0.21669786,0.38608193,1.0201482
-0.7948376,0.10506284,-1.4437312,0.43798605
-0.7979648,0.298287,0.98416007,-0.4115432
0.8108665,-2.35211,1.4320145,-1.1085132
-0.31405884,1.4037726,-0.4370405,-0.23856421
-0.9123532,0.85494894,-0.85045934,-0.24869548
-1.4431691,-0.16111957,0.45264533,-1.1931546
-0.96693313,0.6263512,1.696164,1.4228132
0.43039456,-0.049642958,-0.38364697,0.94447654
0.86120284,-1.8222852,0.63509583,0.35307974
-0.0011028359,0.511441,-1.2420824,-0.2629721
2.433133,0.58123565,-0.21473086,-0.4178315
0.36912867,-0.4066,-1.0949683,-0.9930352
0.016492402,0.79763705,1.262609,-0.90326715
0.08449008,3.0054736,-0.45106417,0.98235285
0.7213915,-0.26928052,-0.91354334,-0.013825873
1.183745,2.2143335,0.65166587,1.154764
-1.8133075,0.4650643,0.88394535,0.84919435
-0.2914926,0.3604039,0.6844871,-0.36080536
-0.40044382,-0.33450085,0.91365093,-1.7752373
1.1673523,-0.90646017,-1.1071055,-0.39953363
-1.3090578,-0.91676444,-0.07859983,-0.4133932
-0.107969746,-1.6629947,1.0981716,-0.26870027
0.34379432,0.30156302,0.28225654,0.8422761
-0.45123842,-0.81786835,0.4381613,1.5525767
1.0069257,-0.4870121,-1.3276883,-0.84938014
0.81738997,-1.0751803,-0.49758598,2.0675461
-1.1159906,-0.6935817,-0.26526457,-1.2089578
0.14173436,1.3879846,2.2296846,-1.58825
1.3771302,1.7279444,-2.2682016,-0.0637604
1.5199205,-0.8900729,-1.5971159,0.11080956
0.47371116,1.3422965,0.23467082,-1.5944321
0.1133873,1.0172416,-0.22796774,-0.90684164
-1.5801166,-0.019784877,-0.40991503,1.3320044
-2.0361943,-1.3585696,-0.27990952,-1.6009996
0.711961,0.017523322,0.36052984,0.45091784
-0.8268024,-1.1501368,0.9710664,0.00888259
0.3502442,0.09865129,-0.6730901,-0.64819825
0.5790198,0.5156284,-1.4324312,0.79057306
-1.1808457,0.36769846,-0.8684642,-0.46830863
-0.597642,-0.22262533,0.9833948,-0.75588685
-0.8965851,-1.3067448,-0.44907126,0.436909
0.5642162,-0.16708766,0.54702467,-1.4869528
1.4091985,1.3019762,-0.2796993,0.8509088
0.8950535,0.78274506,0.7483114,-1.2755482
-0.8840987,-0.59246737,0.28668052,-1.2670327
0.47706112,-1.7262264,2.1574924,-0.21822149
1.4899967,1.0538443,1.5299923,-0.39655793
1.2572347,-0.10912908,0.43652487,0.37644255
1.4700605,-0.78123367,-1.6187937,0.9769605
-2.037852,-0.92097515,-0.06749675,-0.047089837
1.1461428,1.5107077,-0.6942054,-0.1385471
1.7820386,-1.3208311,-2.6218164,-0.0036386729
0.3046754,-1.8350358,2.1676779,-2.0439708
-0.6253425,0.784188,-0.14069054,-0.8077264
-1.4260962,0.025084408,1.6056844,-0.14004634
0.8344435,0.49989218,-0.038369425,2.005036
-2.1154647,1.8508245,-0.4276179,0.90447086
1.1205323,-0.53001815,0.044967514,-1.066664
-1.492283,0.6200056,-1.6518724,-0.5428924
1.8630404,-0.19651125,0.0021580996,-0.78250015
-0.49212196,-1.1973217,-1.6878641,-0.6114141
1.4733567,0.4035681,-1.4148375,-1.0245932
-1.6080078,1.6858076,-0.030102234,0.17104015
2.1411328,-1.1417285,-0.8580412,-0.53277093
-0.45825878,-1.5630866,0.93266565,-0.8361803
-0.5013847,-1.1378734,-0.20951557,0.13930756
-1.5430732,1.2093498,0.54276824,1.7443266
0.7878837,-1.8289164,0.70515615,-0.16605099
-1.0775616,-0.20990534,-0.83312917,-0.80838066
-1.1456188,0.9038541,-0.7850088,-0.79781514
-0.37851036,-1.2155442,-0.2724856,1.6141386
0.9309394,0.6653457,-0.8394666,-0.10194932
-1.294977,0.48745078,1.1683588,0.2805678
1.3485584,1.7017932,2.2073166,-0.20533489
-1.1547459,-0.70009017,-1.0964192,1.9929733
-0.4433018,-1.4751995,0.11043906,-1.1607391
0.40404856,0.6198462,1.5989391,-0.48530784
1.3129776,0.8672524,2.277442,-0.37203473
0.93421066,1.0140629,-0.2937861,-2.48008
-1.2204734,0.20828111,-1.342939,0.8284415
0.95360357,-1.1439067,-0.9633594,-0.50212747
2.4173439,0.40350795,-0.84791607,2.0354688
0.9018679,0.11813723,1.3400605,-1.7252023
-1.0453689,0.46822363,1.2100415,0.82511294
-0.22197463,-1.031594,0.043750595,0.20952597
0.44960836,-2.4215064,-0.938633,-0.6250897
-0.3926118,-0.6656714,0.12585916,1.1691005
1.7486558,1.8933749,1.4704365,-1.0293986
0.8642491,0.21236536,-0.85078615,0.94113994
1.0618812,1.2348796,1.1954288,-1.03125
-2.2634623,-1.0950392,1.2746199,0.6034322
-0.7824387,1.4265021,-0.7663397,1.0787138
0.4985093,1.6231945,-0.4932119,1.2920848
0.32047257,-0.9839883,-1.0515567,0.7616837
-0.13501163,-0.025544927,-0.2345934,1.6971354
-2.1065588,0.060664814,0.22694072,-2.1222043
-0.50855714,-0.2772745,0.08435041,-0.1164498
-1.6061944,-1.4046137,0.012790514,0.28419214
1.5800936,-0.4675406,0.42855343,-2.14818
0.9993852,1.6998935,-0.17670906,-1.5675166
-0.5953913,0.9977774,1.4017676,-0.38128316
-1.1158968,0.13991918,1.3613082,-0.752111
-0.1260046,-0.3924998,-1.5453358,1.2744589
-2.5857651,1.6186802,2.9304461,0.91163355
1.854765,0.2517783,1.4370546,-1.2034609
-0.8265958,0.9004236,-0.19129102,-0.14165226
1.6539934,-1.292692,-2.080774,1.6926435
0.019247428,0.20410752,0.4737848,0.16343306
-1.1846169,-1.2113265,-0.16494228,-1.4138063
0.50832266,1.3053586,-0.1755441,1.8884121
-2.0102744,0.17164133,-0.45090953,0.8854987
-1.1778228,0.3653455,1.38866,-0.16323206
-0.20534801,-0.5391674,-1.6083065,0.3549884
1.9024681,-0.11655269,-1.0315282,0.021756625
0.23277153,1.0897315,-0.9842564,-0.088073276
-0.8159013,0.3889412,0.1434123,-1.460152
1.4473379,-0.1856372,-1.2956806,0.82869023
-0.30387098,1.5129739,1.3661026,-0.63833296
0.23895234,-0.89609253,-0.6393838,0.8819381
-0.12158539,-0.17476839,-1.2298232,-0.7575118
-0.8730457,-0.7109143,-0.023419868,-0.26706406
0.9570101,0.766673,0.51496726,0.7736725
-0.2784798,2.5848734,0.8408193,1.807273
0.7074996,-1.4421531,-1.5407312,-1.9885435
-1.1904727,0.15477045,0.5473934,0.4502418
0.8356892,1.4509027,-1.3028355,-1.4537836
-1.4348391,-1.1357647,-0.61118525,-1.1528095
-0.037499435,0.110409245,-0.25255382,-1.2837185
-0.8870327,0.30620345,-0.052406028,-0.26645252
1.5866555,-0.18939967,-1.2587161,-1.4586561
1.2500838,-0.15089944,1.8050786,-0.076969415
-0.03712249,-0.26976496,3.2030568,-0.88792765
-0.04680006,1.070504,-0.91936874,0.6342794
-0.029236346,-1.7567475,0.03694384,1.5346776
-0.61891264,-0.14750923,-0.95242494,0.6734511
0.8629224,1.8747295,1.5546027,-0.3263995
-0.7509587,-0.82247907,-1.2445828,-0.5175605
0.8984583,-0.9794651,-1.3057892,-1.521236
1.1831735,2.5623198,1.5176913,-0.029355692
-0.47212586,-1.1935873,0.8855461,-0.62605
0.06275871,-1.4532931,-0.16596135,-0.44070885
0.965576,1.026851,0.8773696,-0.74777806
1.1760682,1.1991334,-0.9096786,1.8647101
0.0044645104,0.46504396,-0.11703906,-0.25570223
-1.4060035,0.9135962,-1.54589,-0.62391704
2.8016953,1.5063015,1.2297927,0.62267923
-0.85994446,0.6870733,-0.34855804,-0.8123443
0.10590542,-1.390941,1.7227727,-0.24926044
-0.30497757,0.45322618,0.734733,-2.2968326
1.6098843,0.65234786,0.21947105,1.7994672
0.23978028,-0.84033686,-0.33660644,0.75938845
1.7414706,1.0788147,-1.1286724,-0.9053955
-0.63060725,0.7863339,-0.4716594,-1.0020791
-0.5697752,0.48155677,0.6023626,0.6541509
0.8457599,-0.18077107,0.71728474,-0.58218074
-0.03252784,0.06993562,1.1066926,-0.06024346
1.0669324,-0.027527515,0.9106945,-0.06915816
-1.1433873,-0.83662677,0.091168486,-0.6626555
-1.9504082,-1.2742678,1.3238076,1.5913911
0.93331176,0.038339138,-1.0653589,-0.58085334
1.4089229,-0.55706507,-0.011299626,-0.7292235
-1.1361798,-2.3056173,0.30220982,0.0121146655
0.12665784,0.75892764,1.8869683,0.8656944
-1.1587391,-0.7473265,1.4130338,1.4259007
0.7106565,-0.66190195,0.84203714,0.48665315
1.2384493,-0.021087516,-1.5605943,1.2658724
-1.7922087,-0.042469975,-1.591379,0.8204459
-2.232325,-1.2326179,1.166988,0.1401486
-0.057914753,0.57239175,0.89328676,-0.738529
-0.9074907,-0.8352104,1.6755848,-0.50547373
0.067114845,-0.8515776,-1.2333555,0.5237259
-0.13900548,-0.83400464,0.75676537,0.5804966
1.5962718,0.07388228,0.95390284,-2.2740119
2.844319,0.4562135,0.278597,-2.1737504
-1.3653307,-0.87721527,1.178497,-0.8931434
1.073915,0.41654643,-1.0108404,1.6813152
-1.0414937,-0.54583555,0.4895831,0.7772838
-0.2779826,2.6275914,1.6949825,-1.5488499
-1.0162002,1.7462175,1.7037816,-1.4009838
-1.8508389,2.1142743,1.8937346,-0.08890381
-1.0809035,0.029866435,0.2999895,-1.7605872
-0.54795575,-1.1848607,-1.1429362,1.7106371
-0.55626506,1.5708328,1.0215347,1.1007113
1.3921419,-1.9745142,-0.40330225,-0.5522567
-0.8505999,-0.56258357,-1.0843471,0.48425436
-0.52364826,-1.0786235,1.1758649,0.20918171
0.66387147,0.75964767,0.43889996,0.22123449
-0.28067288,-0.3072488,0.09028585,0.21169363
1.9808269,2.1200488,-0.15500331,-0.7696667
0.091372244,0.30801505,0.09408871,-0.30933404
0.20857105,-0.81237894,-1.7816437,0.86127913
-1.8350836,-1.926309,-0.8110397,0.9518429
0.72393954,1.1464581,-1.491314,0.58296025
0.79559344,-0.0013220307,-0.46910346,-0.4868446
0.65416896,1.1765949,2.1951122,1.1010091
-0.03247601,0.78474206,0.51320815,-0.6722755
1.2008959,0.85532373,-2.0477176,-0.41086298
-0.2406819,-1.6276554,-0.15546234,-1.358806
-0.14542465,1.7208041,-0.17271946,-0.58925503
-0.6118272,0.059763934,0.04826195,1.9489
-0.42037076,0.20501977,1.0122815,1.5727214
1.5678922,0.92854697,-0.36823308,0.4233153
0.38336697,1.3055097,1.9403665,0.31559953
-0.42967755,-0.86886865,-0.07793349,1.0113692
-0.39023197,-2.5150347,-0.61379254,0.48703203
-2.087477,0.7734166,0.91730183,1.2463534
0.31289178,1.4697372,-0.42005453,2.246784
-0.70298046,0.6244182,1.3040723,-0.7246263
-0.37003902,-0.4591201,0.17923298,1.2693623
-0.5056742,0.62541544,0.38725835,1.3447694
0.072206356,0.18092877,2.1469371,2.486401
0.5912194,1.5623682,0.04808521,1.2215339
0.39062515,0.3827908,2.0794795,-0.92783034
1.3225353,-0.7984352,-1.602752,0.92939514
1.4260597,1.2641441,-0.28343245,1.4048476
0.61193645,-0.27485007,0.07264094,-1.0571373
0.64690304,1.0697842,-0.25833303,0.6118282
-1.3424454,-1.0606921,1.1345105,0.08048257
0.40807676,-0.54009515,-0.67906976,-0.09980066
2.3399117,-0.53272676,0.5411774,-1.0027679
0.9084058,0.80627483,1.7283037,0.08288808
-0.70734644,0.12134387,0.14773494,-1.0033839
-0.069396175,-1.1546057,-0.104938395,-1.2076956
0.6890977,0.087683275,1.0270606,1.7478939
-1.1326858,1.6665663,0.17948283,-0.74975586
1.6446947,-1.3712944,0.9350944,-2.1319275
-0.24310857,0.7750129,-0.43299612,-0.5784159
-0.1015359,1.4604473,0.85527337,0.57875687
-0.4134699,-0.83788717,-1.3954847,-1.0749946
0.734674,-0.83185834,0.47981665,0.84111506
0.59375966,-1.1458156,-0.80497015,-1.5841756
-0.09480618,0.15766244,1.9296802,-0.78894144
0.8461347,-0.9637002,2.0871565,0.9399454
1.4784151,-1.4348916,-0.17286451,-2.2339275
-0.5035727,0.12489833,0.327039,1.1870514
-0.4602473,-1.2868148,0.19619708,-0.36172378
0.62747264,-0.1730023,-0.5389545,-1.2780687
1.1788841,-1.9552307,1.4858029,-0.6861604
-0.05048429,1.214617,0.26085085,-0.40853104
-0.19753931,-0.022687944,-0.07663135,-1.3597348
-0.8163937,-0.15884554,0.1007979,-0.90821314
1.9270451,-1.78304,-1.8874638,0.33197346
-1.40488,-0.330138,-0.69884455,0.84516335
1.3082157,1.1850307,1.9228469,0.90135765
0.44796774,-0.44237345,-0.8916983,0.5690931
-0.5355531,-2.406858,-1.4557595,0.95693654
1.8802027,1.082463,-0.20590027,-1.5159038
-0.46302915,1.2999328,-0.14386818,-0.43165207
-0.4587646,-0.44280717,-0.4073599,1.8575969
0.72595036,-1.2210629,1.06822,-0.6721905
1.0457458,-0.63001996,1.5747991,1.9626683
-0.9184592,0.8358512,-0.7478086,0.31407878
-1.163103,0.4179844,0.32924086,-1.3488536
-0.7627389,0.3779889,0.036266137,0.7398182
0.036251437,-0.07580151,-0.20927484,1.0625187
0.025736704,1.0887657,-0.04774099,-1.9326421
1.4651798,-1.4641832,-0.6925145,-0.1726687
-0.26494172,-1.1087198,-1.8078805,-2.0221736
-0.9139774,-1.4613272,0.8884716,-1.4737858
0.38630134,-1.0398841,-0.09653186,1.0914594
0.12904286,0.091403194,-0.24475284,-0.4826354
0.5193975,0.06303021,0.954969,0.015836632
0.55462664,0.55583346,2.0773215,1.1714572
-2.343776,-0.02047317,2.3811212,1.3561233
0.27775595,1.5680059,0.36604026,1.017725
-0.9425509,0.75864005,0.33833462,-1.0668153
-0.24848843,-1.0644486,0.88339543,-0.46498486
-0.015573974,1.1972002,-0.571798,2.0023222
-0.55474895,-0.73702407,0.8059259,1.4890493
-0.8392154,-0.18100223,1.0323277,1.8648623
-1.0284104,-1.0645199,-1.2065382,-1.3968158
0.8914014,-0.7356253,0.83165765,-0.77187705
0.65521127,0.55115986,-1.505859,1.3251414
0.26697475,-1.6076585,1.8090194,2.8386753
0.7358643,0.32621852,-0.30749524,-0.17620458
-0.88351524,-0.66157264,0.27200094,0.38635337
1.3816264,-0.14483225,0.7315893,-1.0078691
-0.9428839,-0.26695287,0.1536246,1.0707014
0.49469396,-0.02463502,-0.43394572,1.0254793
-0.10301768,-1.4248495,2.7129843,0.60788834
-1.7987344,-0.9208152,0.6804927,0.9288896
-1.8251518,0.28453487,0.884127,0.083012395
1.9852383,-1.9101868,1.4512124,-0.80124557
1.7250448,-0.32875538,-1.6982689,-0.5037996
0.68745637,0.12201386,1.5354023,-0.39528266
-1.1395508,0.9886656,-0.6521213,0.26141012
0.20349918,-0.1862071,-0.9051986,-0.50704044
0.8858956,-1.3397392,0.91540945,-1.333723
2.1785219,-1.0338001,0.2243332,-0.589956
-0.2750681,1.7139122,-1.1484562,0.18176639
-1.3847357,1.8605176,-0.19996797,-0.83254707
-0.81972015,0.543826,0.6161075,0.62004256
-0.82855296,-1.6361492,1.5858637,0.26715928
-1.4129483,2.4222145,-0.17453866,-0.49391195
-2.5171692,1.2092497,1.2670356,0.6515224
-1.0265225,0.8690778,-1.0054115,-0.3122018
-0.08468314,1.8659884,0.28079423,-1.5135529
-1.2113776,-2.1997075,1.3605273,-0.55955064
-0.5823977,-0.444346,-0.022920892,-0.4189264
-0.5449761,-0.11495646,-0.22171837,0.047037177
1.5295714,-0.5832732,0.82534826,-1.0786701
0.93451786,0.75895584,0.34001547,0.08646652
0.12806353,-1.6234043,-1.4603986,1.3133688
1.0483162,-0.7675198,1.4223241,-1.8973895
1.1639794,1.23104,-0.9163133,0.23197159
-1.6281301,-1.8329873,1.3976654,-0.78375584
0.36213386,1.1831661,-2.1337924,-1.1226935
0.31135184,0.573764,-0.42671195,1.9083862
-0.1587619,-0.47131145,-0.103819594,1.480539
1.4665276,0.7318281,0.19586508,0.69047856
0.98038554,-0.6932208,1.4711977,-0.95360535
1.2945526,-0.23731649,0.8351103,-1.4149913
1.2681301,2.1241453,-1.5655683,1.0767667
-0.6206885,0.29998672,-1.9443978,0.85130066
-0.5024816,1.0185883,-1.0180076,-0.5479606
-1.16565,-0.9921791,-1.2256608,-0.26881912
-0.73723304,1.4011726,1.9148226,0.5766794
0.7815246,1.3036103,-2.2965875,0.99415874
1.6357871,0.18188033,-1.4021661,-1.9701937
-0.26530463,0.28035647,-0.0193015,-0.34275055
0.8398524,-1.5553304,-0.7418899,-1.0035622
-1.3645476,0.58712757,0.45933244,0.4080349
-0.84655136,0.4234507,1.2007812,-0.40206215
1.3804799,-1.4899797,1.0604637,0.5797679
-1.7990944,-0.28264838,-1.2908998,0.88760835
0.298981,-0.513107,0.7659437,0.4956655
-1.4725188,-0.45010376,-1.1138427,0.54571176
1.2929862,-0.33606768,-0.77465194,-0.6407765
-0.3847334,1.4804895,0.9302875,-0.86685103
-0.41405156,0.06647516,0.44233933,1.0706738
-1.8316865,1.3344955,0.60392743,1.5443728
-0.99521047,-0.6242864,1.3777229,0.09178376
0.49859086,0.052629866,-1.7686919,-0.6908405
-0.7484593,1.2599119,-1.331042,0.044845615
-0.33201253,-0.09896824,-0.6014993,-1.5408758
0.52588236,1.355479,-1.036338,1.108388
0.4430973,-0.8956065,0.013424464,1.333469
-1.24263,-2.0409718,0.03719725,0.22562882
0.12566723,0.1059357,2.290156,-0.86794305
1.4231042,1.4327185,0.34356248,-1.807772
-1.5472945,-1.1335858,1.3801297,0.45912528
-0.2889632,0.23229045,-0.95648825,-0.50177324
-0.22241236,-1.7584821,1.0318178,1.2957538
-1.2976097,-0.34382632,-2.0393193,-1.7534505
-1.525043,-1.2953442,0.92202884,-0.7606265
-1.5265689,1.7160698,-1.1373953,-1.3920063
0.16055264,1.3771117,-0.29135707,-0.5843137
-0.117564216,-1.6912738,-1.2170374,0.8031282
-1.9200554,0.09296933,-0.71617025,-1.2819222
1.8846086,1.4986671,-0.66460395,-1.3121449
-1.428928,1.0502455,-0.9930847,-0.97241396
1.3412855,-0.72309345,-0.9246092,-0.9642446
-1.0993718,0.3200047,-0.28672567,0.65976167
0.1509223,1.6612722,-0.13055006,0.82120126
-0.11408234,-0.45496783,-2.513992,-0.53592503
-0.45790705,1.213231,-0.6714858,-1.1857998
0.033030774,-1.0390862,-0.6032607,1.3073872
-1.6093482,-1.6472493,0.42249554,1.1186085
-0.05808281,-1.5258101,1.3525542,1.3743726
-0.5115962,0.42784756,-2.8196168,-0.39618906
0.5296032,-1.3197547,1.7200657,-1.9852645
1.7945104,0.18802786,-0.51219046,0.09819326
1.3132122,0.22762434,-0.77378505,0.74604994
-0.9511514,-0.2649968,1.3536091,-1.0613611
0.018394245,2.1042204,1.2514938,-0.57202625
0.012754857,0.49209645,-1.9617758,0.9849073
1.8511533,0.27079484,0.5027529,0.38270816
-0.19673286,-1.7628813,-1.3180056,1.4979236
0.5593521,0.74759305,-2.1067994,-2.2666206
-1.1725581,-1.4779078,-0.8694137,-1.9247998
0.24605261,-0.69947726,0.74536085,-2.0265238
-1.1965309,-1.8455518,1.3138318,1.0540984
-1.0268419,-0.6257095,-0.6785055,0.3761945
0.4945686,-1.3837134,-0.8392,0.10649028
1.9925405,0.40316102,-1.2721348,1.0981828
0.065843135,-1.1807023,-0.13373749,-0.619657
-0.44801566,0.1872032,2.4874675,0.088716805
0.72722375,1.054126,-2.2018569,0.8384617
-2.2984006,-0.42252058,-1.1460185,-1.7768226
-0.8983374,1.7258191,-1.3533504,1.3877014
0.8201761,-0.5826298,0.8062082,-0.4264339
-0.6919341,2.2263706,0.70948017,1.0590253
-0.9067904,-2.1747766,-0.22816743,-2.1118681
0.93292147,0.7805415,1.5677277,-0.6366065
-0.44373688,-1.1021898,1.120071,-0.12546448
-1.5541793,-0.26892254,0.32015282,-0.07246613
0.0014675292,0.7141822,0.46330526,-0.84438455
0.7581053,-0.59918314,0.17706628,-1.1336023
-0.21556957,-1.3609643,-0.5786608,1.4510052
1.6897873,1.2245635,0.68335426,-1.814148
0.85969883,-0.02277646,-0.5105253,1.547986
1.2045716,-0.17602272,1.0042082,-0.45755377
0.68200034,1.0438322,-2.2051287,0.6869433
1.0521625,1.6418446,-1.3379258,0.8284084
0.9156657,-1.7986003,-0.7031045,-1.066469
1.3280535,0.90065247,-0.63180286,0.4330181
1.0357611,-2.0011313,1.6594336,1.0071632
1.4250623,1.3939111,0.8558148,-1.1249701
-1.752181,0.71289337,-0.8812814,-0.6439164
-0.51551497,1.0475761,-0.5482073,0.82391673
0.8545448,0.1638813,0.8362741,0.75849706
0.32487255,-1.0217443,-1.292291,1.9084423
0.469872,0.39615825,-0.7549097,-0.7507297
1.9226905,-1.0840225,-1.0163625,2.2533078
-0.48687986,-0.732945,-1.0047966,-1.123305
0.29620358,-0.41472867,0.9732876,1.2682823
-0.43327364,-0.7241488,-1.1328912,-2.1431832
2.01283,-2.3450806,-0.19563134,0.35462388
-1.3425506,-0.47897494,0.17271523,-0.83607894
1.9305373,-2.8313732,0.36936128,0.29720455
-0.12115635,0.70358145,0.044183623,1.4762561
0.27322006,1.6683053,-1.386899,-0.637997
0.4643676,2.3645918,-0.09920786,-1.3167732
-0.2965207,-0.3536622,-0.74893254,-0.871933
-0.5769093,-0.40738335,0.6424186,-1.0527905
-0.5546107,0.9431828,-1.0528438,0.70713437
-0.5594135,0.8350465,1.8687674,-0.15923499
1.6275651,0.7118906,-2.3400557,1.3407134
-0.28261644,-0.99501336,0.025024854,0.059004176
-0.7606405,2.3849182,0.92098963,-0.9199166
-0.70223606,-0.44319898,-0.5364452,0.17718452
-0.2529236,1.3370261,0.19866101,0.2532168
-1.5828198,0.27820998,1.2129542,-1.1165411
0.61873066,0.3767949,-0.10075734,-1.3695749
-1.5056016,1.3468535,-2.6265385,-1.0549065
0.870812,-1.9287541,0.80099225,-0.14743134
1.5754374,-1.1601993,0.6847617,1.5023355
1.278085,0.33607045,0.78448135,-0.061262477
0.32486436,1.7372721,0.44042218,0.75024164
0.5567799,1.5011271,0.8922919,-1.7844863
0.9223407,-1.7097036,0.32254282,0.23203392
-1.4661899,0.8882349,-1.2029774,0.46584037
-0.5644929,0.6326297,0.4636842,-1.5415698
-0.8344596,-1.2494247,0.08793739,0.38160855
1.184766,0.20896319,-0.8319426,-0.8294229
0.0034612943,-1.9137334,-0.8048451,-0.07309807
-1.7302214,0.18819603,-0.35607788,-0.79744023
-0.9128583,0.11733276,-0.14699396,-0.4725693
0.8858966,-1.8757626,-0.9161727,-0.21922272
-0.3058116,-2.2279415,1.4183375,0.65987873
-1.8194176,0.6855483,1.265136,2.2602253
-1.778054,-0.13141793,1.7273452,-0.90164816
-0.52168167,-0.034697227,0.5579271,0.31516674
0.12926415,-1.6120751,-0.59545135,0.45262182
-1.3229145,0.3227971,1.5963502,0.2956947
1.2027123,1.3270447,0.63398564,-0.39549586
-0.8238071,1.8079258,0.01822746,-0.4953963
0.59979516,-0.50893706,0.22422624,-1.2750717
0.30500713,-0.12518823,0.5953999,0.793304
0.5343963,1.0907888,1.523852,-0.64293885
1.5468565,-0.3748923,-1.7705302,0.27998206
1.5494796,-0.5281593,-0.15759131,-0.99756634
0.7264731,0.9752125,-0.69755113,-0.8107693
0.5718926,-0.44300702,-0.5589166,-0.45233744
-0.59278554,-0.8883874,-1.3992909,-0.662057
-1.1711494,-0.44480556,0.25385982,2.2247722
0.3327612,1.2924353,1.6105406,-1.8131531
1.3916823,-1.8397695,-0.39274728,-1.1646246
0.4941309,1.335231,-0.047705777,0.16045599
0.4103065,0.35613704,-0.21789749,-0.8900336
-0.99640435,1.3905544,-0.9241111,-0.23352578
-0.3588824,-0.7847581,-0.108583175,-1.1443473
-0.07094309,-2.0523536,-0.11582782,1.6507068
-0.40134248,1.050745,-0.55509907,1.8242221
-0.7110224,0.9698116,-0.9270078,1.1720011
1.4240977,-1.9523462,0.20739332,-0.30918846
-0.24957769,0.8692926,-2.0466948,-0.8726572
1.2684695,0.92080027,0.0735018,0.8599856
0.7978134,1.6341681,-0.563503,-0.26064748
0.6408493,-1.1370378,1.9855309,-0.37221888
-0.65530545,0.11002704,1.0540084,-0.8031877
0.68578666,-0.3360242,-2.0623534,0.6548398
0.0475093,-0.028917288,1.2014145,0.17902051
-0.057035524,-1.0679888,1.8179499,1.499139
-0.08026015,0.638238,0.77293086,0.6899551
-0.07342476,-0.55797976,0.7545919,-1.8572534
-0.7864148,-0.20598952,-0.14988215,-1.7251626
0.38333267,-1.6988524,-1.4413061,-0.079857394
-1.6264337,1.8864836,1.0380683,0.7086521
-0.7529939,-2.11185,1.6643118,-0.31254888
-0.70639944,0.2225435,-1.1251506,-1.2528027
1.3462925,-1.2084514,-1.5044748,0.12093534
-1.7809569,1.2925245,-1.6086837,-1.5663992
-0.5262565,1.2145565,1.4577271,1.0723593
-1.7963132,0.2943673,0.34905264,-0.45279115
0.4742947,-0.16182524,-2.4142995,0.7292961
1.0951325,-1.1931952,-1.4101485,-0.8530237
0.5117176,-0.81204134,0.018473556,-0.3904469
-0.35006675,0.24661711,-1.4611038,0.21758515
-1.3572989,-1.8042608,1.2591982,0.6176588
-0.06831905,0.48915905,-0.9909776,1.1985313
1.7123039,-0.94184715,-0.9012947,0.9131969
-0.73382854,-0.29310417,0.80155265,1.3182157
0.0069844993,1.2430487,-0.574187,-1.0886414
1.2379675,1.4109443,-0.41370088,-1.6409068
-1.2416253,0.3302721,-0.45610932,0.24006781
0.18711299,-2.106357,-0.5399445,-0.6016998
-1.3416413,-1.301023,-0.19618334,-1.0993065
-1.0664108,-1.790206,0.7104001,0.3689968
0.92828643,1.0301509,1.5083936,-0.44433787
1.1121372,1.934525,0.7314902,1.468246
1.9833592,0.4415794,-0.068190835,-2.2115872
1.8460194,0.29379886,1.4888214,-1.3110334
-0.0792325,1.3140506,0.3984579,-0.19521515
0.18766801,-1.7076982,-1.0267934,-0.39666954
-0.1357506,-0.71609193,0.9982537,0.66762567
1.0686228,-0.6727645,1.3023565,0.41649696
0.41459805,0.9713494,0.8716746,1.3350971
-0.24028903,-1.373686,1.4911426,0.08407232
1.4942534,0.75097865,-0.1264148,0.67448986
-1.358888,-0.99409425,-1.5118674,0.7551896
-0.16203378,-0.47032756,-0.15046754,-1.479137
0.6240977,-0.85436505,1.8061522,2.056431
-0.61204565,-0.5233708,-1.1479527,1.5283875
-1.4742259,-1.7804348,0.08321215,-1.3581854
-0.6172026,1.132686,-0.19091839,-2.122534
0.04912359,0.8319803,2.3846874,1.1464647
0.070765354,-0.60266066,2.2103865,0.8695815
-1.1643654,-0.1767717,1.7426587,0.07582336
-0.6363476,-0.7048169,-0.8760076,-2.1878667
-0.4240096,-1.2571926,0.54834497,-0.26124296
-0.051692184,-1.5408762,0.4268413,-0.2007744
-0.9277352,1.1546826,-0.010448313,-1.1645423
0.14006779,1.9483843,2.103636,-0.41812456
0.30776337,1.8364071,0.60922974,0.24938932
-0.22412735,-0.961874,0.50337696,0.30323634
-0.3554807,-0.10269123,-0.7523043,0.805072
0.4935867,0.82101715,0.110857315,-0.29783157
-0.9672851,-1.2577397,-0.7141559,-0.87164086
-0.47406363,-0.41105333,-0.5287874,0.18985218
-1.830343,1.339899,-0.6798047,-0.26469502
-0.14825569,0.4962829,-0.44833726,-0.80155545
0.7714514,-0.14953017,2.2326858,-1.3896636
-0.266417,-1.8842044,-0.6830703,-1.8115185
-0.415922,0.27176815,-1.0279468,1.5265064
-0.10835561,-1.2116293,0.012525411,0.91924787
0.25134578,1.3070574,-0.025753025,0.03126999
1.9638976,0.1430645,0.11276164,-1.1411235
0.348385,-0.23342606,-0.75608325,0.6708878
-1.5257542,-0.5501781,-1.1493855,1.0598165
0.7523911,-1.3615195,0.8169318,-0.24539195
0.36111152,-0.035193227,1.0273429,1.2473308
-1.0451279,-0.18824555,-0.73889446,-0.91002035
0.1449166,0.12351611,0.47500575,0.7348906
1.7492454,0.219056,-0.7559119,-0.86986595
1.260123,-1.5390521,-0.44632772,-0.22381018
-0.42036402,0.2436788,0.16798963,-1.4735427
-0.6838909,0.51311505,-1.5144733,-1.61734
0.80798924,0.47790432,-1.0312934,0.23851134
-1.6221223,-1.150353,1.4855815,-0.94318146
0.9416794,-1.2758052,-2.0444334,-1.8640438
0.93329096,-1.6450263,2.0701966,-0.30249572
-0.6376295,-0.42698625,-0.5773533,-0.8801871
-0.47203878,-0.07906367,1.554437,-0.77446884
-1.6767623,1.3241849,-1.467197,0.099285595
1.5070753,1.0210712,-0.57942057,-0.50628644
1.2240163,0.6832832,-0.44248444,2.4545248
1.5573971,0.753468,0.48586294,0.4977208
-1.1744908,-0.19433406,-0.15669768,0.68301976
0.61877453,-0.18114756,0.022407025,-1.625788
2.2946787,1.1798663,-0.5583181,-2.2637174
-0.4048928,-0.925415,-0.39244512,-0.44217017
0.42190808,-0.9915804,0.115929775,-0.39636436
-0.47926047,-1.1537161,0.51422304,-0.66140395
-0.5282188,0.59211195,-0.93536025,-1.029053
-1.4844588,1.31599,1.3646567,0.0020119755
1.0010014,2.5173573,0.7010319,-0.17616658
0.6130142,-1.6115909,0.5286491,2.5112135
-1.0375378,-0.6706948,-0.6140624,1.3910816
-0.6172967,-0.2348891,0.6006171,1.2523025
-1.1508385,1.3455784,-0.3062409,-1.4996924
-0.26697072,-0.2743757,0.20391425,-0.8585146
0.39106727,-0.26744223,-0.054094225,-0.9172049
0.44000092,0.44352296,-1.25344,-0.7602143
-1.924868,-2.2930672,1.2551394,-0.6130895
0.7385439,-1.3399428,-0.98465174,-0.35448527
-0.76126856,-0.42495784,1.6433194,-1.278877
0.9247721,-1.9378854,0.49294516,-0.7379153
1.4331014,1.7535213,-1.0657232,-0.23222429
-2.3671534,0.83876234,0.7640982,1.6874574
1.0077664,0.32662207,0.34120294,-0.9037045
-1.0849816,-0.071259014,-0.1530343,-1.5111103
0.058856405,-0.18323433,0.11858427,-0.12050761
-0.038208075,0.8320416,-0.11408516,1.9158181
0.18663074,0.9789578,-0.5586018,-1.6660519
-0.3575437,-0.54642266,-2.4515207,2.5169866
1.2757285,0.94015884,-0.5938451,1.743464
-1.4731419,0.107737795,-0.47019178,-0.8057726
-1.1226604,0.6099116,0.07401099,-1.0401083
-1.0215626,-0.48889324,-1.9785835,1.2214199
0.028531171,0.6607681,0.7991785,-0.8106304
-1.4604428,0.38399124,-0.83592397,-1.728866
0.61241317,1.462097,0.4004831,-0.03445007
0.38100383,-1.9474555,1.7114271,-0.30272397
-1.1760787,1.1430968,0.88349426,0.92429495
-0.6850747,-0.27191204,0.5396537,1.0091065
1.3199455,0.06958172,1.2270771,0.9846014
-0.6546392,1.5135239,0.70832556,-1.3610446
-0.31685394,-2.1960332,2.2291021,0.9845087
-0.1754639,-1.1267519,-1.1138774,1.2088943
-2.494619,1.4260762,-0.08956319,0.8617558
-0.13768826,-0.78480595,0.7649665,0.8612305
1.3751379,-0.451609,0.49104336,2.277114
-0.67002654,-1.2694273,0.30240545,1.0343903
-1.8319249,0.43292716,-1.7955551,-2.8066382
1.6162006,-2.2430243,-2.6128953,-1.2822202
1.5505728,0.9131588,-0.7481647,-0.91429955
0.5532013,1.6675047,0.7794623,-1.0364494
-0.4574528,1.8170033,0.2529861,-1.3447139
1.7176827,0.3760078,-0.7579179,-0.8607166
-1.1816456,1.6726333,0.39444876,0.17836261
0.33970034,-1.641469,-0.9552029,-1.2983477
-1.5298064,-0.08239498,-1.1061493,1.2553197
-0.6992438,-0.43608698,-1.2301223,1.345616
1.4171468,-1.329411,-1.8947551,-2.0508382
-0.0026391195,1.4118208,-3.0797384,2.247249
0.6972465,0.07151115,-0.68335325,0.6485916
0.27300915,0.6546937,-1.0065811,0.20446551
-0.61955243,-0.34053397,1.8698123,0.20353891
-0.5055347,1.129616,1.6768951,1.149434
-0.78010297,-0.5784579,-0.18066639,0.71022063
-1.4434065,0.25486976,0.57620525,0.11607445
-1.1784248,-2.0181923,-2.2922776,2.5553582
1.9149604,-0.61023796,0.06666392,0.588644
0.2087719,-0.5119459,-0.68801624,0.21480444
-0.3821054,2.6855452,0.67931247,-0.0047137286
-1.3762716,0.3812136,0.8179684,0.4432594
1.6136321,1.7762492,1.6067061,-0.8024548
0.6355526,0.343519,-1.2526019,-0.097006455
-1.8132554,0.9331132,-0.46355888,0.46526805
1.034597,-1.1070567,-0.8490884,0.5823809
0.51013213,-0.34288067,-1.2565261,0.3365731
0.7600314,1.4123163,0.34578842,1.7610246
0.52518696,-1.1300884,0.43432242,0.43015411
-0.74407774,0.08808677,2.1091263,-0.76753885
-0.019252375,0.5196142,1.2828032,0.22047816
-0.8844483,1.206219,0.51407754,-0.015939536
-0.9824996,-1.8809863,-0.78892964,-1.8275344
-1.665678,-1.2713261,-0.7532678,-1.6200541
-1.1402583,-0.6445597,-1.8090439,-1.8037822
-1.6783037,-2.8827152,1.7271245,-0.72909904
-0.9158342,-1.2975657,0.44544873,0.65151364
0.2463495,0.73054326,-1.0185534,1.9507772
1.3324916,-1.665247,-1.4422668,-0.88383365
1.748724,-0.9019723,-1.3606417,0.13075204
-0.3044165,-1.6396815,-0.36228833,0.22556685
-1.3275201,-1.6230724,-2.5303137,1.5023196
-0.77247125,-0.13660611,-0.97922873,0.06595543
0.2941457,2.3463993,-1.1393592,0.9060004
-1.2845061,1.3966056,-1.8599061,-1.2549117
-0.5640329,0.7713181,-1.1040789,0.3508209
0.79554933,-1.3621244,-0.56905997,1.2823106
0.46213955,0.5691843,0.9244906,0.19892763
-0.06750232,-0.53816265,2.0008197,-0.54777914
1.118047,-0.18559435,-0.17954117,0.5103856
-0.56484234,-0.70878595,-0.7666878,-0.073502846
1.3613031,-1.2516873,-1.5326016,-1.0987464
-1.8971595,2.2079704,1.339794,0.6645175
1.3638471,2.242786,0.81078553,0.36487317
0.34656522,0.034748767,-0.11632755,-0.11603988
-0.6660005,0.5169962,0.7927314,-0.0073570795
-0.20828538,1.5455875,-0.23451135,1.3061455
0.958998,0.29821426,0.8392139,-1.3391715
-2.111089,0.17527418,-0.3565102,1.3922492
0.68770784,1.98343,-1.7025666,1.4456426
1.2373598,0.89566755,0.09070659,-1.1776847
-0.041923035,0.9240836,-0.5247545,1.451023
-0.26890114,-0.30257255,0.22859325,-3.0623207
0.7872759,-0.8286383,1.3031421,-0.78827107
0.18111041,-1.1380516,0.14159784,-0.87967074
-0.9216431,1.89941,-1.2750221,-0.5375383
0.6277559,-1.590378,1.2016677,-1.240046
1.577054,-1.7239102,-0.4924166,-0.656538
-0.5321155,0.6252319,-0.9304698,0.85373753
0.99289155,-2.3471997,-0.2890859,0.73441005
1.3529894,1.5367068,-0.61479074,1.3582766
-1.2708411,0.16179934,0.9025866,1.8234673
0.5754491,-1.3832126,-2.0738876,1.8186996
1.6882902,1.5182768,1.1338115,-0.13438264
-0.3223173,-0.9031559,1.282141,1.2605973
-0.12706184,-1.63253,0.76688975,1.4811032
-1.5552989,-1.066463,-0.724515,1.8177844
-0.31212363,0.05630895,-0.104970515,0.9556712
0.08752497,-1.2380935,-1.1790122,0.1485268
1.3527843,0.18405165,-1.0875405,1.010232
-0.37527737,-0.73837185,-0.759914,-1.2389548
-1.2262189,-0.8766329,1.768586,-1.6377627
-0.950858,0.34455013,1.4638186,-0.75233024
-0.6224687,0.5411665,-0.1948908,0.037110217
1.2904792,0.36152208,1.8634058,0.38179052
0.0064650555,0.2825905,-0.17460077,0.29074407
0.3996013,-0.42667612,0.24594523,-1.1466262
1.7365763,-0.8086097,-0.9990542,-0.48413372
-0.10550344,0.26648885,0.392824,0.7809505
0.39053357,0.6838444,0.814308,-0.9790013
-0.1502566,-0.6467343,-0.5960123,-2.279051
0.9236725,0.9535116,-0.40187642,-1.9174867
-0.520954,1.9936373,-0.2889592,-1.3417728
-0.5370673,-1.0689136,0.1449971,-0.11640523
-0.4013225,-2.3383577,-0.366068,1.7248292
-0.7605939,1.7457211,0.6711129,-1.2076553
-0.26800776,1.8175623,-1.5309033,-1.2143539
-0.8797999,-0.2122155,-1.0910695,0.09528768
-0.040271927,-1.7918202,-0.3570002,2.450699
-0.2327332,1.5076764,-1.0114516,0.0038616268
-0.6058382,0.2040665,1.3766427,2.4282236
-0.3326222,-1.2399079,1.0674132,1.0104301
-0.4873665,-0.011445115,-0.5978184,-1.5342227
-1.6940848,-0.49397168,0.80465066,0.25173926
-0.9762836,0.65703994,0.95962375,1.024381
1.6950995,-0.5287114,0.06719848,-2.1556616
1.6488432,-0.6806355,0.34957972,-1.4671396
-0.45136914,0.08462569,1.1949365,0.58156455
-0.64905196,0.25820068,0.10382266,0.6179242
0.5206416,0.3691529,1.2322799,-0.21536614
0.9127387,1.7446859,-0.3214671,-1.5840596
1.6736115,-1.0142293,0.055846572,-1.2253715
0.37512848,1.1899731,-1.1066219,-1.329385
0.9732704,0.4394182,-0.4894568,-1.5468943
1.106466,0.76371837,2.15568,2.025975
-0.14057447,-1.292912,-1.1694423,-1.286159
-0.62451077,1.2954111,-0.44580668,1.4542209
1.5097464,-0.17366809,1.0841829,-0.92013544
-1.4905566,-0.1633485,-1.9756043,-0.17303257
0.17297047,-1.375449,2.0143456,-1.325563
0.0013242258,-1.20116,-0.88590336,0.7747126
1.4860888,-1.1694866,0.74835867,0.13435654
-0.4688925,-0.6756821,0.17082901,-2.29026
1.4798347,1.6616075,-0.9976112,-0.99512476
0.08317603,0.124426015,-0.8512007,0.7211414
0.0136810355,-0.20467101,-1.7380117,-0.6505345
-0.16653809,1.4602062,1.8819357,0.93164754
1.2928565,-0.07613475,-0.6302432,0.14605127
-0.6714402,-0.5160056,0.54021555,0.41567302
1.6315057,-0.6422623,0.18006656,0.10060535
0.20554054,1.4346535,-1.0790575,1.444278
0.19658738,-2.1014662,0.70271325,0.25014496
-1.8692151,0.21417797,-0.7764216,-2.1835136
1.1767296,-0.13761103,-2.111882,0.42754987
-1.0866928,0.29558885,1.0051665,-0.6802053
-0.18860634,1.1031091,1.3805863,-1.6861913
-2.1096525,-0.5161437,-1.281878,-0.49972424
-1.2789495,0.18003535,0.13123399,-0.8814606
0.24962683,1.0316746,0.6972808,1.5055046
1.2240531,-1.6459589,0.80138206,0.6360722
1.30939,1.846082,-1.4732087,0.850677
-0.6611941,1.311962,-0.54794496,-1.6267443
0.7251926,0.55403787,-0.8969961,-1.8568869
-1.286201,2.0793037,-1.8271139,0.068425
-0.03821553,-0.38787466,-0.030611882,-0.59297144
0.77086705,0.8496392,0.80424064,-0.19320218
-0.53623456,-0.6577852,-1.243899,0.08921387
0.7189787,-1.6188722,1.6047593,-0.5000874
-1.1145598,-1.2479264,0.72392505,-2.722086
0.2519439,-1.4371747,-0.26841554,0.16629586
-0.8537764,1.1101099,-1.0700182,-0.19576165
-1.9825035,-1.1303105,-0.5514605,1.0632894
-0.6079593,-0.7330345,1.3095936,0.3879298
-0.7150018,1.5245707,-1.627407,0.3742043
-1.292066,0.7605909,1.6747172,0.6740108
-0.3584756,0.067546606,-0.80732745,0.18841091
-0.9863406,0.034542993,-0.29237092,-0.22255585
-0.29679316,0.59467655,-0.10352518,-1.0466038
-0.30322677,0.08164145,0.69353133,0.2176727
-0.5857035,0.59085315,-1.3576066,0.7756523
1.1482157,-0.6356788,-0.90930444,-2.3788815
0.048810337,-0.46028763,1.6370336,0.99556553
-1.8619537,-1.0132426,-0.19161959,-3.071978
-1.2022578,-0.115039535,0.096945204,-0.8654108
-1.3167629,0.33968735,-1.7241962,-1.559128
-0.37668884,-0.57692516,-0.23144452,-1.272422
0.21886808,-0.4613552,0.25016814,0.08358896
-1.2689476,1.4527794,-0.27633223,-0.14727208
-1.3025221,-1.2755195,0.05192614,-1.1851282
-0.09776267,0.8459009,-0.5252772,-0.5951619
-1.6179641,1.5665829,-0.48683545,0.45633286
-1.1699129,-1.7317349,-2.0065596,0.76858705
0.3920546,-0.9314317,-0.13028176,0.23340297
1.4890931,-0.87201375,-1.026411,-0.4310998
0.21858838,-0.87786794,0.15093398,-1.6821493
-1.3913845,0.33933443,-1.1548092,1.5313786
0.45781454,-1.1970254,1.5306606,-1.8667997
1.3819968,-0.18185523,0.27767488,-1.7722067
0.07691664,-0.9927165,2.9681988,-0.116092764
-1.6065797,-0.32688034,-1.7507813,1.3560157
-1.4617906,-0.6791692,0.10741784,-1.108844
-0.6133266,-0.1952021,-0.12917733,2.427389
0.7061152,0.27581277,1.4145577,-0.2178981
-2.0057068,1.4990435,-0.28522462,-0.7647709
1.8036052,-0.1626486,-0.64370936,-1.4555697
-1.8688902,-0.5228489,-0.4766565,-0.18993022
-1.7809052,0.67926145,1.1600839,1.5075366
0.7273264,0.47273844,-0.69129974,1.3044183
-1.775245,-1.4109399,1.9422466,0.3135683
1.8278385,0.072120845,-0.60786057,-0.91345847
1.329502,-1.4953668,-0.3388186,0.69133013
-1.5090983,1.0453088,-0.90066594,-1.6334211
0.081673905,-0.1989697,1.920341,-1.1164498
-0.15512528,0.33556283,-3.2198613,1.5153412
-1.4835391,1.9853138,-0.19675691,-0.81830263
0.16230299,-1.936692,-0.3648877,-0.71983266
0.4516336,1.0040182,-0.82960236,-1.1650906
-0.9220899,-0.6194742,0.5860971,-1.1742254
-0.47260803,0.41943166,-0.18520625,0.9764352
1.6318227,0.004740197,0.37293202,-0.3553571
-0.7685279,0.6548658,-0.74372447,-1.9892365
0.64141923,1.9783549,-0.52645797,-0.51098543
-0.72428954,0.79841197,0.99715376,0.6347582
0.5257484,0.44546753,-2.0564003,0.44031107
0.25071248,-1.1207814,0.47078198,-0.29074082
0.64775187,0.52685845,0.6623647,-0.7730792
0.34945664,1.072912,0.061924655,-1.3891813
-2.1775582,0.66178703,0.08229871,-1.7552218
-0.488355,0.07469919,0.26838782,1.6732601
1.9750003,0.17942218,-1.0362457,2.1108525
0.48897883,-0.6794246,-0.1440815,-0.33615404
-0.45616198,0.14869924,-0.16549723,0.03464759
-1.2671746,-1.3310034,-0.9203584,0.7430769
-0.2100405,0.45187622,0.54903567,-0.13753136
0.046882384,0.721309,0.60177594,1.5686336
-1.5081564,2.7795131,0.13098437,-1.2955134
-0.99764663,0.09588372,1.0561244,2.1573083
0.641143,-1.5474987,0.068387285,-2.5635877
-1.20071,-0.39958614,-0.015466703,-1.2651
-1.530418,-0.32674423,-0.81448674,2.0507967
1.21534,0.010194473,0.23038392,-1.3033917
0.72125745,0.60913235,-0.533394,0.6736107
-1.1460364,-0.7515803,-1.0521945,-0.10936791
-0.9840688,-1.3226966,-1.3444843,-0.194652
2.7212799,-0.77054524,1.3235271,1.4975951
-1.7944857,0.3800647,-0.8453765,-0.77666056
-1.240432,1.1482028,1.3856891,-0.7727237
-0.20704791,-1.3262719,1.1472932,0.33789018
-0.24594386,0.045194883,-0.6749354,0.22660312
0.4480646,-0.841532,0.38938284,1.3498985
0.5146889,-0.6271535,2.3724654,-0.15528834
-0.5599666,1.7556076,0.0217491,-0.84510887
0.16235541,0.7794368,-0.3704374,-1.3962445
-2.2588496,-1.1728146,0.8546423,-1.0458201
-0.2178414,-1.3669353,1.2407135,-0.9707591
1.2830633,0.47949627,0.78850406,-1.0812786
1.0250236,-0.65564865,-1.312482,1.2217835
-0.34141397,0.113952346,-0.815032,-3.3895588
-0.31311113,1.2961535,0.43294352,-1.9148507
-0.031575948,0.014056525,1.5727837,-1.5197266
0.06374139,-0.18207797,-0.108809814,-0.020736387
-0.14199904,-0.82509166,0.156465,-1.1983297
-0.2658634,0.9306422,-1.8738316,-0.6362306
1.2979972,-2.101848,0.45075914,1.6804708
1.0173492,-1.0461016,-1.8930511,1.8677129
-2.6549013,0.3658548,0.9503877,1.1319492
0.20069693,1.7194247,-0.2413682,0.33327904
1.4757748,0.44586194,1.4299433,-2.1451807
1.6602702,0.1953827,-0.93073815,-0.14869246
-1.4354565,1.0095567,-1.5367292,1.2407902
-0.087483466,1.1175139,-1.4519792,-1.6599752
2.2699578,-1.3432449,0.18419412,1.8095993
1.0727438,-0.9797208,1.4696556,0.49301526
-0.19349068,-1.6563287,0.6413505,0.30286065
1.7491409,-1.8085,-0.15694523,-0.006490788
0.01720388,0.55266297,-1.301482,-1.035395
-1.1953886,-0.37257478,-0.70762014,0.9626797
-0.071415596,0.27043518,0.06177142,-1.382898
-0.1761263,0.87405723,1.2636057,0.9229815
0.18072194,-0.8634772,0.7778413,1.4626755
-1.2024722,0.25621608,-1.9438324,-0.96012384
0.9848584,-1.7553825,-0.64179224,1.1392673
-0.38084114,1.3870858,-1.4969926,-1.2696663
-0.8276741,-1.7967952,0.23215373,1.330181
0.14924262,-1.7550062,0.6244987,-2.0857997
-0.002621464,0.71904117,-1.7930746,-1.0845538
0.15640198,-1.392859,0.14971136,0.9056952
0.2810459,1.0175556,-1.4777256,-0.14976901
0.5889853,-0.3152745,1.2319968,-0.5359092
0.308181,0.19153178,-0.19160199,-0.90183544
1.1144795,-2.087339,1.2087651,-1.6815219
1.5674591,-1.1430898,-1.0083,-2.484581
-0.65877134,0.16029422,-0.9179594,-1.354801
-0.85784245,-1.3943224,0.008462825,-0.344496
-2.0144658,0.9237368,0.55180585,-0.91205347
-0.020940823,1.3563428,0.5320996,-0.5062618
-0.6286673,-2.07694,-0.52244425,0.8874352
0.35643718,0.009083344,-1.0177174,1.2238176
-0.2235934,-2.7025511,-1.9775099,-1.1660738
1.2713931,0.14407298,1.0448204,1.1040441
0.0860024,1.290238,-0.05242378,-0.758806
0.82812095,-1.0403543,-1.1450528,-0.38924748
-0.21934281,0.0833406,0.98905843,1.822106
-1.9993942,0.29904863,1.6561074,-1.3259907
-0.4650257,-1.3308887,0.4453245,-0.39554924
0.8020158,0.07468304,-0.13212447,-0.14448756
0.38635015,0.44815603,1.6580703,1.3831702
-0.9658959,0.65774727,-0.21000728,0.29048222
-0.6583528,0.19632907,-0.106838815,0.3381927
-1.2918369,-1.8777387,1.6503742,0.8495193
-0.25962007,-0.5692644,-0.0865442,-0.63976055
-0.7252943,0.24472347,0.15955839,0.6513071
-1.3110739,-2.1336458,-1.733262,0.27770263
-1.0073886,-1.3383114,1.3429086,0.9325273
2.1542873,0.48555192,-0.3462264,-1.0144949
1.582926,-0.0035539498,-0.012318358,0.66291213
-0.26502946,1.394767,0.60471475,-0.21118851
-0.72852665,-0.36853802,0.14104557,-1.5251585
1.2784153,-1.016262,-1.3341784,-2.1937878
-0.4069369,-0.44276196,-0.70020425,0.15167853
-1.0252149,0.8275754,0.45441398,-1.3088292
-0.4992716,-0.66264564,-0.8025393,-0.7060018
-1.1998173,-1.6285567,1.6843848,-1.0975329
-1.0699698,3.1280205,1.0390134,-1.6289332
1.2329922,0.57442373,1.9852407,-0.10324711
0.8855765,-0.16001607,-0.8604942,-0.54454505
-0.7187592,0.89371973,-0.53279245,-0.6771636
0.81154925,-0.92303467,-0.48578483,-0.41908574
-0.3312259,1.0647693,0.17678969,-0.4596158
0.2304347,0.48028097,0.12794687,-0.3554241
0.7824805,0.8659603,1.1550715,-0.10429486
0.25753987,1.6838398,-1.6335161,0.39791277
0.9582125,1.512475,-0.78056276,0.6411222
-0.716313,-0.5481924,1.9954818,1.1372625
-0.16212557,0.93141705,-1.0533977,-0.3199944
-2.073693,-0.05094907,1.4173244,-3.004611
2.2850108,1.6714197,-0.45706314,-2.1467717
0.95730126,1.555593,1.339278,-1.9279237
-0.6654678,0.7374237,-1.9108598,1.0365605
-0.88206893,1.1886292,-1.4092774,-1.7072287
-0.66212344,0.9930896,1.0558287,0.470155
-1.0251046,1.0839028,-0.9016907,-1.0946046
0.21568924,0.3967668,1.4584802,-1.7987871
-0.6798495,-2.1365914,0.26424727,-0.09910547
0.48582596,-1.0997366,-0.5660219,-0.95889527
0.17614207,0.19745828,-1.3666117,-0.5641695
-0.19052112,0.6110988,2.051952,-0.6600623
0.33546373,-1.1114709,0.57639605,0.637678
-0.5005417,-0.710691,1.8803517,1.5684114
-0.18596886,0.95365137,0.78469115,0.22394463
1.8336598,-2.0206184,1.1639639,0.24307328
-1.5089506,-0.63886607,-0.18736199,1.6574838
0.8433613,1.9640296,-1.5869176,0.38136154
0.15381387,-0.612372,-0.5846098,-0.56385934
1.0619861,-0.34885755,0.55717754,-1.2497838
-0.11260661,1.1312627,0.7836224,2.1642568
-1.1135911,-0.011649442,1.3591312,0.6609477
-1.7131159,-0.8892357,-0.3363049,-0.8343741
-0.53026676,-0.37060004,-0.090003416,-0.8125285
-0.3052628,-0.012234348,0.6185584,-0.9792021
0.9415526,0.20289251,0.3830517,-1.1188023
0.58510333,1.5244908,2.0329561,-0.5762916
1.7918295,0.8789536,-2.3793194,0.33001727
-0.500638,-1.1845659,0.17107606,-0.13183618
1.935056,0.2746363,-1.5473983,-1.492366
0.26561427,-2.3018298,1.7867811,0.11529775
0.9374595,0.47136563,0.31070766,-0.6319712
-0.5657281,-0.07064647,-0.8843543,0.9810022
-0.3681677,0.102653526,-0.21429925,1.4996426
0.12914744,-1.0450743,-1.2204578,1.4870542
-0.12514403,1.4823961,-1.4098059,-0.3486118
0.8209604,1.0303174,-0.7597044,-0.38679138
0.93462753,-1.7553538,-1.6367273,0.0842562
1.2391696,0.028158177,0.19304915,-1.1920248
-0.86240846,-0.03748558,-0.95359904,0.5384206
-1.2854908,0.75009704,-0.31272712,0.2015525
1.8431572,0.11897535,0.66293603,-0.75793654
-0.3207827,0.1529478,-0.8157717,0.2754006
0.81595975,0.74063003,0.022134583,0.21396172
0.68263537,-0.3665629,0.77708143,0.15322994
1.3721496,-0.24342227,-2.1190598,0.54818577
-0.04340965,2.3465943,-2.51616,0.56993216
-0.26595986,1.0371674,-0.3388577,1.0599333
0.6948528,-1.2172407,0.32052296,0.54608256
0.5605898,0.16815926,0.35630754,-0.5432777
1.4907798,1.7939786,-0.34221098,-0.3757246
-2.3646793,-0.2615285,0.50917375,0.14052786
-1.139587,-0.8133222,-0.725916,1.3694783
0.7100424,1.9285375,-2.7116024,2.119208
-0.77035624,-1.4499753,1.77302,-0.786989
-0.79990363,0.46012014,-0.4696221,-1.3600031
-0.55121595,0.82208234,1.7289728,-0.5068712
-1.1881474,0.7521542,1.162429,1.5127265
1.5278573,0.20713787,1.5958401,-0.62507206
-0.87593997,-0.007371466,-0.78877085,0.0054343333
1.624919,-0.49563366,0.9339442,2.166326
-1.0621173,1.3474598,-1.572784,0.3036807
-0.33030477,0.9997626,1.1958987,1.3838972
-0.4450805,1.1587017,0.8880112,-0.2885192
0.114933856,-1.0543809,-0.276465,-0.67305714
0.6269928,-0.76567155,1.1240057,-1.0992422
-0.9888068,-1.2561184,0.24399757,-0.19885804
0.20572233,-1.4149904,0.54233915,-0.07089431
0.6274344,0.3739531,1.0693669,-1.1178266
0.71656907,-0.40461203,-0.34224388,1.0890231
0.65103143,1.40414,1.0669339,-1.469586
0.31969172,-1.2703384,-0.5512382,1.1606435
-0.76305044,-0.6746839,2.7304156,2.3586044
1.7146412,1.1456894,-0.8907285,-0.7969298
-0.6147489,0.17149328,1.2565559,-2.111112
2.249489,-0.8976197,0.6192087,1.3511931
-0.24474737,-0.25865662,0.22568087,-1.0303932
-0.04551881,1.7034575,-0.58340967,1.5179998
0.829708,-1.4608425,0.23502335,-0.90249217
1.1249044,0.22761613,1.210738,-1.1652546
0.6396331,0.87383956,-1.5253906,-0.39903814
-0.19270153,-1.963817,0.29255113,-0.6451711
-0.5732718,0.665064,-0.0134334,-0.6090704
-1.2037897,-0.50470495,-0.38106677,0.7428328
-0.06105629,0.7722603,1.0809125,1.0487336
-1.5162469,-1.0040042,0.10239894,1.3518227
0.89669496,-0.59019196,-1.8099684,1.3773732
0.52004755,-1.4830359,-1.4176512,-1.0470017
0.2733037,0.63529116,0.32774705,1.7523401
-0.45581657,-1.3285749,-2.069432,-1.0088264
-1.2938668,1.6735742,-1.1658976,-1.0144277
0.61862844,0.34825826,-0.6176497,1.2903829
-0.7208619,0.6931185,0.090988286,-1.4153782
1.1963077,1.7637734,-1.7796602,0.20554352
0.64325225,0.6696241,0.75901306,1.6180944
-0.5148689,0.17805454,0.16245027,-1.5004094
-0.94046855,-1.2426639,-1.8678885,0.7564847
-1.7763988,-0.734574,1.2253205,0.26842675
0.35965243,-0.76847345,0.7654812,1.0105022
0.5289453,1.5386605,0.048771635,0.30414954
0.8082519,0.79499805,0.9886537,1.3327432
0.38592458,-1.0255936,0.40001145,-0.10946122
0.3961228,1.3417912,-1.5589927,-0.46570945
-0.36264542,0.9709029,-0.5392368,0.6271271
0.85682946,-0.057294212,-0.48346034,-1.513636
1.0829912,0.07061217,2.2269564,0.9082139
-1.0928861,0.957918,-0.90999526,-0.85389835
0.22040083,0.7371079,-1.2177532,1.2648262
0.46085694,-0.72085553,-2.719286,0.85456353
1.0203557,-0.1589201,1.431725,0.8456451
-1.1294391,0.24595839,-1.1909432,-0.43109944
0.8557467,0.6015115,-0.72315013,-0.47059867
0.98087484,-0.008186821,1.1158395,1.0395768
1.0674691,-0.36638016,0.45656484,1.5190725
0.6750095,2.0820975,1.6773864,-0.52107024
-0.48794526,-1.0751188,0.6427634,1.554521
-1.8417588,2.216654,-1.2324033,-1.579734
0.79418665,-0.94113994,-0.0537502,-1.2663237
0.34642693,-0.17218517,0.95383507,0.16992295
-0.65814394,1.685081,0.22519445,1.339294
0.31095973,0.2538519,0.43114838,-0.71853465
0.634726,2.7265248,-0.8967597,1.6259898
0.10460983,0.9946411,0.91676617,-1.46551
0.022757715,1.0382276,-0.27563292,-2.4744105
2.1100016,1.0928652,1.3339598,1.7601789
-1.1703851,-0.53705025,-0.55355513,-1.3637458
0.8716845,0.6265487,1.4707905,-0.34540102
-0.16352768,-0.7664878,-0.20269753,-0.7578329
-2.063346,1.7086549,0.18352263,0.9321625
0.15216975,1.9228779,-0.43609163,1.5202618
-0.13050866,0.5054818,-0.54996485,0.14998987
0.38169125,1.3641034,0.7329534,2.3217525
0.94495344,-1.2438747,-0.16446297,-0.7854444
-0.22384106,0.22813447,-0.6858461,0.3435106
-1.6948506,-2.3639135,-1.1590145,2.1290696
-0.24435303,-0.107384495,1.0625294,-0.91573083
0.9166029,0.48191032,0.99912286,0.89923066
-1.0218568,0.16046312,0.22768463,-2.0692189
-0.37147376,-0.60789484,1.2908721,0.79180634
1.6738249,1.0060608,0.6923062,1.1867316
0.62348884,-0.40769145,0.9270883,0.87689656
-0.33266607,-0.6542279,-0.65462375,-1.3050145
0.59899825,0.9590684,0.5217802,-0.9947898
-0.66856134,2.4679685,-0.60310215,0.956236
-0.91195446,-1.828245,0.1276195,1.3584963
0.5392238,-0.98771214,-1.9400784,0.96475303
0.5289926,0.2642572,0.46910706,-0.30846822
-1.0941749,0.063929886,-1.5780877,1.0564618
-1.3646961,0.5263019,-0.14447759,2.1602309
0.6188446,0.92865056,0.899846,-1.9146239
-0.9574085,-0.013202404,-0.82325214,-0.34027243
1.7665267,-0.011408069,0.25442046,-2.0482557
0.9814148,1.6815449,0.65111786,0.22027795
-2.0379953,-1.6427244,0.0013589073,0.49640676
1.953912,1.1803864,-1.2039301,1.0332501
-1.7224736,-0.3983555,-0.31170946,-0.29859534
0.2808519,-1.6636227,1.3760118,1.3514847
1.4775041,-2.3571365,0.6180828,-0.58840865
-0.74864054,1.2355672,1.5606185,0.0050442982
-1.5982317,0.7583784,1.1953955,0.71656054
0.2672496,-0.1328135,-0.24737468,1.4970875
-0.16846073,-0.49780834,1.5894948,0.31662205
2.2613997,0.9426279,-0.35636762,0.81844485
0.4079534,-0.59430766,1.0318332,0.24167582
-0.69053674,-0.914752,-1.2410053,1.0615573
-1.8230242,0.48692304,0.6934023,1.0665448
-1.3616652,-0.5610604,0.13970184,0.39150655
-1.0346209,-2.2105196,0.8036797,1.4828128
-2.0434437,1.4003246,0.80360097,0.13915806
0.26104233,-0.21042392,-0.49462232,-0.090089045
0.5256723,0.51838666,-1.7390898,1.1151408
-1.2357467,0.35672444,-1.1245939,-0.99840546
1.1520863,0.53906953,0.49136496,0.57634175
-1.3113662,0.10132477,0.23635936,-1.3418307
0.942774,-0.13953277,0.64202476,1.3313392
-0.19704494,-0.07677753,0.95896405,-0.65791965
-0.045794576,1.2348596,0.67266345,-1.7245756
-0.9057374,-0.8631403,0.2992119,-0.11268423
0.9586459,-0.1044421,1.6717348,0.00056006794
-1.5418262,2.420713,-1.0919183,-0.1233428
-0.74517024,-0.48445237,-0.6321564,-0.22163573
-0.36984324,1.1094052,1.213828,0.262276
-0.7959839,0.028459404,-0.30422527,0.35707027
0.6419689,-0.5798585,0.052645117,-0.6380656
2.6665769,0.8016835,0.8488683,0.077149004
-0.3489561,-1.5344074,-0.77563435,-1.4117624
-0.4270786,1.6710356,-0.42470133,0.629251
0.32444394,0.14149007,0.71054125,-1.6325926
-0.62770784,-0.20739138,-0.86918336,-0.63758296
-1.4175705,-1.226912,-1.0712653,0.66012126
1.4176184,-0.35865983,0.5632131,1.1269044
0.62386477,0.40606788,-1.0140506,1.1548481
-1.0588497,-0.7834264,-0.50205415,-0.7829076
-0.49521118,0.5679023,1.8318622,-0.1655412
1.4203517,-0.28932548,0.7178694,-1.1277754
0.054592624,-1.5705404,1.1030627,2.4227283
0.9108545,0.3459372,1.8446454,-1.5088118
0.9709079,-1.2525877,0.81259733,0.14114428
0.2142963,-0.528629,0.7960251,-0.7315396
0.91523886,-0.3989014,-0.48313162,0.15353301
1.332005,-0.9260386,-0.8788367,-1.5043029
0.2605877,-1.2170985,0.66121805,-1.7950273
-0.8262594,-0.12082306,0.8995292,-0.44337973
-1.1485802,-0.8065751,-0.9934247,-2.2300224
-0.026628686,0.18043336,0.6868252,1.2929198
2.42132,-0.29531875,-0.75260156,-1.0365564
0.40032154,-0.7843311,-0.2960404,-0.44364044
-1.8004138,0.12826927,-0.2579244,0.7896348
2.0265589,-2.0285478,-1.8391527,0.18558007
0.78494996,-2.0520353,-0.8606181,0.974456
-0.2093498,-0.82355493,0.2846306,0.16665702
-1.6812344,-0.22431178,1.081698,-0.09160127
-1.0131316,0.064765036,0.15624416,0.12768729
-2.132332,0.5738786,2.1715987,-1.9432272
-1.1853629,2.6777127,1.6273139,-0.50716776
0.015827794,-0.4534362,1.383823,-0.8908688
-0.58557934,1.8617597,-0.68646914,1.0607882
-1.5105735,0.2423761,-0.6337956,-0.2550895
-1.6584221,-1.5800489,-0.2824519,0.4306955
-1.0285959,1.3059318,-1.1298895,0.48654258
-0.14711511,-1.296778,0.19764668,1.153814
-1.1821773,0.15826261,-0.48239207,-0.69021136
0.4314793,-0.9920323,-0.51203305,-0.13472071
-0.7493849,-0.8213488,0.4763615,-0.6411593
1.9820368,0.36775124,0.880344,1.8148493
0.05822069,0.13827986,-0.60864156,0.41311434
1.2225108,0.7170968,-1.2270366,-0.76684177
-0.30820665,0.7750707,0.58247167,0.24616252
1.3349485,-0.80904716,0.832924,-1.3958067
-0.5315503,0.116232775,-0.47601128,-0.7589556
-0.69701946,-0.25569072,2.0999293,-1.4615341
0.7918105,1.239618,-1.5132419,-0.13619313
1.1531698,-0.5484595,-0.8157941,-0.57190764
2.2595322,1.0932899,0.81486785,-2.040433
-0.94736695,-1.745099,0.048851814,-0.3336659
-1.0376825,-0.81453115,0.45900697,1.2788265
0.55219674,0.20204054,-0.011648558,-0.7791264
-0.08618155,1.6320221,-0.41028917,0.6781236
0.06478221,0.6973426,0.022610335,0.7657439
1.1508871,1.4417081,1.0494473,0.8080069
-0.266425,2.0319545,1.4796882,-0.5075452
1.2189741,0.8519471,-0.37781245,0.33484527
-1.1635745,-0.7896615,-1.2278694,-1.1875939
1.435399,-1.0792383,0.42638513,-0.13090736
0.12862961,1.4150794,-0.12709202,2.2250602
-0.3269114,1.2548842,1.2790214,0.7429992
1.0370934,1.0689712,0.08237354,-1.4617832
1.1048052,-1.008917,0.7230588,-0.54646504
0.15680464,0.34774187,0.9521032,-0.40250012
-0.8124595,-0.39611936,1.6303105,-0.61165845
-0.8760722,-0.975425,0.44821548,-1.2432389
-0.47415125,0.91814107,1.730545,0.55527246
-0.97816074,1.4109203,-0.6099579,-1.0597571
0.046314508,0.65286195,0.5539079,-0.9163421
-0.09220899,0.89456034,-0.82760924,-1.5935746
-0.7369138,-0.7687553,-0.20706385,-1.0499096
0.31160265,-0.5051407,-0.19749545,0.3355627
1.2579322,-1.8501874,-0.45065168,-0.69514304
0.928343,-0.5912036,1.1350926,0.3930226
-0.28222626,2.1679795,-0.8828775,-1.3324932
1.479426,-1.0292919,-1.6148064,-0.08906575
0.06692209,-0.8076521,1.1197793,0.8742605
-0.95379394,-1.8023926,1.3999466,1.3157953
0.6706849,-1.034122,-0.059033994,0.57356745
0.38109502,0.5007497,-0.7575533,-0.29613763
0.924419,-1.4591728,0.9259365,-0.8556698
0.34652197,0.09704824,1.930761,0.951887
-0.6762186,-0.61203104,-0.3144771,-0.61221635
0.62513024,0.5120975,-0.035482164,-0.34185538
-0.9787256,0.45845065,-0.51603353,-0.14541079
1.1878397,2.169194,0.78022283,-0.61912495
-0.5934982,1.3781914,-0.80249536,-0.03325752
-1.1163892,0.7275039,0.4729005,1.1866504
-1.5757034,0.84952325,-1.0266154,-0.27747914
0.67823297,0.7239773,-0.3920373,0.53930044
0.782823,-0.23006421,1.216463,1.3759446
1.2342612,0.25764835,-0.18964651,-2.205037
0.53496164,0.18652472,0.2518017,1.4914337
0.16987038,-1.3292956,-0.023588993,-1.1918292
-0.5883195,1.0509309,-1.1059666,3.5782418
0.0071017155,1.9750566,1.1622703,-1.1373714
-0.88074344,0.6439191,0.6848175,0.58703905
-0.25009024,-1.0816115,0.11263573,2.0088956
-1.5034896,-0.010405855,0.9541234,0.42732438
1.510278,0.70450586,-1.5352802,-0.095534876
-1.203758,0.5739433,0.95947534,0.44400167
-0.35845557,-0.14334747,0.85533154,-2.01125
-0.31994966,1.5483813,0.8726481,0.34559053
-0.96052134,-0.77683794,1.205014,1.6558415
-0.649492,-1.5191588,-0.6260261,-0.37373137
-0.21827139,-0.5938568,1.109087,-0.16246709
1.3230804,-1.1475363,-0.5163478,0.41505447
1.2589337,-1.4589893,-0.2170685,-1.029742
0.7711072,2.2275608,2.4473522,0.688347
0.52585626,-0.73022807,-1.0008016,1.5550551
1.5045929,-0.27949977,-1.0832964,-1.7739139
1.227183,-0.5299752,1.5411183,-2.0411525
-0.09846775,1.7571623,0.2927681,-1.7763829
-0.7395352,0.39074638,1.2886759,0.27225316
-1.3590072,1.5503718,0.03413189,0.82763237
-0.5198003,-0.26468572,0.984704,0.66632724
-1.6520864,1.7210722,-0.22366148,0.8412552
0.9101548,0.9328161,0.046778142,0.990568
-1.6034849,1.0503215,0.8322576,-0.097228535
-1.0005727,2.6036537,0.747956,-0.3175908
-0.46898144,0.563826,-1.7010651,2.0095193
-0.46958664,-2.0609913,-2.0375936,1.2317469
-1.2990999,-1.1977729,1.1395355,1.5281987
-0.8636601,0.42690486,-1.1046917,0.05443968
0.42519683,0.52463144,-1.953101,-1.0592567
-0.45352885,-2.9464898,-1.0454606,-0.19305961
0.34575075,0.068741746,-2.1631606,0.6030143
0.24587879,-0.5873491,0.14427365,-1.567887
1.0904729,-1.3487039,0.60178,-0.6080571
-0.50984436,1.0586939,-0.009207248,0.9748024
0.62358963,1.3609598,-1.1999364,-2.9579446
1.155133,0.41551727,-0.82467526,-0.18810168
0.8178292,1.2340739,0.21663943,-0.90293634
1.0719676,2.0301335,-2.009689,-0.9742605
1.2420444,-0.6584168,-0.8748704,1.512757
0.95034,-0.51160586,1.0213349,-1.5258093
-1.3088503,0.2455238,-0.60516435,0.8784866
1.4259045,0.37965548,0.70703954,-0.96577764
0.4142379,-0.50961953,0.013380453,-1.5828868
-0.7983388,-0.07533585,-0.057157632,0.740635
0.850889,1.3329684,-0.05988331,-0.2744616
0.11722537,0.44109356,2.1115332,-0.4218229
-0.9435704,1.1622231,1.3326192,-0.40308553
0.25754642,-1.4272451,-0.2317932,-0.659997
-1.2204201,0.42289743,0.9445118,1.2547503
0.20729746,-0.97090864,-1.444504,0.27129143
-0.21728069,2.4366577,2.3628838,1.0490129
1.7017256,2.3848593,-0.89632857,0.7632165
-0.22714344,0.8021028,0.1585168,1.036886
1.4691383,0.29282206,-0.29180446,-0.7880111
1.7851775,-1.0881484,0.78189,1.3403299
-0.9849709,-0.7222099,-0.78708637,-1.5490319
-1.8831625,0.5473007,-1.5964781,-0.9830339
0.6032684,1.2355418,-0.6422162,0.6011548
2.0720768,-0.69095063,-0.19943963,-0.37127072
0.3403152,-0.9721495,0.95376813,-0.6716317
-0.9041918,1.1395069,0.42971396,2.2943482
-0.67868924,-0.7555895,0.27757564,-0.8299889
0.96368015,0.7189639,-1.5629216,-1.1859734
1.5231912,1.3621616,-0.64124775,0.7234226
-1.5092552,0.303217,-1.0134073,-1.830658
-0.40947554,0.9361274,0.71032655,-2.6005995
-0.5865993,-0.33413896,-0.284213,1.2316347
0.09817047,-0.6086056,-0.14851815,0.31686682
-0.28577545,1.0768689,0.27218527,0.9283605
-1.4386616,-0.050079677,-0.37341294,1.6163363
-1.3477962,-1.0978664,1.4624765,-1.8400427
0.45237356,-0.42897925,1.583992,0.9233696
-1.1805439,0.15009594,-0.66921115,0.6211116
-0.34038097,-1.0494952,0.5029756,0.15494809
0.464935,-1.500263,-0.84588176,1.5110612
1.5333502,0.81803614,-1.0805227,0.86876506
-0.14198297,0.008016093,1.1783389,-1.0509146
-1.1364454,0.33534852,-1.0177681,0.15028094
-0.29843605,-1.6753439,0.77915806,0.7975215
-0.3860334,-1.6375442,0.7406769,0.45990613
-1.8765109,1.1603968,1.6248764,0.321317
1.3776318,-2.2309136,-1.1008519,1.8021669
-0.031966805,-1.5570909,-1.0534977,-0.6869767
-0.17930807,0.08293915,0.4873607,-0.44553223
-1.2012722,1.1813898,0.027414437,-0.9258008
-0.77957636,1.6414368,0.617853,0.7407482
-0.4867507,1.4031718,2.2228317,0.6464328
-0.34394115,-1.7377163,1.325764,0.296334
1.6879368,0.72739536,0.2815846,-0.9177948
0.4628125,-1.8927652,-1.0588946,1.3182185
0.41229263,-0.54103225,0.48944968,0.27220714
-1.6925406,-1.0044159,-0.6416966,-0.48472118
-3.199522,-0.8204189,0.36761403,0.05209835
0.81461513,0.32478312,0.035937257,-0.111534245
-1.0953426,-1.3692875,1.76619,1.3718653
-1.5640653,-0.526277,0.23910345,2.9017391
0.6552605,0.23773138,-0.72622997,-0.27958068
-1.4538542,-1.649317,-0.034024365,-0.15993896
-1.4142367,-1.4866958,1.2777739,0.45956483
-1.6098069,0.025468562,1.1926447,0.86218965
-0.38915452,0.47229025,1.1342363,-0.5569993
-1.2132683,1.5748024,1.3841621,0.0024795318
-0.5571435,-0.33579922,1.9732103,-1.8536463
-0.9751522,1.2693222,0.94279075,-1.0936289
0.9253543,0.8860574,-0.8764769,2.507555
0.3610282,-1.2361528,-1.9367371,-0.7966127
0.85688823,1.8205469,0.19022503,0.9389973
1.007064,0.63532734,0.3140611,0.9940427
-1.3091974,-0.29232135,-0.37233096,0.20352623
0.9821096,0.5596735,0.35491472,1.3543353
-0.8173113,-1.4104072,0.45049563,-0.87204325
0.25599718,1.5971116,0.54739046,-0.00027451973
0.91883916,-0.7842676,0.26454347,-0.18340884
0.58289737,0.34257522,-0.18588637,-1.8652018
0.74576277,1.7159506,-0.367206,-1.4718461
0.19910169,1.3066643,-0.31034136,-0.09479978
0.86092126,0.7166992,-0.83197117,0.22965811
1.0875673,-0.13776901,0.95193374,1.0455514
-1.7531043,1.3079557,-0.8757844,0.2928668
-0.019382149,1.235658,-0.6258892,0.33768117
0.8952153,0.35005954,0.7336064,1.5909146
-1.1919922,-1.0650454,1.161818,0.122102
-1.1037694,-0.7074079,1.1114355,-1.1827819
-0.26971495,-0.3537471,-1.3766376,-0.16913225
-0.47543976,-0.02789908,0.23323847,0.44447756
0.15022144,-1.4172536,0.48260087,0.114674866
-0.54295415,0.08361687,-0.33921954,1.4900503
0.9409174,1.0421444,1.6701423,0.1512905
0.31287524,-0.61876374,-0.04548738,-0.8590833
0.38426456,-0.72017527,1.9916292,-0.46816397
0.9646076,-1.2357869,-1.4141427,0.18230264
1.2953062,-2.3612378,1.0049112,-2.204444
0.27230692,1.1713651,0.5608048,0.043427046
-0.6655508,-0.4514115,1.7371739,-0.76717985
-1.4961809,0.04287304,2.1544616,-1.0526025
-1.0714895,-1.5546105,-1.7754318,1.6724776
1.697474,0.42339808,1.0088493,-1.3982977
-1.3892163,1.3050959,1.0482265,-0.9420084
-0.07001405,0.5729804,-0.13735825,-0.48879153
1.3375766,1.0207372,0.44636464,-0.6513805
1.3764958,-0.35329452,0.9109691,-0.5119923
-0.91622216,-0.59648955,-0.48483196,-0.923189
-1.1543968,-2.299091,-0.27696306,-0.014299918
-1.5761924,-0.2061873,-0.35183695,1.3493159
1.8089749,0.35754687,-0.9014177,-0.17914437
-2.0610583,-0.67994386,-0.65187585,0.83635116
-0.82272923,0.35005453,0.5749035,-2.140151
0.605246,0.7445788,0.8658473,-0.7266318
1.2492313,-0.59662,0.71012837,0.036898978
0.51817745,0.44019014,1.0660523,-0.802452
0.25375998,-0.3024398,-1.0202291,0.91028273
0.922406,-1.237354,-1.1346767,-1.377531
-0.5978105,0.075736314,-0.08260612,2.1015391
-1.5409454,1.80891,-1.7497495,-0.14565234
0.28469813,-2.0282862,0.40085524,0.27051714
-0.15194236,-0.7667888,0.4245524,-0.19735663
0.03606961,1.3534158,-0.48378226,0.6061737
0.20662564,0.8261656,0.63940734,-0.9036298
-2.3848875,-0.18805118,-1.4500024,0.012216378
0.8957259,1.8580573,-2.281076,0.8472317
0.52032864,-1.6062824,0.8239789,1.836906
2.551562,-0.8944886,-0.34892803,-2.8132358
0.5157014,-0.21323305,1.4247012,-2.12848
-0.43320903,-0.26163512,-2.03242,-0.38769528
-1.6002703,0.6654417,0.47717354,0.13245857
0.26874128,0.8466976,1.5064274,0.4352291
0.49810955,-0.83826965,-2.3944435,-1.5699843
1.2915506,-0.43891695,0.614189,-1.3582494
0.17652962,0.6529107,2.3869076,1.6477052
1.1361219,-0.33736753,-1.6878358,0.39360097
-0.96259475,-0.23164472,1.2322457,-0.8197264
0.9434837,-0.07548216,-0.18508503,0.43367454
1.0464103,-1.5902376,0.76155174,0.31867787
-0.6298005,1.2428508,1.9955764,0.67849237
-1.7649918,0.6027519,-0.59445995,1.9642388
0.7814556,0.15786779,-0.41424683,0.62754065
0.5638319,1.2572771,-1.0272195,1.9295455
-2.103328,1.0698824,-1.3020434,0.50787854
0.056974642,-2.0611486,-0.8269451,0.80411655
-1.802451,-0.453101,-0.18616603,-0.35824138
0.7592531,-1.3999891,0.23312317,-0.52711797
-0.84892243,2.063705,1.5470132,1.5821009
0.07384818,-0.7926985,1.6120437,-1.2892653
-0.39181855,-1.2194107,-0.12512551,-0.55919266
-1.0912716,0.3019573,1.4807421,-0.5792765
-0.31418163,-0.82259744,0.7395626,1.1160839
0.29407862,1.9609172,0.95360357,2.2444541
0.65053934,-0.84815145,1.7212256,1.843938
-0.82239115,-0.35213304,-0.43632346,-0.9338204
1.398606,1.0631595,-1.0884304,-1.7939804
1.9956812,1.2166529,-1.2520896,-0.048761018
-0.03614406,0.037019856,-0.76929224,1.8825786
0.5269399,-0.7568151,-1.4587405,0.23199387
-0.8049332,-2.200615,-0.16015883,0.5673602
-1.0906637,-0.008965126,-1.4090616,0.050681483
-1.2889202,0.26989636,-0.50755495,0.25668707
-0.44050437,0.92676514,-1.7576848,0.7179415
0.7605483,1.4447366,-1.8543934,-0.18770131
-0.0104947,0.9137266,0.9178531,-0.50299734
-0.7078974,-0.5426468,-0.1679293,0.82045496
0.122553766,-0.6466466,-0.13442263,-0.69716555
-0.39426732,2.4499545,0.39692378,-0.48712423
-0.09805022,1.3359009,-0.30777675,1.8650895
-1.8062781,-0.5096118,0.46355164,-0.1461843
1.4614242,1.1316566,0.19818798,-0.13721901
0.87653995,0.20778652,-0.7737389,-0.75647146
-0.5879356,-1.6345954,-0.91141194,-0.5737304
-0.1362018,-1.3654895,-1.5716629,-2.4101682
-0.42639887,0.17222285,-1.0034394,-2.9291735
-2.1596093,1.2084572,-1.4260763,0.03430077
-0.079302646,1.2646576,0.5210293,1.49292
-2.4199724,0.5535589,-0.59705484,-1.0295091
-1.1533761,-1.11626,1.2183975,-0.9355745
1.9964495,-0.92787355,0.028888669,-0.89642316
0.56460667,-0.19063604,-0.11705587,1.4440237
-0.63160473,-1.3389889,-1.2014729,-0.5281527
0.6444272,0.50466436,-0.19066715,-0.6077177
-0.32478333,0.97091544,-0.34110996,-0.35057464
-0.3156564,-0.24827698,1.9145821,-1.0051221
-1.780175,1.8289248,0.14274889,1.432707
1.4832402,2.1906846,0.26256928,1.5743923
0.9411566,-0.027526354,1.1341958,0.33353713
-1.0326097,0.29893816,1.9343774,-0.82189965
-0.26492092,0.19095579,-0.6069356,-0.84565735
0.7108375,0.23966914,-1.1343185,0.040931314
0.6833104,-1.6598437,-0.9657624,1.4036428
-0.06605918,0.442221,-0.714541,1.4212724
-1.5656383,2.1511483,-0.306391,1.5320659
1.4779384,-1.1739712,-1.1735142,1.0659992
1.4406859,1.5027287,1.8619885,0.54642266
-0.15686661,0.7650941,-0.84995395,-0.17820142
-1.5834662,-1.6099465,0.87200505,-0.18601619
-1.0743803,0.5969091,-1.3605851,0.09838165
-1.7668042,-0.4976669,-0.68672615,-0.10053692
0.088778086,-1.8890921,-0.48888928,1.33914
0.75696784,1.0994769,0.6354412,1.7566085
-0.5540748,-1.9639547,0.6690438,-0.8191583
1.5902327,-0.8502538,-1.6652151,0.9640739
-0.01770662,-1.4395896,-1.9368311,0.77119184
0.35452056,-0.90407246,-0.32029232,-0.9754342
0.4930537,-0.17522752,-0.53411126,-0.2778904
-0.36334017,1.1914623,1.1776649,0.60312784
-1.9295862,-0.69028014,-2.6811724,-0.86485773
-0.19170047,-0.6681416,-1.391315,-0.48526236
1.3013579,-0.40887326,-0.32024053,1.405042
0.077920265,1.3281554,0.64764017,1.4117514
-1.236411,0.40994823,0.2753468,0.50358933
-1.248525,0.8400726,-1.7843392,-0.6579807
1.6403718,1.7189975,-0.71539855,0.8819312
-0.69422925,0.5605984,-0.8777271,-0.7477015
0.095544524,0.5740801,1.180213,1.8608176
-0.43881238,-1.6512902,-0.9055713,-0.11724232
1.1382298,-1.4844748,-0.023872767,-0.46326163
0.30120185,0.5883573,-0.84238976,1.1650347
-0.40012616,0.57444197,-0.67213976,-0.9003339
0.84320354,-0.62867564,-0.99031985,1.5845475
2.5936675,0.6804617,-1.9389331,1.1556252
-1.1677104,0.007376864,-2.502753,0.8747924
2.1017885,-0.5689482,2.3810513,-1.8362858
-0.34158176,-1.6028756,-0.54331034,0.19094208
-1.432481,-0.20391732,1.303599,-0.14007106
0.98235935,1.9640007,1.8010873,0.35276243
0.4989199,1.8472989,-0.46617922,-0.9176288
-1.1507988,0.0069119064,1.5009813,0.00784257
0.45524386,-0.67703027,1.7111483,0.6753533
0.15555356,-2.2443144,-0.42137736,-1.255094
-0.7097479,0.48586488,-0.4433104,-0.79237664
0.5744112,-1.9167615,1.3328943,-0.9193558
0.36013323,0.85424155,0.43070427,1.9611137
-1.3019383,0.35367948,0.90298563,0.31495565
-0.5249664,0.559462,-0.22922178,0.91950816
1.591623,-0.85604334,1.5935037,1.9690554
-0.4335296,0.28346473,-1.0355864,-0.071618766
-0.21480109,-0.27630392,0.5056787,0.5110033
1.4868777,-0.974268,-1.1848675,-0.47584632
-0.2662306,-1.3903946,0.105809286,1.476965
1.4056929,0.051304583,-0.6645802,0.41696635
-0.7747709,0.45595083,-1.6787474,0.49894783
-1.7841353,-0.39725006,-1.1722854,-0.459368
-0.78200704,-0.94560355,-0.026061816,0.30868366
-0.9974807,-0.79312146,-0.007363408,0.43701503
0.71961695,-0.6308808,-0.16742714,-0.45437482
-0.45457736,0.033949587,1.3081895,-1.5678893
-0.51306814,0.8424202,-0.123212,0.16921431
-1.6431469,0.2099832,0.5143085,-0.7022562
-0.51266193,-1.1165471,-0.9657493,-0.31523013
-0.7527055,-0.64594525,-0.5056878,-2.1633036
0.26388362,-0.18544795,-1.8322315,-2.2599525
-1.6634499,2.2328959,-2.8670158,-0.99094343
0.81010836,-0.03663484,0.48368847,0.773228
1.0569423,1.7890583,1.217484,-0.114302665
-0.4462252,1.3264514,0.97835135,0.5234278
0.31275228,-0.36265475,-0.3298046,-1.9934242
-0.13869368,2.9209342,-0.16856393,-0.45327568
1.1301816,-0.4422729,1.0466452,0.108043216
-1.2849412,0.79324263,0.22821915,1.6606041
0.18056671,-1.0111454,0.20437858,-1.2233928
-1.5552118,1.1022257,0.47610506,-0.54443914
-0.36052597,2.2369869,-0.077938154,-1.823655
0.43819174,-1.7071084,0.44447622,0.2526971
0.20941782,-0.5415405,-0.6587953,0.4763598
1.4956057,0.4423606,0.27236614,1.5653825
-0.20132574,-0.38177913,-0.40462023,-1.2344291
-0.3152966,0.12918401,-1.234273,-1.24463
1.7418166,-2.400398,0.25765342,1.918488
-0.82425547,-0.6705658,1.1602086,1.0621603
0.54476076,-1.1116567,0.35496786,-0.9855471
-1.406503,0.48173052,0.12841058,-0.59093386
0.47812185,-0.8573221,0.92654866,2.1611764
1.1628703,0.14331861,-2.0883448,-0.31279927
-0.43235993,-0.26772252,-2.3262696,1.5962702
-0.18580234,0.5224233,0.8216446,1.5345271
-0.7372924,0.27199405,0.86335164,-1.2282047
-1.6363671,0.90309143,-1.4428607,-1.8376685
-2.4814084,-0.34102228,1.8663062,-1.8515599
-2.0691514,1.1431457,-1.6620908,-1.0720651
-2.8673232,-0.23177405,-0.09397607,-0.8353526
1.0765556,0.5993024,1.4265882,-1.7666211
-1.5033051,-0.7294075,1.1388848,-1.696492
-0.97839093,1.3802562,-1.5164683,-2.3736918
-1.2942766,-0.16882299,-0.5272768,2.281648
2.0627508,1.9778496,-0.9835939,-0.71854407
-0.9421319,-0.037002355,-0.1872541,-0.5391677
0.6624162,0.66599923,-0.88490623,2.2582498
-1.3556634,0.42939097,-0.4582649,-0.15823007
-2.1308467,-1.1765671,-0.23064968,-0.07527247
-0.22215933,0.3021312,0.13909148,1.306119
-0.6261955,-0.30046847,0.63644594,-0.8447735
1.0945854,-0.63447106,-0.13290612,-1.0091876
1.5858785,-0.62065613,-0.042542923,0.4581835
-1.3995998,0.10596249,1.6096845,-2.0317314
1.9489101,1.4107974,-1.6318834,0.2859105
0.5573429,0.75210464,-0.09708329,1.017734
-0.9856102,1.7246815,0.4118214,0.26444352
0.2153647,0.6167005,-0.47341463,-0.5470758
1.707506,1.533769,-2.2735112,1.1085026
2.9975526,0.32376575,0.8353317,-0.5055163
1.0875683,0.47966146,-0.16961543,1.4011333
-0.5185071,0.59599954,1.7969149,-1.4872404
1.4460535,0.22145325,-0.8132782,1.369531
-1.9124637,3.581001,-1.0778117,0.49166098
1.8213797,-1.0598614,-0.014646629,-0.7765939
0.7245401,-1.3425999,-0.12480653,0.22561742
1.0112693,-0.7217937,-1.1176211,-2.2904096
-0.7735525,0.8467248,-0.36291614,-0.07228374
-0.8658437,1.0099921,1.1370994,1.5356863
1.6284115,1.2741212,0.12325409,-1.5153399
1.3154126,1.6321765,-0.26201016,0.10154994
0.69825286,-1.7897661,1.1282713,0.9631535
2.2767632,-1.0608941,0.16488384,-0.090631135
-1.0602816,0.94180465,0.54975605,-1.6290792
0.5902104,-0.8480779,-0.7713462,-0.15443233
0.8604999,1.5584556,-0.050039526,-1.414102
0.58547306,-0.45758078,-0.6158205,-0.052244343
0.4039579,1.0257922,-1.295376,-0.39712432
1.2219347,2.4801161,-0.78718954,0.28105408
1.3835124,-1.4357929,-0.44408947,0.956248
0.369754,-0.8840081,1.7220939,0.20074442
-0.21977554,0.2353558,1.9298075,-0.36660916
-0.32693386,0.7328078,2.0677323,0.7272935
0.72514284,-0.3230652,-1.586686,-0.26072928
0.9445913,0.2795521,0.5327704,-0.2973049
-1.2382162,-1.2907516,-1.306081,-1.9522665
1.0496943,0.37069723,0.01644054,0.5618513
-0.5645864,-0.28488624,1.2719748,0.12913951
1.0206984,1.0079379,-0.7286673,-2.15113
2.1648486,-0.24198131,1.4047534,0.9704061
0.71803445,-0.9964179,-2.3841825,-0.9694389
-1.3380846,-2.2651572,0.43562186,0.5796065
-0.22674915,1.1481553,0.74058425,-1.0977824
-0.386246,0.60393894,2.3215897,1.5270567
-1.4702626,-0.5587998,1.1740236,0.8392041
-0.26769385,1.210907,-0.9592118,1.0119609
0.32306314,1.1431688,1.0581613,-1.0226623
0.35334697,-0.039219514,-0.83809197,0.5400983
-2.0989535,-0.77227455,1.3287685,0.46026072
-1.082409,-0.7468333,0.55549854,0.44648907
1.7661374,0.04105038,0.3987912,0.04911391
0.66836864,1.9411545,-1.6824653,0.08522229
-1.3381635,0.030338915,0.23214239,-0.9029698
0.5893809,-1.4277767,-0.75125927,0.69697064
-0.33233103,1.1364605,0.4181213,-1.0966341
0.2701479,-1.1550431,-0.31178355,-1.3259984
-0.83169955,-0.7109931,2.342557,0.49016124
-0.1810282,0.8258675,0.62357503,2.0706816
-0.9563328,-0.12475715,-2.5069122,1.738164
-0.8648644,2.5494857,-0.09237478,1.284552
-0.6366055,1.5581515,1.2761836,1.1286105
0.988325,1.9205834,-0.120302156,-0.012289492
-1.9053174,-0.603186,-1.6709628,0.24806799
-0.07454365,1.312873,-0.9832887,-0.5278515
1.1067532,-1.8844367,-1.2765853,1.3539635
-0.4592278,-0.53708947,-0.26720437,-2.733623
0.39058453,0.41375133,1.9327106,0.54467976
-0.7630284,0.037599068,1.1006752,0.8265664
0.1780965,0.96721095,-0.011820259,0.082444154
0.10353846,0.3680396,0.5582248,1.7193274
1.0284474,0.50297916,0.7980554,0.4019433
-0.2752176,-2.035558,-0.48079896,0.08021049
0.7844506,1.1243223,-1.2071631,-0.115820035
-2.2443824,-0.27465385,0.5773523,-0.31216615
0.055912025,-0.32556462,-1.4442174,0.103416994
-2.421462,-0.107867815,-0.17651182,0.58645254
-2.020855,0.02972985,0.98249227,1.6182722
-1.0987468,-1.449567,-1.0530846,2.2982268
-0.106932834,1.2044405,-0.9730882,1.3268918
-0.7947925,0.5688964,-0.05460471,-0.9450872
0.98243576,0.31962737,-1.3613951,0.31507847
-0.3029107,-1.4100332,-0.76084965,0.18258616
1.2976013,0.82064396,-0.39035478,1.4374712
-0.96744806,1.0668606,-0.4171642,-1.4984026
0.78114045,-0.78454745,0.4822635,0.34537622
1.834381,-1.1231103,-0.09135302,-0.67325515
-0.5035766,1.1413033,-1.3237845,0.10716918
0.025459122,-1.000384,1.4715464,0.28604412
-0.9434138,0.20063162,0.22805274,-1.6778296
2.0114517,0.37170815,0.17433217,1.2424394
0.90829176,1.1788462,-1.2465919,-0.34895495
-1.4392668,1.5149556,0.637104,1.0146348
1.1462964,0.808549,-2.1753573,1.4994609
-0.96610534,0.5723147,-0.46698305,-0.4524143
1.0707849,0.5250549,0.26539856,-0.25470826
0.2705694,-0.89932436,-2.0268455,-1.3245238
0.39646408,0.25561738,1.2582333,0.1857977
0.7331969,0.21464416,-0.68074477,-1.4465053
2.484947,0.6863128,-1.2136575,-0.096207246
-0.0985289,0.022296967,0.4963427,-0.85517806
-0.8900784,1.0188777,2.2380924,0.40215322
0.39555705,-1.5506139,-2.0198915,0.11557935
-0.7269631,0.053096674,-0.5450834,-0.7362221
0.34154516,-0.873727,0.07407298,0.65927005
0.14217527,-2.137586,0.34466067,1.9551132
-0.24718618,0.05006224,-1.6102651,0.86202395
-0.7449646,-1.319236,0.6156304,2.143326
0.59474236,0.11544009,0.90993464,-2.076732
0.7005932,-0.11365798,-1.3138582,1.5037476
0.990999,1.4073361,-0.54827285,-1.3389647
-1.3601038,1.7288253,-1.4161743,0.15065347
-1.3220034,2.0926108,-2.644854,0.5565496
1.0386353,-0.4798781,-1.7327791,-0.40152442
0.9216193,-1.8742416,1.608692,-0.5475196
-1.9136145,-0.7340951,-1.9016093,-1.3724378
0.8347161,-0.45476788,-0.738148,-0.8246297
0.7601504,0.46862215,1.4522992,-0.43309775
-0.6599301,-0.7861633,-0.84383905,-1.309327
0.60457766,-0.16039523,-0.38098344,-0.7232958
1.0542995,1.6412464,0.09351903,0.6258827
0.26156452,0.013444495,-1.6577134,0.63518417
-0.26009706,-0.018560667,0.8756118,-1.5144637
-0.012463242,0.4452885,0.22161743,-2.036611
0.48166957,1.744146,-2.3770397,1.4205285
1.884078,0.23362926,-1.1044763,0.55788964
0.003259206,-1.0365257,0.79812896,-0.96541536
-0.7359725,-0.27014863,0.039536107,-0.3894266
-1.7715231,1.1331927,0.7285187,-1.7548605
-0.46659338,0.25050107,0.13944682,-1.8712742
0.67652315,-2.3465002,1.3110973,0.22219415
-1.1714791,-1.0305867,-0.7014383,0.87109196
-1.3295023,-1.3672628,2.088427,-0.45373031
0.2427689,-0.2801654,-1.1834589,0.44035727
-1.0747478,1.763362,1.0049306,-1.6718026
0.5989747,-2.0383582,-1.7815977,0.61649996
-0.41519454,2.7001374,1.2477007,-1.5478601
-0.19917496,2.027979,-2.109957,0.85297936
0.96668154,0.44377708,0.29281607,1.1815473
0.35905394,-0.78380364,-0.15994698,-0.808939
0.25815648,0.3611152,2.3335373,0.49776658
-0.6684005,0.41342995,1.0488611,0.3735894
1.1042525,1.2310089,-0.060510624,1.1797526
0.30208793,0.85109776,0.58272964,0.15977953
-0.11451742,0.7066326,-0.45490205,-1.6516821
0.27060115,-1.1116484,0.596338,0.89799094
0.6174679,1.3221729,0.42626068,-0.90017235
0.5814215,0.65930617,-1.2697037,1.0634944
0.02414732,-0.5606238,-1.215313,0.89042866
0.57664883,-0.46289665,-2.3393896,-1.1650516
0.13188516,2.462732,1.5924927,0.23979923
-0.38449267,1.2606328,1.6738966,-1.0676053
-0.900855,1.0964664,1.0626043,1.3169628
0.010887267,-0.3589233,1.083052,-1.1961693
-0.8367656,-0.80679005,-0.27987915,-1.0443794
0.6034133,-1.0300051,1.4646246,0.9324359
1.5877886,1.0519761,0.8159835,-0.29739603
1.7991679,0.31424507,0.7489392,0.8390975
0.38675347,1.1796943,-0.7008874,-0.78041524
0.27624848,1.4938827,3.0986035,0.37637097
2.291967,-1.4415035,1.9894884,0.7361939
1.7430766,1.1904724,0.14594685,0.40129864
0.8938096,-2.1970503,0.40150255,1.6080583
-1.3047426,-0.1622845,0.53097284,1.1623877
0.9349142,-0.76779956,0.9412856,0.6896845
1.0584327,0.90898156,-0.1683711,0.9875938
1.2262129,-1.0947924,-0.3960255,-1.5192003
-0.70084655,0.8541089,-0.020628182,-0.15864405
-0.050340526,0.48682922,-2.0249987,-0.14324641
-1.149839,1.5494802,-1.2768496,-0.66700506
0.43807477,0.39204353,0.6320234,-0.40114385
1.0573264,1.7256955,-1.281596,-0.15311308
1.4441599,-0.95796084,-0.6798736,0.3505936
-2.607215,2.1648703,-0.76837784,-0.3941033
-1.2640712,0.24224468,1.2801985,-0.6391819
2.106978,-0.16488272,-0.9439437,0.55733025
-0.24714437,1.2485405,1.027058,0.02533081
0.06380634,0.094005026,0.93271965,0.12751287
-1.6027937,-0.014466844,1.5738089,1.0818099
-0.65595675,1.041727,0.82642347,-1.442873
-0.065649316,-1.1336333,-0.00479817,-2.117236
1.3562964,0.37345746,-0.8682176,-1.903769
-0.93947655,-1.2176121,-0.39976898,-0.115293585
1.7958267,0.10250813,0.5899433,0.39063695
-1.0083971,0.9082468,1.5319351,-0.8022533
-0.24597809,-0.041575477,0.6976053,-0.5604431
-0.41735294,-1.6465335,-1.4228549,-1.4793954
1.519771,0.86158836,-2.0787342,2.0564687
-0.5331476,1.5502194,-0.43944612,-0.32687154
0.6002543,-1.2359028,0.69064355,-0.41016755
-1.2621485,0.49143982,0.66909164,-1.6815273
-1.4816166,0.31504974,0.9373763,1.4853898
-0.8045012,-0.7495347,-1.1760525,-0.18861105
1.5322313,-0.6202951,0.0951619,0.4269719
-1.9470859,-1.3728768,-1.723578,0.20178603
-0.66085523,-1.5145655,-0.35575995,-1.9770786
0.2543511,0.9628927,0.4305093,0.93026674
-0.0850927,-0.667086,1.912461,0.49301067
0.10280448,0.52097136,-0.24777555,0.1733557
1.6018897,0.34913164,1.0283377,-1.102093
-1.6336586,0.008924457,0.9746628,1.792214
-0.2088058,1.8982204,-0.96327007,-0.93387675
0.6611992,0.039568953,-0.54531986,-1.8023084
0.17055133,1.5897502,-0.8151582,0.86929506
-1.7000141,1.2856593,0.13673332,0.6935534
-1.059973,-2.2783542,0.5729042,-0.4630859
-2.526109,1.4040809,0.35802498,-0.4346815
0.19638439,-0.47340995,-0.7208747,-0.47427008
-1.0820497,0.80218154,-0.29733473,0.98293966
0.17059267,-1.1233549,1.1312002,0.2888308
-2.4385056,1.2535892,0.6043915,1.0544522
0.6094228,0.72584736,0.32017082,1.399809
1.0300714,0.4877061,-0.25352505,0.09944031
1.9724785,-1.4229662,0.20120148,-1.346848
-1.5571128,1.615167,0.786263,-0.4279149
1.9896677,0.19087927,-0.7408679,0.23158637
-0.62199193,1.5845604,-0.48633957,1.095095
-2.4266686,-0.96865463,1.2340263,-0.00969938
-0.488721,0.6399351,2.0404108,1.1127319
0.17845434,1.1527755,0.9550812,-1.2163998
1.3191854,-1.0563403,-1.1995864,1.8807186
-1.1392745,-0.53222734,-0.7106759,0.32040557
-0.101307146,1.0290027,-0.058383524,0.59593767
-1.1495543,1.7250025,0.3500046,0.2594833
2.3055527,-1.1609546,-1.9303421,-1.0458728
-1.4423962,-1.722218,0.8392295,-0.9056195
1.0160826,-1.4118901,-0.22295739,0.31898952
1.2474742,-0.62520546,0.7315858,0.66443074
0.5617522,-1.6592364,-0.15905923,-0.41321918
-0.030917525,1.7267329,0.8938983,0.3723852
0.597901,0.7944826,1.0510576,-0.15600446
-0.7459171,-1.2573886,-1.640675,-1.1918064
-0.07094394,-0.38117194,-0.60409975,-0.3014671
-1.8135647,-0.8220796,1.283341,1.0468452
0.14261693,-0.95960706,0.41788632,0.32384303
-0.7329002,-0.46289653,-0.9400773,0.46183532
-0.15737914,-0.35779893,0.11727572,-0.3539085
-1.7977275,-3.0895936,0.41373008,1.6516833
-1.0937212,0.23166803,-0.9246384,1.1731696
-1.0651103,-2.003737,-1.904268,1.6542184
0.20260528,0.8700581,-0.23346429,-0.26271105
-1.2238762,0.7579753,-0.03090243,-0.6881141
0.5441672,-0.54130363,0.93192315,-0.6153016
-0.93907547,1.5298182,2.2526336,-0.16202159
-0.03902451,2.1026335,0.43353269,0.35769936
0.99965495,-1.4795408,-0.8703626,2.332909
1.2246398,-0.22893196,1.1624502,1.122382
0.52663696,0.29164225,0.42528278,1.6502556
-0.9640822,-1.5655249,-0.49533957,-0.93813294
0.04227357,1.2429183,-1.1666974,0.41353467
0.8296666,1.9236654,0.018378392,-1.0141038
1.3629993,-0.5449384,-1.677681,-0.19123083
0.97860396,0.07380003,2.510656,-1.4462945
-1.3065114,0.028721461,-0.050951123,0.18591878
0.63257337,-0.31936017,-1.279681,-0.32042828
0.32579243,1.0358657,-0.08477944,-0.86357975
2.1575735,-0.012674311,-1.5960648,0.9348343
-0.90004164,0.028966768,0.48807853,1.6627319
0.590133,0.29833686,0.4568001,3.2537925
0.74218947,0.30942968,-0.2192805,-0.35294998
0.09476213,-2.1679406,-1.7213341,-2.1388566
1.9296788,-0.81516063,0.5461153,0.25628567
-0.3193041,1.4894152,-1.1361692,-1.0465131
-0.116817124,0.15860797,0.4535068,0.6670507
-0.10452952,-0.96854615,0.70588946,-0.26506802
-0.010346569,-0.48866376,1.1401896,1.255041
0.09092374,2.1062725,-0.18029518,-0.7568952
-1.1501696,-0.01098507,-1.4963099,-1.5175887
-1.618162,0.2645121,0.2820214,-0.15204066
-0.42207098,1.6311481,0.9346983,-1.4043876
-1.1445796,-0.593964,2.1761527,0.63638604
-0.090941146,3.003213,0.41387883,0.21903768
-0.8849025,-0.70300007,-1.4015375,1.8683192
0.4045549,-0.8957129,1.7087712,0.2417981
-0.46995372,1.676814,-0.67865324,0.4920628
1.0574977,0.4773414,-0.6043645,-0.6324029
0.7717316,0.87996054,-1.7303411,-1.6390628
1.4516865,1.3406881,0.69888014,0.7892575
0.40503213,-0.20909806,-0.8264665,-1.3992506
0.5479064,-0.16314554,1.0371461,0.0823932
0.7313193,-0.7725464,-0.13337156,-1.2893758
-1.5716524,1.1526146,-0.85440063,-1.1288587
1.1451179,-1.2351117,0.57426566,0.010465619
-0.013980566,-0.65220064,-0.17014718,0.39443624
-0.75021017,0.21701534,-1.8251973,1.1454464
-1.0461018,-0.9799534,-0.7056473,-1.2665528
0.22552282,-0.35429662,0.27263397,-0.77594197
-0.0840796,0.4951765,1.7255852,-0.31804547
0.66121554,0.65266967,-0.21166359,-0.49863297
-0.70339835,0.53609234,0.32085568,-2.5036526
0.967924,1.176159,-1.7716798,-1.1376365
0.88743514,-0.45731091,0.094215356,0.1612963
2.267292,-0.05849013,0.48559785,-0.10299747
1.0181829,-1.4033542,-0.6137234,1.6357225
-0.4285189,1.0106175,0.841905,2.2236085
-0.70277894,-1.8250351,-0.16807035,1.5672808
0.33242273,-0.9111774,-0.9588788,-0.2637886
0.016948398,0.6960144,-1.5475007,-1.0438302
-1.6532252,0.026054522,-2.0140862,-1.2334821
0.0231666,1.1818591,-0.07566676,1.8177499
0.84983516,1.4579523,-0.43519402,-0.5977569
0.37163088,-0.3816237,0.018737067,-1.3758965
-0.9895496,0.24899969,1.150714,-0.5016266
0.6573277,-0.9075641,0.5788345,0.476197
0.34749895,-0.8164566,0.55211943,-0.049909502
-0.70874083,0.64694774,-1.5936347,0.8585366
0.40577003,-0.028891824,-0.5347685,0.7188623
0.60238886,-0.3995761,-0.34169963,-1.1431222
0.4470343,1.4263144,0.074537225,-1.0675834
0.30388048,-0.72482926,-1.1960305,0.34616816
0.90429527,-1.7564535,-0.55137473,-1.4258349
0.5096259,1.0707424,-0.561072,1.935619
0.6450784,1.8866099,0.66638607,-1.1278529
2.1295323,1.0609946,0.2333077,-0.0040736916
-1.3113749,0.9175523,0.67047054,1.6103979
0.4901435,-1.8190742,-0.37801898,1.379736
-0.10149724,2.7673914,0.1753288,-0.48987138
-1.0805178,1.1330001,1.9595964,0.07838565
-0.43309712,-2.9527361,1.0995017,1.3491958
-0.1321827,-1.5565825,0.91423017,-0.54565567
-1.547697,-0.8834483,-0.10864047,0.7183131
-1.2065192,-0.7107818,0.32012996,-0.30111375
0.28201163,-0.9467806,1.2672942,2.0485487
-0.795625,-1.1703224,0.18897009,0.3142715
-0.54224783,0.4164646,1.05916,-1.2644054
0.39476895,-0.69925755,-2.3749146,1.4896107
-2.0702593,1.4400309,0.2244077,0.955158
-0.52237517,-1.0626247,0.54483175,0.19057028
-1.0979513,-2.153266,-2.5534217,-0.81603235
1.3580298,-0.514581,0.1166472,1.6927565
-0.050522584,1.6808708,-0.25493982,-0.052577123
-0.08887369,0.8894719,-0.8998316,-0.23971154
0.8116363,-1.9429106,-1.0792547,-0.91114473
0.7876493,-0.23709026,0.8789018,-1.6163924
-0.9527808,-0.09669149,-0.7939135,-1.3601995
-0.4155237,1.1627438,-0.70544845,-0.23801717
-1.1967189,-0.62139094,1.2858912,-0.23710153
-0.14865308,0.8413252,-0.65807927,-1.6268759
-0.10040609,0.24591607,-1.3268772,0.32004157
1.7846293,-1.1148064,-0.12991317,-2.1518004
1.5443099,-1.5368972,-1.6554074,-0.49734834
-1.2081006,-0.5211314,-0.53187096,0.30100608
-1.4226503,-0.98142034,-0.77035433,-0.94694096
-0.37088358,2.3205826,1.5329981,-0.56210685
0.33592114,-1.6636456,1.8305442,-1.1778437
-0.97297835,-1.8980678,0.6639785,1.9924434
-0.88290375,-1.3858371,-1.0350658,0.7733556
1.067255,0.9860819,-2.1026664,-0.5624202
1.4350594,-0.43950644,-0.45598695,0.3044547
0.5311452,0.85974795,0.5698688,-0.22620662
0.5972355,1.0364704,1.9504066,-1.4344207
-0.7372871,-1.314054,-2.0290706,1.6242768
0.16921312,-1.2828205,0.68147653,-1.1057534
-0.2676117,-0.32614198,-0.47881648,-0.7982202
1.1451194,-0.71225923,-0.9678298,-0.75298584
-1.5291547,-0.9843966,-0.6966776,-2.0194945
-1.5521572,0.31337005,0.015362635,0.15175389
0.9009301,-0.2701127,1.1359751,2.4235296
0.9970919,0.5224758,-0.257775,1.2345037
-0.17894167,0.190806,0.36389413,0.20370547
-0.3738763,0.4272804,-0.30978143,-0.09653258
-0.33571854,-1.0547267,-1.0991496,1.1275737
0.7276948,0.7249378,0.31141344,0.73567593
1.7933533,-1.391635,1.4698589,-1.219843
1.6591319,-0.5061419,0.65595186,0.5776151
-2.655223,0.40886217,-0.58991987,-0.14134076
-0.7677833,-0.21023065,-1.7006496,1.4014357
2.8357248,1.7690377,-1.4481812,-0.37573603
-1.4055017,-0.8292281,-1.369841,-2.1465936
-2.0348845,-0.44831818,-0.10474591,1.1748624
1.2963942,1.1705494,0.9119806,-1.0329688
2.3992133,-1.1514114,0.5272961,-0.8544986
1.3448936,-1.1713548,2.3084106,1.3997375
-1.0824417,1.0524437,1.7507085,-0.13053899
-1.5017757,0.47486386,1.3101754,0.059817787
0.07988635,1.3184376,-1.2711477,1.3072423
-1.2662574,0.8839805,2.4175549,0.03896188
-1.8226047,-0.7120891,0.12334674,1.2325565
0.2973663,1.7746054,-0.5051724,-0.09073087
-1.5245736,-0.9148985,1.9740617,-1.5461862
-0.24092717,0.6904711,-1.3637626,1.5128126
-1.6489421,0.41717973,-0.14509156,-3.1054838
-1.0770218,2.4149358,-1.0129224,1.7262219
0.4117739,-0.5842792,0.35008478,0.10926777
-1.4622171,-0.71280825,0.93845135,-1.3385369
-1.5036027,0.13032503,1.6359183,-0.04638441
1.0487628,-2.17938,-1.2735628,0.32763475
1.0430992,0.16925803,3.683651e-06,0.41954124
-1.6665373,0.8789492,-0.87920207,1.2035424
-0.20045415,0.95987064,-1.3165121,-1.1819311
-1.5835314,-1.286875,-1.5954438,-0.37832713
0.66020477,2.3302104,-0.6774635,2.1688976
-1.0199734,0.48689356,1.74244,-0.96626955
-1.8259014,0.355834,2.3217301,-0.47651425
0.13849302,-0.18362135,0.57821286,0.8889138
0.6831911,-1.6756078,0.7374139,-0.033130273
1.6473415,-1.4876174,-1.7313212,0.15924707
-1.1067717,1.7567204,-1.7906523,0.9632859
1.6157217,-0.87287927,-1.3151035,0.6296258
1.6489549,-1.6196991,1.2297277,-0.2454563
-0.7003601,-0.09601077,-0.29670054,0.7487509
1.0147332,-0.88493043,0.99944764,1.0820289
1.5167121,0.21793132,-1.3879176,0.62069774
-0.92305684,0.14183284,-0.15524521,1.7536626
-0.7460553,0.8047046,-0.7989432,-0.8139932
-1.4921798,0.9737132,1.9297189,-0.11746881
1.7489177,1.2136197,1.5946053,-0.22830486
0.11811825,-1.7507646,-1.3625761,-0.23475084
0.9630892,0.6121213,1.1140426,1.0958917
1.3833234,-2.7866445,0.57076365,-1.7485673
-0.57526785,0.6509863,0.4610207,-1.3378805
-0.463291,2.35075,-2.0940633,-0.5493028
1.0105457,1.4084544,0.53975385,0.759426
0.806184,-1.2886716,-1.3248124,0.7475492
0.9089506,2.0206332,1.1454675,0.1273402
0.18217039,0.69537455,-2.550039,-1.466878
-0.59201866,0.24995804,0.75721675,-0.13249794
-0.033635546,-1.351369,1.0370666,0.07964946
0.021001276,-0.08780426,0.9605125,0.9763129
1.2413585,-0.37345278,-0.32156056,-1.2593184
-1.376143,-0.030447878,-0.7013345,-0.3779624
-1.4333532,-0.8832908,1.2771469,-1.8600202
1.1632143,0.6871758,-0.65498555,1.7800505
0.8750859,0.6612756,-1.2147461,0.51013446
1.0438269,1.2014828,-1.2124463,1.0085378
-0.7875747,-0.19962339,0.25732598,-0.7669965
1.6755103,0.552934,0.14474577,0.6660552
0.37571844,-0.5824179,1.3104228,-0.031236691
1.419678,-1.8117114,-0.03618388,0.13329501
1.5439348,1.260339,-0.67023367,-0.74338037
-1.1298903,0.3504052,1.0226028,1.6481498
1.0767586,-1.3815414,-0.9157736,-1.5092795
-0.6035251,-0.79058474,-0.95180565,-0.6230545
0.7750984,-0.07334952,-0.11463703,2.2819543
-1.231013,-0.8644263,-0.78901196,-2.20223
1.6946648,2.3161705,1.2529213,0.8103766
-1.6817325,1.6867853,0.94787276,0.0034749103
1.3109556,1.4779228,0.5873076,0.25646812
0.9301199,1.1203105,-1.8764446,1.5121962
0.75217575,-1.8872628,-0.8856486,-1.4180435
0.0619375,2.6189256,-0.36383963,1.0308335
0.086673595,-2.1634197,-1.7359418,1.7197349
-2.456539,0.85233593,2.2386801,0.7482302
-1.2861102,0.9798886,-1.4949396,-0.16825745
1.0585659,1.8729432,-0.34553367,-0.66280967
-0.6039473,1.9098481,-1.2426559,-0.9261818
-1.8456283,0.0886956,-0.09903931,0.077498645
0.5568621,-0.15860274,1.0287449,1.3960516
-0.81872904,1.2941468,-2.615079,-0.83771014
1.0020528,-0.39601758,0.6794369,0.81094736
0.30672368,-0.41772127,-0.605491,0.9561462
1.7655452,0.9109141,1.8302592,0.0198307
1.0432234,-0.7074442,0.71335584,-0.21945415
-0.3303888,1.9762968,1.5314152,-1.379276
-1.5191972,-0.44674978,-1.6189096,-0.5148062
1.273886,0.8596102,1.3604784,0.39487582
-0.42089844,-0.12550932,1.0198833,1.2501618
0.47119102,-0.21017866,0.27163,1.5236267
-0.44132,0.98958945,-0.31363004,1.8765523
-0.21935679,1.2170206,0.96723247,0.09150292
-1.2870771,-1.4064554,0.23030895,-1.065254
1.0239601,-0.5357588,2.026686,-0.3184944
-1.0278827,0.46072042,1.2087492,1.330718
-0.09372635,-1.0735813,-1.9316016,-0.5583887
-1.2619168,-0.17864737,1.2150067,-1.2153876
-1.1749661,-0.6423544,-0.28104985,-1.6969835
-1.5916655,0.56295806,1.0121839,0.8093463
-1.3380879,2.1354036,-0.8134069,-0.14716558
-0.9356417,-0.8468149,-0.30503413,-1.1319255
0.96762615,-0.118398644,-0.7335469,0.68228596
0.16351256,-0.60866815,-1.3343401,-1.1780754
-1.4703661,0.6953336,-0.860529,2.9473917
-0.5918068,0.7120384,-2.0223901,0.5467232
-1.65596,0.33090028,-0.013057684,1.6336485
1.0564218,0.34531453,-1.3853294,1.5370573
-0.19688302,-1.8068132,-0.10145096,-3.6246786
-0.89806795,1.5718352,1.3495086,-1.1393223
0.9542141,0.04428457,-0.21101037,-0.49415997
0.41435653,-1.2555244,-1.8309021,-0.10671268
-0.09472542,1.2949356,1.3919467,-0.19168828
-0.7987305,-0.6723521,0.6000386,0.46234906
-0.011684629,1.115536,-0.15593745,1.6191962
0.7334167,-0.96391135,-0.85075986,-0.82933533
-0.019035986,-1.8233244,0.5303956,-0.92787397
0.43157548,-1.7284623,0.8369098,1.2011636
2.0359077,-0.30204803,0.38314342,-1.1750919
-0.094020054,1.7537647,1.6031244,0.70015097
1.1942831,1.0967249,-0.48074403,1.1580514
0.1570482,-0.039634462,0.6138038,0.52157575
1.5645049,1.444102,-0.5220406,-0.9770388
-2.57821,-0.02479469,-0.94246787,1.0910134
-0.9423097,-0.8511718,1.718392,-2.1157398
1.7257675,-1.1640619,1.3966653,-1.1979195
-0.07501253,-0.13822354,0.013656429,-1.1642047
-0.78006744,0.69666505,0.4315898,-0.47387686
-0.42360362,0.6099325,1.2794973,-1.0107483
0.056768037,0.23203227,-1.0289357,-1.5764523
0.07810163,-0.9719798,1.5609758,1.8156792
-0.5628294,1.3345995,-0.14740857,0.9348579
1.0311774,1.1258849,0.28380665,-2.1677454
-0.07235937,-0.7336052,-0.23731609,2.5569296
1.3518691,1.138619,-0.54128015,-0.69436395
-0.7862524,-1.253241,-1.5770266,-0.20709866
1.2733771,1.9303145,0.34554365,-1.4077401
-0.039111443,-0.93598086,-1.2454892,-0.2104037
-0.01358155,0.36942655,-1.6804414,-0.9420446
-0.8868507,-1.429302,0.5045446,0.24944293
-2.3445394,-1.0433937,0.38786122,-1.0580633
0.11577062,-1.0443268,-1.5401996,-0.8589848
0.22984608,-1.09219,1.1607599,-0.76486444
0.6061233,-2.2926052,0.6104543,-0.67764413
1.4653432,-0.6889608,0.56916285,-1.5175542
-1.5423999,-0.28301635,1.4151878,0.8847803
-0.68767786,-0.27208924,-0.93325543,1.446247
1.4670283,0.6247118,-0.058746498,-0.794366
-0.786634,-0.63004225,-0.25793162,-1.10961
-0.7561281,0.8336577,-0.17979898,0.11890116
-0.38682854,0.084147096,0.07314656,2.4351873
-0.685964,1.6615919,0.3785655,-0.62536085
0.3734875,-0.23975368,1.6141136,1.2071637
-0.111561336,2.403284,1.1302524,-0.29171056
-2.4932795,1.3219744,-0.83626336,-1.1596642
0.77081317,1.343853,-0.8584321,1.3019991
-0.5549167,-0.40928352,-1.0204294,0.38702264
-0.43041047,-0.24109264,-0.4008102,-1.6330205
-0.39291903,-0.6124259,-0.113714576,-0.36684576
0.19883879,1.6361916,1.6501453,0.12412634
-1.159375,-1.0220984,0.58609104,1.7501738
-0.037680767,1.0195339,-1.3187004,0.8084342
-0.021446016,-1.0327401,0.25170884,-1.4202425
1.8033793,1.4828067,-0.44486564,0.46714646
0.61602664,-1.3842212,0.52779335,-0.28674883
0.46670502,0.8286804,-0.9182059,1.1192855
-0.21863048,-1.8323148,2.2605753,0.59570134
-0.34330058,-1.0499862,1.5713654,-1.6927879
-0.86340415,-0.15575938,-0.5719361,-1.5567471
-0.71491027,-0.63413864,-1.5446707,-0.64246786
-1.5928462,1.57087,1.3013866,-0.26456496
-1.3329448,0.34007174,-0.7763915,-0.3791321
1.2258002,-0.6711252,-0.61285526,-1.0574427
-1.1571841,1.5176337,0.5225018,0.25790212
-0.121761374,1.8896233,0.18502465,-1.4672178
1.2865454,-0.3481672,0.33634585,1.0250584
-1.4147266,-0.44827843,0.4375994,-1.0410609
-1.4649419,-0.22650771,-0.35366598,-0.45535952
0.061122425,-0.44859865,-1.3520354,0.7459619
0.34012204,1.0165031,0.5616437,1.4494815
0.5111278,0.65611815,-0.42064363,1.5576701
0.19861634,0.41331214,0.14058404,1.0175285
0.15807177,1.1106106,0.61184245,0.35603955
-0.2248476,0.035265386,-1.2745358,0.7762053
0.4180027,-0.5194555,0.5186615,-1.8756057
-0.42878073,-1.4677287,0.7078044,-0.09580973
0.56961226,2.3576045,1.5302925,-0.7650609
0.26276028,1.5459945,-0.050229937,-0.23901078
-1.0105374,2.2097945,-0.25555456,0.17480221
-0.6041186,0.56489336,0.89484245,-0.29872867
-0.5622805,0.60737664,1.4048731,0.25538737
0.81384456,0.2523443,0.5326941,0.38966742
-1.3453,-1.8726091,-1.1164875,-2.3480318
1.5690641,-0.47880632,0.5297458,-0.6537869
-0.76829326,0.70923936,-0.52573144,-0.21999723
-0.7361351,1.5542594,-1.4021654,1.5770665
0.18036036,0.20545243,-2.163678,0.048251916
-0.59763694,1.446427,-1.9827936,-0.71138066
1.3373324,0.21089144,-1.4053781,0.97591007
-1.1315227,0.51614094,-2.4905019,1.8580155
0.42640707,1.1713933,0.16616826,1.8120791
-1.7497638,-0.915656,-0.0074357814,0.2585287
0.3710186,-0.8685017,1.7466493,0.74231356
-1.3509302,0.36399284,0.76029384,0.74676025
-2.131163,0.0411204,-1.166405,-1.6171893
-0.7561473,0.0038517604,-0.4707897,1.7591923
0.50885624,1.0141748,-1.0688176,-0.21423091
-0.83734685,1.3894877,-1.6014575,0.0049289283
-0.566678,-1.0673805,0.10818857,1.6393393
-1.0743102,-0.43624365,-1.1093707,0.10394853
0.1279069,-0.9661701,-0.9150516,0.9702895
1.4757274,-0.81781304,0.9056307,0.27118486
-0.6533092,0.6040121,-0.47166505,0.6933671
-0.19377388,-0.9068363,-0.67431116,1.1080263
0.07081132,-1.4811422,-0.8765123,-0.099221766
-0.3329757,-0.5461243,-0.2920819,-0.7268333
-0.09278243,2.1580515,-2.575326,-0.6569333
0.5361926,0.6187253,0.034826044,0.20037243
0.0661496,-0.6942034,0.37500697,0.8919792
-2.120938,-1.7991191,-2.0420127,-0.16888191
-1.0442303,2.1532698,1.1863554,-0.013274068
0.8204046,-0.041264575,-0.24051532,1.611364
1.3911704,-0.86614364,-2.3377144,0.17292656
0.08746628,-0.10983596,0.76589084,-0.10840607
-0.45040524,-0.13595447,-0.03809114,-0.13532221
1.4382821,0.30345565,-0.8496192,-0.28957692
1.621519,-0.33662394,1.8211727,0.6492353
-1.1912693,1.1747379,2.977261,0.6584033
0.40814885,-1.0458384,0.03672113,0.4758449
-1.2795985,-1.4531889,-1.4891652,-0.120338954
0.34547353,-0.40244937,-1.666445,0.8229364
-0.026396543,1.9096481,-1.3029577,0.36843646
-1.8183696,-0.97976995,-1.5989577,1.5124745
-0.64360857,1.4554313,-1.8211943,-0.680039
0.74416894,1.7915303,0.4163315,-0.6547071
1.203571,0.22957228,0.65970266,1.6190894
0.5752838,0.5305595,-0.06223108,0.8908595
0.8717743,-0.07075692,-1.0871013,1.119385
-1.7715211,1.0455779,1.0898035,0.0243356
-0.4611643,-1.3995311,2.080684,-0.88510543
1.0256449,-1.1389197,0.5775991,0.36055052
-1.3478882,-0.49042115,-0.20528892,-0.5015214
0.78826916,0.5256526,-1.8134502,1.8647823
-2.0890176,2.5222495,0.962626,-1.1147544
0.47850108,-1.341447,-1.6438439,-0.4160314
0.3664758,0.1264838,-0.72668207,-0.97928816
0.27669612,-0.38698024,-0.32761434,-1.2323078
1.1565828,-1.3432971,1.2002895,-1.0643264
0.8686831,1.1160539,-1.0553355,-0.512586
2.0226905,-0.04644654,1.0505935,1.1896443
-1.5336087,0.07001654,1.4793068,1.3755792
-0.36496857,1.1527992,0.39236435,0.09239183
-1.6894044,1.3613902,-1.3080199,0.8160346
0.68428874,0.08279788,-0.5363395,0.12530226
1.3186767,1.2690382,0.3898767,0.08435756
-2.6640542,-1.204513,-1.2931805,-0.6010176
0.42159712,0.6601426,0.068506524,-0.8465852
-0.030254696,1.844478,-0.7164514,-2.3818634
-1.0664262,0.5719946,0.87198836,1.429042
-0.25922993,-2.046688,-1.6832666,1.5075709
0.021732833,-0.98009974,1.2948654,0.27055478
-1.1389308,0.45465678,2.5121315,1.7397323
-0.019227302,-2.111192,1.3225868,-0.30558595
0.8198849,-0.61429137,-1.076623,-1.7471716
0.3322611,-0.018503398,1.4873996,-0.11889781
1.3651454,-0.696245,0.7283559,-0.0028016341
0.87225515,-0.96451706,-1.7413003,-1.2127435
1.1800917,-0.5931043,-1.0170752,-0.98052573
-1.3320576,-2.325855,-0.23323141,0.028970903
-1.4867194,1.9136727,1.1299804,-0.14345579
-0.15814736,-0.5007398,0.5617995,-0.22482651
-2.5396776,0.2567767,-1.885585,-2.273913
0.997955,-0.33755758,-0.41026807,-0.31553245
0.994585,-0.047629137,-1.1186522,0.45795944
-0.26914573,-0.24401368,0.4661315,0.022023497
0.021150371,0.31097397,-0.64838827,-1.0942023
1.3736862,-0.7218473,0.2029085,-0.44799215
0.24483654,-1.4693447,1.1503465,0.71275634
0.65966755,0.451822,1.9875056,-0.2502959
-0.20695765,0.9224988,0.8391508,-0.81847584
-2.5750484,-2.6130946,-0.62029004,-0.9820278
-0.42956457,-0.1159117,0.035662156,1.0955635
0.6010412,1.5686567,-1.3777122,-0.767317
-1.2874669,2.0927134,0.96224153,0.43066612
-1.2564948,-0.46633047,0.8557333,-1.1176969
0.42732462,0.25409627,0.42074734,0.19899891
0.41107816,0.18046686,-1.1929802,0.56771904
-1.9582927,-0.19434728,0.5597072,-2.3303173
0.48771667,-0.5698933,0.62408787,1.665693
-0.59144807,1.4485688,-2.3192441,-1.5590518
0.2585676,-0.16875796,1.0462096,0.019668097
-0.7823978,-1.8766577,1.2440882,-1.2803068
-0.14056835,-1.4540942,1.8543825,0.89273626
-1.3694336,0.7002344,-0.87080234,1.1668597
-1.3310494,-1.5522903,1.2405727,-0.23065099
-1.3543833,0.48179314,-1.2215967,-0.12392976
2.6874578,0.27088535,-0.9071923,0.13867143
-1.1751335,0.33343104,-1.1923065,-0.6084557
-1.0437791,-1.4433197,-0.41996372,0.40990776
0.36441368,-1.1136984,1.8781824,1.6185584
-0.06728958,2.0944643,0.62599534,1.3707193
0.13409618,1.1311096,0.76966983,-0.6934584
0.9969094,-0.0780159,-1.6654584,-0.33174565
-0.78989875,1.2780005,0.63469577,1.315345
-1.7993429,2.384724,0.3864792,-3.2832024
1.5799345,1.5267861,-0.16998716,1.0288068
0.5607186,-1.5187333,1.7372844,-0.32361987
1.3541231,0.4738498,-0.38739005,-0.18148308
0.49246415,0.031964242,-0.13702613,0.06421144
-1.5501814,0.37256464,0.24080564,1.09904
0.3409345,0.85426575,-0.70457536,-0.9603689
0.7706048,-1.0997049,0.24393311,0.26252833
-0.4986168,-0.85658336,-0.5717629,1.4965466
-0.26854867,-0.21160269,1.581538,-0.74696237
1.2776341,-1.5346041,0.20659328,-1.8367441
1.8898983,0.5731997,0.36389592,0.82479614
-0.9084662,0.5551118,0.8709273,-1.2793555
-0.02982237,-0.17092814,-0.5219595,-1.0499943
0.4547986,-2.1684701,0.23290543,-0.6692226
-0.19191638,-1.7787211,1.1484672,-1.232541
0.1564063,-0.09590469,-0.8036395,-0.12003641
2.0731518,-0.25447083,0.4426242,0.9930984
-1.4838729,0.9366781,-0.9802627,1.193387
1.4895972,0.72059035,-0.16820043,0.97217685
-0.5037896,-1.6592298,-0.3356683,-1.3061916
-2.676337,2.293172,-0.9358854,0.49602103
-0.75745696,0.55579835,0.5303206,-1.9915903
0.33217013,0.022263005,0.11439049,-1.3925436
-0.1575637,-1.968879,0.4403761,0.36861312
1.5513062,0.9668838,-0.5970405,-1.4146178
0.37816182,0.40544435,-1.1984851,1.012078
0.17589305,0.64667976,-0.31156227,0.4906896
-0.11025317,-0.5613715,1.0467474,-0.28381822
0.0054172543,-0.27080205,-1.1940019,-0.015468343
1.4288197,0.834488,-0.23070644,0.20465633
-1.7774032,-1.1545658,-1.2017578,-0.29273215
-0.18937011,-1.5514927,-0.08374032,0.20142454
-1.2538275,-0.025382409,0.7665017,1.3306147
-1.3007102,1.2829167,1.5656987,0.125707
0.76012665,-1.8518564,1.5424234,-1.5185193
-0.62299687,1.8697834,2.06556,-0.59107894
-0.6915241,0.88654727,0.34233817,0.71308506
-0.16056588,0.4326456,0.4352933,0.039595425
-1.513823,-1.0668714,-0.7759683,-0.07386388
1.5380756,0.17466433,-0.50934124,-0.654149
-1.364818,-0.40282872,-1.3128347,0.3475469
-0.35164413,-0.69720775,-1.7116754,0.97703373
0.9241999,0.24776511,0.6741979,-0.017691247
-2.6863396,-1.8007374,-1.586006,1.5804353
-0.66836935,0.996791,-1.0398334,-0.58776194
0.5018103,-0.8233088,-2.177917,-1.3390536
-0.18445814,-0.40810236,0.7497298,1.5106189
0.9141478,0.34254435,0.25173575,-1.407431
-0.015353013,0.49651873,-1.013004,0.043970235
-0.13733388,-0.80268943,-1.3946524,-0.29224807
-0.14425184,-0.82184136,0.36241978,1.5343887
-2.070394,0.28382382,0.35772997,0.32916027
-0.0014631418,-1.1483773,-0.46428514,-0.451031
0.85919255,-0.24252534,0.8489601,1.6011927
0.04280384,-1.5173123,0.74133074,-1.2214848
1.266235,0.0077775265,-0.13527283,1.047848
-0.34857506,0.14324908,-0.2454613,0.20159002
-0.7119121,0.7544744,-1.4412732,1.5724909
0.30250823,-0.16268785,-0.6184307,0.49069607
1.4011172,1.3234086,-0.9840587,-1.1257865
-0.042595536,2.9656773,-0.83285904,-0.5754944
1.1787317,-1.9500822,1.1437846,1.611081
0.33253303,-0.7713519,-1.9669292,0.7306435
-1.3037812,-1.4565747,-2.3861434,2.8478913
1.0329772,0.25381845,-0.22418636,-0.16013552
1.1477346,1.604947,-0.37396476,0.51679516
-0.8806287,-2.0720866,1.1266596,0.8992037
-0.8612417,-0.7377274,-0.85162264,-1.3162009
-1.1715176,0.7769799,-1.1791593,0.31259185
-1.1611077,-1.2971537,0.76720065,0.018249996
-1.0482293,1.9693062,1.3821888,-0.48375896
-0.95072633,0.013946913,1.1850758,-1.2474595
-0.24983597,-0.15208162,0.13359231,0.5055828
1.3907562,0.75405663,-2.951599,0.18169157
-1.4056175,0.11814461,0.51946485,-0.33121097
0.92514694,0.68397003,-0.040308803,2.356034
1.3164306,-1.0443851,-0.065155186,-1.665267
0.16458085,0.2882286,-2.0703988,1.1450381
-0.776378,-1.7482481,-1.3254863,-0.328722
0.051852856,0.7806553,-1.0039978,-0.0011545824
-1.2049304,1.0093064,-0.023389071,1.9549581
-0.6512327,-1.5241457,2.0186257,-0.7557485
1.2540902,2.1029565,-0.91491926,1.4312147
-0.7651105,-1.5023615,1.8368183,-0.1094216
0.6497493,1.9259113,-0.54778236,-0.8550619
-1.308203,1.7274141,-1.4656163,1.6191628
-0.38782996,1.0377681,-0.35675284,-1.0627866
-0.2643537,-0.49145144,1.2520708,-1.7239552
0.0927075,0.7086161,0.8447227,0.4054041
-0.731258,-0.8496881,-1.4502949,0.2976646
-0.46699178,-1.4623375,-0.6084454,-1.4232031
-0.60660106,1.7704493,-0.43386775,0.72241735
-1.1272216,-0.7465231,0.7884254,0.16087772
-1.4777533,1.2661381,-0.3215876,-0.6181702
0.57844067,0.6960471,-0.05809298,0.073781215
0.09682577,-0.9288066,0.43496105,1.3416733
1.2518513,0.043535106,0.41783124,-1.027118
1.1319674,1.6607475,1.8133818,-2.1428123
1.1570826,1.0980196,0.9721413,0.04266449
0.14858519,1.2145376,-0.0020654888,1.2529948
0.30820227,-0.96828735,0.27468038,0.37338287
-1.6489248,1.5904592,-1.9038017,0.75292206
-0.3529958,-1.4869454,-0.66448295,0.74052286
-0.082619555,0.04930534,0.6000217,-0.55878365
-0.8721857,0.3402416,0.23499283,1.2554848
0.28834096,-0.95995486,0.7385468,1.5576114e-05
-2.2262597,-0.2633987,0.34989834,-0.6117201
0.10134688,0.76694214,0.13323607,-0.92456025
1.0008931,-0.14425921,1.7458936,-0.0072325272
-0.7562144,1.3690586,1.1462573,-0.7273274
-1.5865688,1.4817432,0.2224228,-0.25386363
1.8107743,0.08731457,-0.9957497,-0.4411367
-0.7665745,1.4922285,-0.4054173,1.5759574
-0.5969667,1.6712674,-1.0586315,-0.39085004
-0.16456251,-1.1848308,-2.705878,-1.2666891
2.028897,0.6934227,-1.6757716,0.9502645
-0.611811,0.5607792,1.4448552,-0.094660304
-2.3185308,-1.2487061,0.57595575,0.8631983
1.1842235,-0.27041483,0.6617035,-1.4256878
-0.76320904,-2.126147,-1.0589949,-2.0844812
0.80512685,-0.53378886,1.0972545,-1.7412708
-0.19484632,-0.28367463,0.09453762,1.8695897
1.0426276,0.6288319,-0.36061606,-0.09831129
-0.55578583,-0.85073817,-0.0628257,1.5838356
-1.9238652,-2.1266906,-1.4268663,-0.28035483
1.0125024,0.25357866,-0.0588962,0.7988572
1.7417935,-1.7587578,-1.5942254,1.5874113
-0.8421931,1.5375327,0.8751278,-0.6774794
1.9319218,-0.06946653,-0.11356805,-0.6434598
0.8718823,0.59551364,1.7154791,2.70148
2.1426194,-2.010936,-1.9388709,-1.1103781
0.06720268,-1.9247942,-1.0081279,1.7035629
0.41142425,-1.0864013,-1.1408551,-1.2832633
0.47124082,-1.2453866,-0.14022215,0.2275459
0.44510528,1.0773515,0.2935967,0.8313254
-0.39754125,-0.08341947,1.548328,0.8951158
0.6938789,0.44916433,0.24568507,0.64278316
0.99532604,0.972403,-0.82740325,-1.1502372
-0.77407473,0.18551436,0.18633652,1.6476797
-0.5883717,-0.6607578,1.8527291,-1.5501956
1.0191149,-0.18914412,-1.790139,-0.665048
-1.3530613,2.5683482,-0.5867035,0.23220775
-0.86137617,-0.7431486,0.2587976,0.28085917
1.5294715,-1.4936777,-1.3615726,0.43452993
-1.2975458,-1.3467113,1.5716087,0.3721309
0.39412415,-1.1009665,-0.94237834,0.37416974
1.312419,-1.4537117,2.312159,1.1149176
1.3756577,1.5334748,1.4603695,0.9546488
0.5681011,1.2295114,1.1117663,-0.23514481
-1.1671952,0.9036996,-0.34538394,-2.0034225
-0.47484112,-1.0208877,0.61174065,-0.52825224
0.3681061,-0.8056861,-2.1759555,-0.7009717
-2.6078439,1.2927932,1.2261162,-1.9589195
0.6128959,-0.8287378,-0.31553772,-1.324732
-0.9498576,-0.25128663,0.6141669,-0.0555978
-0.93712485,-1.1540906,-1.3004951,0.52288556
1.2091469,1.0045927,-0.51730543,1.2460029
-1.3683089,0.24437496,0.3452382,-0.6982633
2.4297001,0.30385715,-0.79794466,-0.43452415
-2.6075432,0.53470707,0.66874236,-1.8100841
-2.4148474,1.0698913,2.1317718,0.5673244
-0.48759812,-0.43641296,-0.42434645,-1.9019469
0.74661684,-0.78740704,-1.3735014,-1.2912697
-0.14266948,0.040730834,0.6199732,2.7101526
-0.19340627,1.7483869,-0.72894675,1.0817705
-1.1453727,1.2143817,0.12793419,-1.6855768
1.6514676,-1.7695215,1.5950372,0.62509185
-0.53617334,-0.5175354,0.3773384,-0.6692552
-0.84092736,-0.24362272,0.5258417,1.0434196
0.7280203,1.1763735,-0.2600048,-1.6414552
-1.0710492,1.3063029,-1.0356408,-0.6555407
-0.54687,1.4692847,-1.0263273,1.3473037
-0.14369087,-1.2112098,-0.4421508,-0.9499858
-0.63421386,2.1711144,-0.16761751,0.47462887
0.16498134,-0.49862653,0.64158916,0.42999217
-0.92175853,-0.3459427,-1.3396604,0.55915225
-0.13692452,0.119967654,1.5269165,-1.0096645
-0.68835443,-1.6998428,0.2654763,0.35816675
0.18473049,-1.0251853,-0.21560913,1.3601633
1.0249281,1.6728611,1.8244833,-0.31350514
-1.7108163,-1.1690376,1.7024732,0.32531595
-1.3562541,1.5294544,0.64707875,-1.0945436
-1.3609774,0.78140885,0.8541419,1.643219
-1.9619557,0.2377211,-1.2617323,1.0946883
-1.5742135,-1.0459621,0.9018377,-1.393983
0.24568978,-1.7358844,-2.0358915,-0.76525706
-0.05685814,-1.2406996,-0.66421777,0.63940006
-0.63307905,0.66969556,-1.423825,-0.30319843
0.2790574,-0.34487358,1.302058,-0.6389887
-1.2659785,-1.4394745,0.08287632,1.5707992
0.45954528,-1.500348,-0.6291123,-1.4827673
-0.97469383,-0.14024773,0.12229879,1.8964037
0.30018026,0.64855003,-0.13286713,-1.2770598
0.3130288,1.367718,0.36246994,-0.21460083
-0.6200741,0.35696426,-1.2622638,-0.8823527
0.22985172,-0.1323033,-1.6868156,1.8806324
-1.2216808,2.7689295,0.21276854,1.1874657
-0.20044586,0.93592614,-0.8790951,1.2304791
2.0178275,0.083749406,0.6065084,1.0530019
1.8863589,1.0001328,0.11350444,-1.3894507
-0.032100156,-2.2138567,-0.6098746,1.7050945
0.10910726,-1.4765236,-0.9304484,-1.4739435
0.67058533,0.84240556,-0.3509886,2.386994
-0.84750783,1.0499691,1.1200784,-0.039481983
-0.39543447,0.65273523,1.0453038,0.05506358
-1.2348804,1.416036,1.4020845,0.42573237
0.83428764,-0.44641948,-0.120041326,0.52067983
0.065523095,-0.07550554,1.3696573,-0.50106007
1.4359442,-0.2699378,-0.8209523,0.610902
-1.3412495,-0.13791957,1.1565374,-0.47780865
1.7126118,1.8227677,-0.9690613,0.560627
-2.2562003,0.7198989,-0.6738279,0.71083826
-0.52734196,-0.8615567,1.2210472,-0.66909957
-0.4967159,-0.23738699,-0.9577016,0.48044822
0.87472516,0.36263078,0.67172414,-0.44909614
1.0041624,-1.3602965,1.7094254,-0.37766042
-0.86976695,-0.0018104339,-0.09508142,-1.7980038
2.4122868,-0.8996503,-0.27017927,-0.030236105
0.6008255,-0.54168236,-0.26333237,1.6036364
0.31489408,-0.16262275,-1.7069978,1.028797
-1.1533867,0.97881615,0.21447372,0.81471086
0.73607016,0.2869018,0.120861895,-0.35296732
1.5104785,0.19716604,1.1466744,-1.6046422
-1.4668784,-0.6170653,-1.3294424,1.396576
-1.0482302,-0.88696945,-1.8065296,-0.5953381
1.106224,1.3145651,-0.6103638,-1.3262366
0.4355488,-0.743327,0.72317284,-0.8050835
0.18355818,-0.6455876,-0.5484262,-0.8919997
-1.0532359,0.5336456,-0.30108145,0.9703416
-1.2464397,0.772953,0.94448876,0.98930013
0.06379106,-0.019200616,-0.35937887,-0.5711721
1.2741848,-2.0705423,0.5516304,0.9982428
-1.0052687,0.68842024,-0.59391916,1.0336391
-1.5522081,0.1630795,0.99513316,1.2288198
-1.8956223,-0.33551246,-0.12927058,-0.16601345
-1.0696062,-1.6908609,0.998153,1.0918568
-0.8778181,2.2701066,-0.88337314,-1.7024778
1.0891484,-1.2154276,2.0200462,0.8350732
1.1899011,1.3914808,-1.1893709,-0.19043495
2.6569867,1.8353152,1.4803604,0.5820119
-1.4798199,-0.55514634,-0.10138176,-1.52435
-0.3407369,-0.464091,1.5868629,0.60558444
-0.9785132,1.6330814,1.3385715,-1.1550062
0.5694208,0.51580733,-2.2128646,-0.14806445
-0.81334984,-1.6251858,-1.1431407,-0.55420554
0.97646517,-0.13937734,-1.5455699,1.3040138
-1.8476506,-1.1164771,-1.571179,-1.1387081
-0.9022742,1.3448998,-0.74331737,-1.1903927
1.2874048,0.3199719,0.9377116,-0.37282324
0.7959875,1.2636514,2.0348055,0.07651372
-1.0101782,-0.9666793,0.3837135,0.97371024
-1.8208863,-1.2641425,-0.13776161,-0.88991684
0.72408557,-0.784594,-0.0050905044,-0.74621505
0.13784446,1.5808611,-2.377155,-0.21905373
0.5296886,0.8842962,2.0064247,-0.5811206
1.0916799,0.35608917,0.66250604,-0.6446296
0.61090803,-0.9041366,-1.1096904,-0.6583112
0.17284785,0.40574732,0.3847775,1.1250914
-0.042575553,0.1856811,-0.5745568,-1.3570461
0.25218236,-0.38048825,0.513804,0.44034237
1.1564864,-1.160542,-0.08268,-0.6653922
-0.8481591,-0.17595194,-1.0761777,0.4380716
-1.5935073,-0.79927397,-0.057839192,1.0081611
0.40683642,-0.34486902,-1.5410191,-0.6304602
1.4834212,0.3489323,-0.6986552,1.5512916
-1.8076968,-0.44882685,-1.1213963,1.3551978
1.7274967,1.6918473,-0.3986596,1.6797789
0.62177646,0.6161356,-0.5048772,-0.7596684
0.7278124,-2.0051875,-1.2362288,0.9362335
-0.08811484,0.84027404,2.7456837,1.0063709
3.0093524,0.5602959,1.8988636,1.3269122
0.12996,0.22102125,-0.940335,-0.23084787
-0.5082176,0.092553675,0.40635455,2.6276145
-1.4275082,-0.85505843,1.9753437,0.8699958
-1.2418566,-2.1825216,-0.58442163,0.13889022
1.0626103,-0.025541427,-2.161253,0.38204652
-1.5366397,0.21771243,-0.7256475,0.33267584
-0.7725224,-0.78128916,-1.1363125,-1.2285291
0.35191536,0.623155,-0.20148405,0.716072
0.62944496,0.39650849,-1.4021477,0.7386074
-0.24578245,-0.006624495,-0.09173141,-2.8826182
-1.3218181,1.8540689,1.8796171,0.27094918
-0.013856811,-0.3207867,1.7695297,-0.49182582
0.753702,-0.40442628,0.029457996,1.518257
-1.4073228,-0.41618803,-0.44329053,1.1892145
0.13992767,1.530821,1.9151893,-1.5172592
-2.1666439,-1.4738824,-1.2663447,-0.24537349
0.4903057,-0.4220286,-0.29569477,-0.5253417
0.2777239,-0.9346036,0.38067022,-1.1491385
-0.7617203,0.5259834,-0.027425775,-0.5359767
0.29843378,1.168942,0.79158497,-0.44520012
-0.4467543,-1.364954,0.7556672,-0.40796077
0.98028314,-1.19426,1.9359351,1.0526897
0.91237766,-1.6878359,-0.89086336,0.97984135
0.32584405,-0.5125204,-2.2993288,1.4158379
-2.8155372,0.4011943,1.8836634,1.0945302
-1.1495984,-0.92409486,-0.5494628,-0.6374116
0.7019328,0.4225703,1.6951332,1.3633579
2.4004252,1.345386,1.7282685,1.3322321
1.8589019,0.29820496,-1.511766,0.31231105
-0.14754605,-1.1342247,-0.15032572,0.4211966
-0.6266153,-1.0050007,2.3780785,0.9700745
-1.9035275,-2.0414677,2.0251572,0.26107505
-0.053465508,-1.2620424,-0.0369832,1.1879549
-0.425009,-1.2912387,0.73128694,-0.83528996
1.3665305,0.9173573,-0.58039236,-1.3212489
0.83934873,-0.79037285,0.7277814,-0.31667355
-0.47919068,0.2507941,0.03354189,0.76518315
-0.23733434,1.3024589,-2.0297813,0.88305706
1.1122414,0.51126266,-0.70537245,0.6683604
0.86891663,-0.59204966,2.2419353,-0.8048409
-0.74039954,1.1725769,0.2864936,-0.83130616
-1.0706426,0.0149117345,-1.4556634,0.40488127
0.9516253,-0.31246662,0.37689796,0.85437685
1.6990762,0.39723098,-1.3862875,-0.0711202
-1.5289932,-1.2334119,1.188777,-0.5055142
0.33596745,-0.18296304,1.710941,1.4421006
0.5172862,0.73951274,1.1197752,0.13378154
-0.27906877,1.3649536,-0.052970335,-2.5391376
-1.2551088,-1.1943483,-2.0517888,0.013693985
-0.37396398,1.1704433,0.9935953,0.38699993
-1.244185,1.4508661,-0.713219,-0.6269171
-1.6818677,-1.0474893,1.600717,0.9659841
-1.4565103,1.043898,0.15816988,-1.1746769
-1.8205355,-1.9521167,-1.3547077,0.14883891
-0.52512497,-1.3886768,-0.643691,1.6032851
0.0035431997,-0.63290685,1.3701812,0.63442314
0.4740093,1.9947526,-1.2362118,0.11151309
0.4399994,-2.04656,-0.07853243,-1.7700459
1.395458,0.63989127,0.98774457,-0.75115734
0.8478121,2.0181482,-0.45630535,-1.3500391
2.4332352,-0.6386461,1.0292544,0.7847256
-0.18863003,-0.8383288,-0.2473107,2.046173
3.2656357,-2.349379,-1.2022828,0.73761916
0.28682145,-1.9937272,-0.298878,0.41722602
1.6921213,-0.875482,-1.156002,-0.4791554
0.6488556,1.2469773,-1.3859164,1.5929916
2.1867049,-0.9164616,-0.26999044,1.0618894
0.5227252,1.4243498,0.6049689,-0.16884391
-0.30620775,1.4076498,1.5189286,0.51435345
-0.50809944,0.93066776,-1.6387099,0.6866777
0.7129192,-0.65625304,0.33489814,-2.0847127
0.23494622,-1.1416018,-0.116411336,-1.0812643
0.46676224,0.13938658,0.4032017,0.40183574
1.2486558,0.7214872,1.27871,1.6115255
1.4083216,0.7663844,1.0501194,1.6704323
-1.0979751,-0.6991341,-0.29401672,0.15575773
-0.8014966,-1.6263773,1.414336,-0.44233704
0.43270183,0.88532656,0.8029036,0.58054227
1.5831945,0.5806823,0.65362406,0.6127177
-0.0074218726,-0.68809086,-0.85986024,1.0234554
-1.8920357,0.36447972,-0.40115988,0.64165866
0.7717798,0.7714413,-1.0005589,1.5634875
0.65044916,-0.08480011,-0.59091705,-2.626867
0.4043462,-0.46229574,0.85422295,-0.028361805
-0.037665572,-1.1593151,1.3881124,0.12525167
0.2957837,-0.25134343,0.6155189,-0.05213663
-0.3781894,-2.0615866,-1.4816787,0.15384379
0.24618037,1.2942829,-0.78481525,1.4480412
-0.40837666,1.5869483,-0.26245022,0.08775141
-0.03710014,0.061401617,-0.05471002,1.7436727
-0.6111581,1.6890719,-0.22663818,-0.06896852
1.3421754,1.9892966,-2.1881635,-1.880435
0.73841786,1.957577,0.252357,0.42163813
-0.8674818,1.4998889,0.1406728,1.4408225
-0.32595468,0.8856936,-2.1908257,0.878729
-0.5845024,0.69625866,-0.40714157,-0.14163886
0.09212747,-0.26108342,0.88586307,-0.8663141
-1.6705762,0.7970921,1.1642436,-1.2372111
1.2210065,0.0047348733,0.9350964,-0.43392295
-0.34484985,1.3079494,1.0816962,-2.5513165
-0.5802615,1.6947161,0.36743358,1.2256278
1.6775285,-2.034465,-1.3016514,-1.461862
-1.441963,-1.6251869,0.49305308,-1.4994973
-1.4681756,-0.47567415,-1.1950384,1.7571715
0.55707675,-0.5576361,-0.05231091,-2.873353
-1.6884426,0.26750076,0.55493635,1.1860173
1.0887594,-1.1097119,-0.97428817,-1.738502
1.1518158,0.95033693,-0.7292699,1.6131238
-1.5209205,-1.753405,-1.4340662,1.8472986
0.44058004,-2.2198288,-1.2465416,-0.52586704
-0.6399972,-1.3935297,1.3924485,-0.7572004
-0.8925882,0.523189,0.690089,-1.0838989
-0.78502995,0.44974387,0.39775804,-1.5439757
-0.56400096,1.8171037,0.97746646,1.8265386
-0.27709472,-0.81774384,-0.93516016,-0.92163706
1.2765843,-0.0646177,0.32247022,-1.5874767
-0.2935402,-1.6783911,-0.15325558,0.03101584
0.6997944,0.5520514,0.21273713,-0.5181076
-1.6946993,1.5171007,-0.60775405,0.089572586
0.10016707,-1.0320796,2.3714795,-0.52677166
-1.5416168,0.41713142,-0.3999044,-0.3336529
0.11404025,1.7690536,1.170742,1.410862
0.6444857,0.10408445,-0.24773051,0.7714679
-1.3636667,0.19416046,-0.96963584,-1.3791798
-2.3267372,-0.70843476,0.58748126,0.74114776
-1.3829129,0.63871,0.9345912,-0.76546663
-0.36175328,-0.8233193,0.23321061,0.44316465
-1.079417,-0.8692216,0.59274864,-1.0675491
-1.8587098,0.3704509,3.157216,1.9944348
-1.0768003,-1.6153085,1.1291668,-2.0738218
0.42555076,1.2281598,0.1568024,2.5232728
0.35577857,-0.86203176,-0.3096192,-1.4655627
0.88842183,1.2806079,-2.6013374,1.6745806
0.7485175,-1.1122606,1.6498822,0.4657003
-0.046365142,-2.5985656,0.96025413,0.8438656
-0.487781,-0.4633866,2.2333379,0.33191237
-0.13023636,-1.1601666,0.62083673,-0.16817255
-1.5802454,0.436234,0.34347016,1.1710608
0.47235918,0.8506453,1.7128724,1.457492
2.3214715,-0.36600947,-1.485187,-1.4321511
0.283847,-0.42969432,-1.4989203,-0.25943503
-0.52757365,1.1004964,-0.1572763,0.6505825
-1.817485,1.2983646,1.1925645,0.7519918
0.3247173,1.6964988,0.9909473,1.7635028
-1.2171441,1.6567041,-0.7139671,-0.2550955
0.8977404,-0.91125804,-0.35611343,-0.4496603
-0.901225,-0.8783814,-1.4222897,0.29148066
-1.9804639,-0.9693387,0.19810006,0.9507768
-0.018154185,0.5673679,-0.039411057,1.5469106
0.41209424,-0.22961457,0.6491712,0.10926121
-0.71545804,-1.5946918,-0.35591453,-0.9924744
0.18497615,1.7001691,1.4317384,0.7357624
1.4985417,-0.19728932,0.85626185,0.25528246
-0.9219284,-0.17825992,0.63273966,0.45971742
0.44958964,-1.1774954,1.3767643,0.25241518
0.79656607,-1.2768894,0.64355206,-1.1167881
0.23616634,0.5130906,0.14978337,0.10879054
-0.058289506,-1.8142501,1.3257622,-0.8033129
-0.54956686,-1.1119742,-0.95180625,0.06740361
1.2744132,-0.67351156,-0.6808206,-0.6973877
-0.3965933,1.4610317,0.49288952,1.9883155
0.92347497,0.6011976,-1.6188174,-1.6601579
0.35237432,-0.07888771,-0.81637454,-1.7821912
0.908713,1.1750497,0.58312154,-0.48047405
-0.7795668,1.6916472,-0.8092578,-2.8764608
-0.3903646,-0.42470708,0.39036548,0.19258825
-0.5458071,0.15263855,0.19225365,0.043929003
1.8749236,-1.660931,1.6817516,-0.7814413
0.88950217,1.7524238,-0.028224075,1.1130085
0.73678833,-0.86998886,0.1502756,1.0244881
2.1236236,-0.90003866,-0.6546343,0.0026326303
-1.076424,-0.36806366,2.6960754,-0.6099954
1.6436042,0.13090588,0.08998199,-0.31735158
-2.8410573,-0.4922879,1.5110701,0.19278762
1.0903015,1.4903703,1.2137661,0.54862165
-0.096139416,1.596923,-0.40517777,0.5327075
-0.27810007,0.09740701,-0.14846636,-1.6559741
-0.41451252,2.071762,1.9128687,0.21635951
1.589039,0.045523144,0.7071545,-0.54036045
1.8767864,0.37899247,-1.3402144,0.025247753
1.387724,0.23951165,1.0252907,0.9471914
1.5472716,0.07403317,0.6869235,0.030853549
-0.014784317,0.8018286,-0.043967407,1.0345036
0.019491302,-0.38224265,2.0319865,0.2885604
-1.3181736,1.3021243,1.0512702,1.8334024
0.7881835,0.022901999,0.9027294,-1.225752
0.66518533,-0.8581236,-1.571716,-0.38782457
0.7953863,-0.14607221,-0.41942897,1.2645715
-0.87729573,-1.6722723,-0.8854963,-0.99043614
0.732029,-0.8191367,-1.5365607,-0.9437093
-1.0535538,-0.6290499,0.28835413,0.49702373
-1.6988518,1.4211762,0.2521614,0.19712436
-1.3057905,-1.5819082,0.29024613,0.8690096
0.668437,-0.7501982,0.9543095,-0.17145185
-0.0721507,-1.5627123,1.6682566,-3.1812716
1.7486808,-0.84407145,-0.45095032,-1.4091355
0.4531445,-1.5489109,1.07447,-0.46419165
1.2260324,-1.0307302,-1.1568075,0.5152445
0.6655997,-1.1618514,0.37524363,0.006711391
0.2835894,-1.8100487,0.26442674,0.0909351
-0.5636329,-1.1151545,1.0821588,0.46538484
1.589044,-0.68702954,1.5389376,-0.20428215
1.4101052,0.18011004,-0.8115586,0.94875693
2.0146806,1.363096,0.90759474,-1.3236532
-0.92982394,1.4278173,-0.9029663,0.48559654
-0.5624265,1.1296611,-0.059953906,-1.1352752
-1.12122,1.2471446,0.17342444,-0.1308402
1.592602,-1.5133082,-1.7987112,1.099251
1.356556,0.9123517,1.6823914,0.94189596
0.3331499,0.007673235,1.0829023,-0.17868343
-1.2410201,-1.3855417,-0.9049304,0.8919348
0.27229106,0.77791137,-0.7564194,0.49942884
-0.94596684,0.8462531,-0.28894863,1.4224361
-0.62599605,-1.3492572,-0.0541741,0.7913784
-1.5154661,-0.7106704,1.4663173,0.02174607
-0.90790266,0.65029913,-1.170551,-0.25591412
0.12835161,0.5173637,-3.0549846,1.180883
-0.6396948,-1.1915871,0.6707329,-1.7254517
1.6580933,-0.953748,-0.3849293,-1.214325
-1.15554,-0.43139955,-0.14990692,-1.1826518
1.2941113,0.38431287,0.7229598,0.0836908
0.91022384,-1.2766354,1.30957,2.1608517
0.3477359,-0.5007355,1.0880541,-1.4913511
-1.1320227,-0.13706006,1.65324,-1.7759516
-0.45933545,-0.18727174,-2.2598112,-0.7348214
1.6199669,0.48065788,-1.7769979,0.12864678
-0.47241375,-0.7500596,0.1583987,-0.06849307
0.7004623,-0.6367624,1.365323,1.324448
-0.052144688,0.5296669,0.52505624,-0.091050714
-1.4571823,0.101256154,-1.2045785,0.40882698
0.24651675,-0.6682028,0.6083008,2.2533817
-0.6323524,0.4989228,0.8496727,-1.0492119
-0.5489135,-0.37483543,1.323447,-0.85740185
-0.806009,-0.40589285,0.9698405,-1.3020434
-0.21771204,0.92002565,0.7150105,1.419884
-0.16484435,0.9134723,0.49590588,-1.8501738
-0.020649567,-0.6143756,-0.63283515,-0.6624905
1.3841282,1.111766,1.4994584,0.183102
0.4596155,0.9443179,-1.3540059,-1.4351763
0.21503505,0.83979446,-0.9947083,-0.20665342
1.1729887,0.1493097,0.7006788,-0.25715
1.0456972,2.217416,0.7269669,-0.06943038
0.067556724,-1.9283818,-0.70689714,1.8043537
-0.31695166,0.32656947,-1.6009847,0.87196
-0.8701032,2.0345662,-0.5441242,0.6675819
0.0039133397,-2.4765732,0.47526354,-1.86478
0.65197724,-0.12106611,1.3868871,-1.7869942
0.29659006,0.3311838,1.557742,-0.44706717
0.6023214,2.1423604,1.2356311,-1.6013043
-1.2318426,1.4442998,0.2645903,0.49518612
0.7649254,0.1080141,1.5616815,-2.4348588
0.49880707,1.1310291,-1.8866254,-2.4414449
-0.27835366,-1.1243039,0.3143125,-0.752059
1.2574295,1.235821,-0.8133567,-0.08957383
-0.8844525,-0.29486603,-0.05246449,0.8960484
-0.7742243,0.5148501,0.39235213,0.7139535
-1.3802037,-1.4798963,-2.0264354,1.1961157
0.6333378,1.7303494,-0.8300569,2.1952703
0.12102126,-0.845559,-0.19094434,0.5518986
0.5069601,-1.8586884,1.6069745,0.3355272
0.45904714,-1.9642175,-1.2993835,-1.4679024
0.48764613,-1.4026833,0.18827471,-0.445822
0.27069542,0.7130862,-0.483596,1.128722
-1.1267139,0.86166936,0.57118815,1.1770996
0.7150771,0.17470106,1.4312726,0.079099625
0.1246997,0.28496012,-1.1303279,0.6306541
-0.27198404,1.764425,1.7537403,1.2130812
0.22321025,-0.11957109,1.0097176,0.3982142
0.9649868,-0.13501544,0.4791672,0.11932862
-0.15549047,0.49901578,-1.2047187,0.7385072
-0.17934477,0.39148045,-1.191223,0.7662174
0.37344253,1.0844764,2.8942983,2.4964154
-1.4154549,0.34425312,-0.6213125,1.1611463
-0.18802989,-0.93189377,0.79217845,-0.6848781
-0.8710317,0.660648,0.48876,-0.39121988
-0.9252194,0.1268832,-1.473311,0.13389412
-0.23962876,-0.08700327,-1.9758481,2.1590588
0.5446294,0.044704508,-0.28408137,0.18793921
-1.8330193,0.65021557,-1.4070839,0.84916705
1.1491197,0.38060564,-0.7904794,0.46196508
-1.2931935,-1.6012309,-1.2828372,-1.9145752
0.64459294,-1.401571,-2.4771955,1.4725922
-0.18751769,-0.25930634,-0.382655,0.78165245
-0.8373084,-2.5747597,-2.2295918,2.1219716
-1.3744562,0.34068307,0.3080799,0.8910846
-0.4003126,-1.3170351,-0.61277336,0.75004363
-1.8063481,0.25494382,0.48575512,1.9304708
0.032705486,0.44278607,0.8487508,-1.4978623
1.5123708,1.5372795,-0.94420475,1.29877
0.36849576,-2.0019836,-1.8810499,0.46811047
-1.2614362,-0.9454523,1.2812097,-1.3248436
0.6620404,-0.07355939,0.94126356,-0.75805473
2.4240804,-0.008029404,-1.0923666,0.49216136
-0.4811677,-0.5808709,-0.041354626,0.9501582
-0.63451356,-1.0351704,0.18058142,-0.5615702
-1.0122372,0.6954845,-1.034431,0.38844782
-1.3162758,-0.36466208,0.8442365,0.8877336
1.1142417,1.2629305,0.72375065,-1.9113703
-0.24013129,-2.0926511,0.07101676,-0.44951195
0.13652422,0.85151947,0.12773542,-1.3976485
-0.10819845,1.5696036,0.29990473,0.7235821
2.6975217,-0.98868483,-0.5893467,0.3239235
1.3919855,0.63277954,-2.102687,-1.6918488
1.5651892,-1.6978952,1.0338168,-1.5371003
1.1177644,-0.38579857,2.2285333,1.3785961
2.20624,-2.0066915,-1.6273892,1.4356756
-0.5226244,-0.4617951,1.4452629,0.06758738
0.36148283,-1.4285288,-0.327619,-0.77041376
0.051293623,-1.1900256,-0.8795803,-1.1913872
1.4164388,-0.59311974,-0.13371924,0.04499546
0.70140004,-1.5972378,0.27395943,-1.0375283
-1.4884092,-0.9063196,-0.16573896,1.8527607
-1.5770966,-1.2642367,0.82696205,1.057952
-0.83614045,-1.2337545,-1.080533,-1.2943842
-0.3692991,0.71825475,-0.42636502,-0.4160341
-1.2776648,-2.1989295,-1.3040534,-0.30854833
0.26349473,0.56360465,1.404188,-0.85948205
-0.7728623,0.06843761,-1.2358471,0.25001976
0.18493296,-0.6411533,0.537274,-2.192096
-1.4295522,-1.5784711,0.9955296,-1.1521995
0.5759801,0.9528278,-1.4134179,0.7097581
1.0234216,-1.7731495,0.20092088,-1.2979059
-1.6828201,-0.3617494,0.7022181,0.9379867
2.00512,-1.8599539,-1.243972,1.2451324
-0.48095378,0.331252,0.0599779,-1.6407958
-1.4252138,1.4072051,0.50918835,-0.27611896
-0.91017705,-0.58591217,-0.45394564,-0.006002083
-0.9366331,-1.0542542,1.3454605,0.68283033
1.3271867,0.09697693,-0.75054365,0.18455417
-0.37618694,-1.48048,1.6174437,-1.4733299
-0.7344208,1.2258406,-0.016457329,0.005026734
-1.4190432,-1.2961032,-0.49770132,-1.1494278
-0.23587027,-1.3243937,-1.767549,0.66559315
0.9296696,-2.1204026,-0.21528168,0.2532046
0.5548938,1.7354964,1.2528712,-2.179433
1.1250486,0.22521669,2.1174643,0.51026803
-2.022233,1.2765288,0.21868594,-0.93514204
-1.8550233,-2.6621835,1.3383327,0.8577753
-1.0413296,0.47657767,0.9460234,1.1387208
-0.5529476,0.34101537,-0.33422336,-1.8148084
-0.13393718,-0.9707103,-0.24708375,-1.0012246
-0.15225399,-0.77437514,-2.3547957,-1.7364055
-1.0918505,-0.3224349,0.79633397,1.3626125
-1.9980836,-0.021242887,-0.7792633,0.48788556
-2.0654492,-0.2751974,-0.3392698,-1.6617646
1.3279432,1.1622896,-0.5535269,0.14538312
-1.0931846,-0.014285441,1.9778854,-0.12770149
-1.1800067,0.09668447,0.28221086,-0.89285934
1.8304578,1.01506,-0.6619648,-1.1837236
-0.7766859,-0.57024413,0.7653105,-0.8850283
-0.37226605,-0.049125068,-0.61585015,0.6187155
0.24725835,1.6628176,0.6681434,0.26746354
-2.1685283,0.2929224,-0.79124117,0.61396515
-0.87078536,-0.6754883,0.65442777,0.17391948
0.28842485,-1.1609218,-0.1903139,-0.20412071
-0.1297633,-0.37335566,-1.2396318,0.18512826
0.36965853,-0.012291501,2.0373979,1.3076925
1.1701145,1.240392,-0.30355388,0.8691148
-0.22407578,1.4099877,-0.097760126,-0.019002462
0.5781537,1.9850769,-1.6812847,0.5916127
-0.021223634,0.03634635,0.126053,-0.20591757
-1.2467421,0.020756997,1.3903561,0.97801
-0.045407683,-1.2084891,0.4737847,-1.8473147
-0.96732455,1.4501002,-0.38775814,-2.0168998
-1.194293,0.93964225,1.6352789,0.8054015
0.03066009,0.51054627,0.10597886,1.5123651
1.965581,0.17261103,-2.122227,-1.2254716
0.96970296,-0.61108637,-0.11819909,0.7730999
0.41481358,0.9920678,-1.1990014,2.4085495
0.13194883,0.06329314,0.5700553,2.1497796
-1.5223794,1.1039593,-1.9508057,0.78172994
-0.15977047,-1.89776,-1.0874991,1.1534071
1.3897848,-0.06488028,0.6713426,1.0170724
0.040514007,-0.6539397,1.079417,-2.6663733
-1.778022,1.2305048,0.29674673,0.9032417
-1.3690469,-0.33120516,0.9028945,0.009643818
0.7251879,-0.9314661,1.3818825,1.8657079
-1.0965321,-0.70205855,-0.573136,1.2566622
1.4731711,1.8588847,-0.6124593,-0.24176061
-0.67177355,0.62830925,-0.6116033,-0.7581007
2.0320365,0.11660539,-1.3820775,-0.7649976
-0.7203942,0.7392907,0.25050625,0.7605015
0.60946983,-0.318951,0.4054825,1.21623
-0.31787008,-0.91452026,-1.867028,-2.1600404
-0.066907085,0.44877183,-0.30125794,-0.14992005
-1.9069338,-0.25498417,1.3462403,-0.7176425
0.5078989,0.30342636,1.4543238,-0.3893303
0.45426664,-1.4233752,-0.9778593,2.84314
-0.0422813,-0.63280064,1.1816939,-0.7699883
-0.571934,2.2718258,0.8045323,0.8046986
0.29565763,1.4764999,0.9260308,-1.5933081
0.5162817,0.87185305,0.7680422,1.1292932
0.068337634,-0.955106,-0.11120082,0.23750362
0.93383586,-0.54028547,1.6194147,-1.144547
-3.3179903,-0.9790856,-0.18397367,-1.666437
-1.2074994,0.3865355,-0.669753,-0.19804642
1.3585958,-2.212324,1.0336853,-0.10959722
-0.912332,-0.65248203,-0.113888465,-0.64642435
0.39850157,1.79882,1.6543134,0.9986717
-0.27838728,-1.0337205,-0.98280996,2.1001074
0.14091805,0.06919793,-0.4223137,0.13597384
-0.73435885,0.021424914,-0.7913091,0.46104077
-0.89856124,2.211173,1.8205827,0.99696404
0.21973252,-0.42354092,1.5808154,-1.0084752
0.034883406,-0.23911113,-0.116902545,0.06760304
1.0901247,-2.5474763,0.4967532,1.118553
0.37891373,0.60767114,0.7160555,-0.0932901
-0.22951406,0.6126375,0.62864494,-0.38733196
-0.4459029,0.19726543,-1.3713608,0.70797783
0.8372559,-1.5611647,-1.0803437,-1.9507744
-0.045339905,1.3759701,-2.1295695,0.4593813
1.3039408,0.24708635,1.1023166,-0.8365726
-0.56652135,0.7790861,0.27569497,0.2907893
1.0138487,-1.2002712,0.81578165,1.6501492
0.21622603,0.93116236,0.77711093,1.0029378
1.9534321,-0.0064559737,0.2958698,-0.5185778
-2.0607097,0.9342991,0.6789626,-0.49087644
0.2623021,0.96123964,-0.86706024,-0.6536418
0.19302736,-0.3756254,0.24179293,-0.21895218
-0.4548881,1.621506,0.35270393,1.7127265
1.2751914,-1.1915153,0.68740153,-0.5745983
-0.07342964,0.18916751,-1.9348043,0.36349562
-0.89915264,-1.0801339,-0.20440342,2.906966
-0.058409125,-0.64271003,0.7831883,0.43198407
0.8847452,-1.2705259,0.77703005,-1.7454871
-0.8869712,-0.56990755,0.081941135,-0.7478894
0.8074274,-1.2840039,-1.371196,-0.6164169
1.3810972,1.2585567,1.5340639,1.6165806
1.0915571,-1.6890541,-0.20087346,0.28430766
0.30663505,-1.4378825,-0.13621107,-0.9359328
-1.1054019,0.022085868,0.084183685,-1.2272569
0.8720929,0.8373102,-1.4984399,-0.9444912
0.565635,-0.71094584,-0.55044204,0.57094085
0.6844606,-0.011032941,-1.1271043,0.47428894
-0.45242494,2.0883229,-0.14659475,0.14407276
1.3462238,-1.0029358,-0.10067011,-1.1126856
0.0032637573,-0.6648287,1.727625,-1.4028608
-0.3668505,-0.99825543,1.0193022,0.18320863
0.09312313,0.39714235,-0.033127364,1.5506893
0.15823306,-1.3065354,-1.0144992,0.5424459
0.47231916,0.2309436,1.470746,-0.6322177
1.4873004,0.44709682,0.49306154,0.15370223
0.22533089,0.054044154,-0.4325378,-1.448961
-0.92136294,-1.9292332,0.45351472,0.6007412
1.0235039,1.302061,-0.64948314,0.6034804
2.257399,1.8565133,-0.17832746,-0.4214584
0.82347137,-1.128878,-2.1426318,-0.085830934
0.73043054,-0.038804766,1.6206578,-0.15953714
0.70194453,1.077431,1.7992332,-1.2854426
-1.381994,-0.55515426,0.112728074,-1.1082547
-0.8752993,0.60933334,-1.9077511,-0.44837984
1.3857056,-1.7217737,-0.60553175,-0.8445944
1.260263,1.0646783,-0.12708622,0.14783204
-0.2332637,-0.8524184,1.2171245,-1.4139597
0.6402631,-0.31174254,1.9375265,-0.6693155
-0.13621467,2.2127972,-0.6928878,-0.7132292
0.21415584,0.35383445,-1.0758235,1.6348021
-0.11287523,0.43813285,0.44179454,0.94754714
-0.2568863,0.123817526,-1.3730829,-0.032889366
0.035834573,2.2854013,-0.7041168,-1.5694611
-0.2673905,-0.72438633,-0.3009986,1.8383987
-1.1701525,0.34059596,-1.0856138,0.97576797
-0.9661203,-1.1074712,0.4472859,-0.009070122
2.0943515,0.23420657,0.93665975,0.1733064
0.27701476,-0.16896914,0.08634438,0.39622083
-0.9813611,-0.46895814,-0.5671838,1.9364408
1.3570397,-0.7044549,1.2428721,-0.56322354
-0.29540923,0.51129234,0.07413878,-0.9496033
1.6812643,0.87480086,0.5864812,-1.6778222
0.40573955,-0.68232524,0.8890444,-0.25481674
0.7021995,-0.8665844,0.759606,-0.12847213
2.1887317,0.5809763,-0.4362068,1.5320302
-0.74503416,0.61246276,0.1596169,0.9242047
0.6314488,1.0519314,0.3785683,1.5676665
1.8664024,-0.10174286,-1.3607682,-0.536549
-1.0022526,0.84754795,1.2986796,-0.47744793
-0.079959236,0.757076,0.6008178,-1.6543504
0.26616752,-0.29823294,1.6603163,1.4673591
0.56311667,0.20237412,-0.50868577,-0.69522583
-0.682742,-0.65320694,-0.19028862,-1.6495199
-0.34482524,0.98848546,-1.2419757,0.6614987
0.8307593,0.13178423,-0.86809856,1.1096071
0.04471564,1.0131526,0.4108636,-0.06317719
-1.323201,-1.8935641,0.31580916,-0.09415977
-1.3538505,-0.03180313,-1.0087954,0.59964967
-0.5076425,-0.9997521,-0.9113559,-1.3967451
1.0595615,0.7512478,1.6506646,-1.2328852
0.78292024,0.921745,0.43116608,1.013981
0.11103475,1.6819719,1.5577409,-1.5209324
1.8618892,-1.4632758,-1.5692277,-0.2376469
0.3114259,1.0985619,0.13403177,-0.041711256
-0.065101005,0.9457809,-0.46281883,1.0053697
-1.8945744,-0.23766358,1.6275476,-1.0218271
1.6065719,1.414786,0.24613927,-1.263685
0.3963766,-1.0619678,-1.1672986,1.8298267
-1.1518712,0.46218476,-1.1300622,0.9134197
1.5926418,-0.56403404,3.0594425,-0.4029271
0.81212723,-0.949698,-1.7354509,-2.3716118
-1.4827429,1.320271,0.8426121,-0.5838371
1.2934636,0.054992042,1.7371832,-1.7865208
-1.0856411,1.5706698,-0.5214888,0.78810835
0.400451,-1.606211,-0.9107355,-0.2770978
-0.13913535,2.0253701,1.2407231,-1.2879192
0.43895727,-1.236843,-1.024627,0.07408635
-1.9893591,0.06617557,-0.21283077,-0.16312446
-0.08582353,0.5197151,-2.621917,-1.5487832
0.82617146,0.25140417,2.3070164,1.2034074
-1.202727,-0.62232924,-0.5463029,-1.3881453
1.6065465,-0.9366937,0.4836134,1.6048857
1.7715235,-0.28953713,0.55169386,-0.5182984
0.3435854,-2.1917694,-1.0191537,-0.9168459
1.0659974,1.5389649,-0.20731862,0.10927328
-1.8036495,1.5719365,0.099366285,-1.4742
1.8537952,0.04242333,-0.5702493,-0.842244
-0.68160725,-2.0032158,-0.11582779,-0.7396354
1.7460071,1.6866037,0.67506105,0.24253438
1.1742418,-1.8950047,-0.4662023,1.3759599
-1.4881456,-0.87494826,1.3218545,0.06444079
-1.148291,-0.003924643,-0.99569654,-0.1924701
-0.7406047,0.17468625,-0.44447288,0.5990676
-0.4385316,0.48288754,-0.27625895,-0.5707367
0.21254477,-1.037247,1.0668455,0.22110006
1.3497221,-1.1939527,-2.85653,-0.066068865
-1.3166403,0.6798657,-0.3176835,0.37651286
0.29336396,-1.1648489,1.1568776,0.99054813
-0.5143886,-1.8294395,-0.23450048,-1.3752068
2.0516708,-0.63124967,0.485878,-2.1447825
1.995059,-0.6116381,-1.4867963,1.8062093
-0.3264762,1.8932439,2.2833264,-0.057778537
-0.14659353,0.18883759,-0.5819643,0.7509013
1.2892542,0.32301718,0.24096309,0.5793489
0.84625065,-0.571908,-2.2210388,0.36150888
0.09156831,0.43829885,-0.91284955,0.40917012
-0.9653598,-0.38997492,0.20358025,-0.24118307
0.65049565,0.12614878,-0.6327769,0.24848384
0.84822774,-0.33317608,-0.5817471,0.7678411
1.2888542,0.8417545,1.8326671,-2.3014925
-1.4327275,0.55893314,-1.2979954,0.5604843
-0.1396127,0.64609134,0.7444007,-0.8614876
-0.95545053,0.5901563,-0.27493078,-1.1851066
1.7196232,-0.8398682,1.5799791,0.6084818
-1.3816522,-0.48129976,-1.2810309,1.2344799
1.0198869,0.2266566,-1.4117712,-0.0230941
0.14870937,0.33224568,-1.5763564,-0.13259667
-0.5023406,0.0636724,1.3963186,-0.35507503
0.29388633,-0.08784539,-1.0520219,0.6189179
1.6673731,0.2994796,0.34574497,2.3471293
-1.1224428,1.7287033,-0.62973696,-0.91749954
-0.26186815,0.28666666,1.0405512,-1.7089636
-0.13956632,0.28771183,0.53440464,-2.2734718
-0.46073762,-1.1976943,-1.6971081,-0.3907307
-1.0862061,-1.3924522,-0.22040644,-1.2130405
0.87979597,-0.13876314,0.9661303,0.5716073
-1.0497258,-0.6188466,0.56974834,-0.8414626
-1.8486334,-1.0060567,1.5938418,0.13145651
1.4841602,0.07864914,1.7189667,-0.8229027
-0.76376337,-2.660011,0.08335445,-1.8719108
0.031173348,-1.1040201,-0.65920395,0.44621888
-1.9509056,0.63101816,-2.276318,-1.1366158
0.7392899,-0.42397952,-0.030436236,-1.3651595
-0.96269614,-0.4420192,-1.0107334,-1.3934706
-0.31203476,2.1684773,0.64372665,-0.13960299
-0.33672237,2.2045074,-1.4367003,1.6613009
1.5685282,-1.094328,-0.04079843,-1.4707892
0.24250062,1.2398828,1.6576641,0.2493158
-0.45069468,0.47202003,2.3099556,-0.030642522
-1.7914791,0.7382115,-0.2369985,-2.2741156
1.269971,-0.6421408,0.92756635,0.7826303
0.28282508,-0.7187712,0.9092552,2.7479422
2.8951187,0.6970495,1.3408128,-0.24905513
0.62784386,1.4513062,0.05432377,0.7255409
1.871307,0.74175763,0.9206063,-0.30238903
-1.5601404,-0.009215782,0.14626765,0.0920319
1.1028379,0.5948689,0.8600524,-0.85281557
1.6924644,-1.2664089,-0.25182587,-0.45899975
1.0061151,-1.49325,-1.5570709,2.2508962
0.38406387,-1.0447791,1.62695,-0.8690801
2.3655226,-1.5057275,0.9979334,0.32161975
-0.9585484,0.18020752,0.54295236,-0.7690244
-2.202006,-2.0046356,0.55885273,-2.0799623
-1.3675376,0.23132762,0.0037172367,0.7437691
0.48643893,-0.0029866477,-0.36133942,0.74674815
-1.0975589,1.2792879,0.37528035,-0.45195258
-0.3765473,-0.6955254,1.1237069,1.1113061
1.0959564,0.378751,-0.3368648,-0.016573165
-1.1491979,0.46072474,1.4936628,0.6683218
0.4078449,0.14049494,-0.40906948,0.7486588
-2.0544024,-0.9029663,-0.0521741,-0.19927618
-0.858855,-0.77628094,0.85425293,2.3594294
0.2666434,1.2906896,0.70642763,0.89550704
1.2760979,1.4059192,1.1190294,0.12874246
-0.5000301,1.9906824,0.13306601,-0.39346895
1.3670816,0.6637451,0.3829804,0.5057878
-0.70386577,-0.578312,-0.28497243,0.19721918
-0.318599,0.334873,-1.2402197,-1.6380074
-1.0912646,0.123032175,-1.3709476,0.76624405
-0.19165777,-1.4487761,-1.8354566,-1.9524037
-0.6056064,1.8273467,-1.1301053,1.0297669
0.4651042,0.6147874,-2.3183622,-0.8237286
-1.3143954,0.74464995,-1.5708014,-0.41300443
1.1844848,-1.0519283,-0.080477424,-1.5171115
-1.7902055,-1.0343556,-0.98475903,-0.1067401
-1.0268695,-1.6430026,0.6860299,-0.37039405
-0.64497316,-0.03455716,-0.9778409,1.031168
2.7513583,1.1032524,0.5864417,1.121688
0.62422824,1.5139382,-0.050501376,-1.3125538
-0.38280386,0.54210085,-0.9519083,0.0342783
-0.7330714,-0.97372884,-1.9397563,0.24280244
-0.1033025,1.8698405,1.4787799,-0.8703394
0.40478653,0.14043501,-2.4163485,0.16039924
2.9929492,-0.97141767,-1.4470171,2.1759832
-0.86591554,0.012251754,0.95366526,0.31436124
-1.0403919,-1.0572695,-1.0885262,-1.0182558
-1.3973762,2.5556939,0.94074667,0.94226575
0.9629292,0.6219921,1.3069439,-0.34930477
0.88059235,0.31187373,0.31939304,1.5608515
1.4719713,0.2690903,-0.6858926,2.5329614
0.44780657,0.24952477,-0.03819866,0.8637897
-0.9119372,-0.67518115,0.39394554,-1.042613
0.76774526,1.0083878,0.45700088,-0.1969356
1.2333965,1.196475,-1.8013449,0.13351081
1.2407609,-0.28405294,0.80559176,-0.73051584
1.3146858,-1.2088108,-0.6584247,1.2708063
1.0376146,-0.3887707,0.59924906,1.7944491
0.93198466,-1.0642322,0.063043565,1.4471332
-0.8738704,0.65173507,-1.5707693,1.7301974
-2.0032568,-0.8705133,-0.19634306,0.9912384
0.98582673,1.610359,-0.5751482,-2.304471
-0.25763506,0.065415375,1.6816685,-1.8683364
-0.52800304,-0.49728975,1.4940122,1.624214
0.63127476,0.7002507,-0.71456087,-0.107588224
-0.5730697,-0.21591142,0.9655082,0.67147475
-0.4716347,0.38077864,-2.079543,-0.38712448
0.8576736,-1.4507056,-0.37891242,1.0929635
-1.5748682,0.533172,0.9453117,-0.026777659
2.3354335,-0.6382176,0.89242923,1.108353
0.117527686,-2.563314,3.283126,-1.7600598
-0.16194512,0.60349965,-0.068410024,1.5454245
-0.7180121,0.59136355,0.3901029,-0.14116226
0.17493539,2.1787336,-0.71736276,0.47128257
-2.5762076,2.1235359,-0.39651912,-0.29752877
0.02680298,-1.7691232,-0.62444544,0.12954184
-1.2135619,-0.29965433,-0.8911965,-1.3239682
0.11301898,0.727274,-0.8044915,-0.26643687
-1.0395594,-1.0899837,-1.0160041,-1.9559124
0.49434626,1.265445,0.13546237,0.32153645
1.9242318,-0.7758931,2.0591989,-0.07883464
1.1450946,0.84134424,1.0076685,-1.7031568
-0.7573318,0.6004895,-0.9308667,0.5158035
-0.82098776,-0.6252447,-0.15157735,-0.49877015
0.20254034,-1.2356613,-0.4293692,-0.16689557
-0.7700892,0.7305336,1.0066531,-1.1545162
0.5744316,0.61844563,1.0032333,1.5980302
0.615895,-0.5003761,-0.2853193,-0.6878477
0.66930693,0.23407003,-1.2939162,-0.28619242
-0.66324466,1.1572775,1.502178,1.5553019
0.5798882,0.42187196,-1.2828639,1.9297539
0.18862514,-1.4930137,0.9441909,1.5843238
0.4607603,1.2577257,-2.0185635,-0.3999356
1.2846738,0.8922431,-0.8451149,1.1953669
0.12830994,0.35501847,0.5988489,0.07453753
1.3539289,0.928181,0.8485598,-1.2865198
1.7874453,0.5890461,0.20605338,-1.1932019
1.153083,1.4633474,0.861272,1.9822335
-0.21176143,-0.67924356,1.100241,-1.1447928
-0.29120296,-2.120017,-1.2622852,2.0395455
0.5285117,1.0113267,0.98606145,-1.2139233
-1.2492831,0.7239114,-2.7892978,0.24212678
-0.83924466,-0.19441344,1.6402159,-0.93826175
-0.84241414,-0.59200066,-0.095040746,-0.7901388
1.6164262,-0.9379161,-0.8013389,-0.20785539
-0.4758015,0.81266296,0.28653443,-0.23335154
-2.4164383,-0.2091802,0.45316124,1.1553849
-0.6732711,1.3656167,1.7374762,-0.35141608
-0.22885114,0.46751568,-1.680501,-2.4104095
0.6447292,1.5080969,-0.5808532,0.9337807
0.123768926,0.28320348,-0.33676866,0.7111514
1.7053796,-0.15161484,0.7033635,0.81037295
-1.6761724,-0.028974429,0.27996105,-0.5571174
0.98016524,0.17717484,2.6600468,-0.73396236
-0.13367862,-1.5390409,-1.6101564,0.5450532
-0.5424575,-1.0914958,-0.46181998,-0.80403167
-1.3662846,-0.21711583,1.3340033,-0.4767975
-0.8871329,0.483447,-0.73648554,-0.9639535
-1.3004959,1.1985167,0.5847054,0.5472321
1.9248463,0.95530206,0.60071886,0.2340225
1.1444366,1.2089,-1.4218669,0.12354481
0.3422876,-1.1490389,-2.6132743,0.10124336
1.1385136,-0.22774811,-0.12797137,-1.9604381
-1.9542143,1.0245992,-1.8013823,0.32544333
-1.2033055,1.4627835,0.48595318,1.0552546
0.5542746,-0.1030512,0.20596842,-0.33491427
0.9840351,0.48024908,1.028033,0.067989916
0.0031172284,-0.90376323,0.6854263,-0.48032033
-0.053100433,0.5554409,1.3830016,-0.81724596
0.78460187,1.7928438,1.362582,0.7967445
-1.765468,-0.5666168,-1.0890876,-1.0548489
-1.8510846,0.5792155,1.9417157,1.6682732
-0.34123695,0.8731696,1.288622,-1.4047077
-1.3560159,-0.044591174,-0.78945345,1.0782825
-1.3776797,0.81274873,0.72155786,0.41874006
-0.16778822,-0.49845624,-0.1672399,-0.6137077
1.2928574,0.53857195,0.9714126,0.60877454
-1.3528451,0.011201654,-0.34304255,0.9638542
-0.2532605,-1.9814245,-1.3745909,-1.5032201
-1.0097836,0.31394592,-1.6639657,0.34654632
0.80132115,-1.9178412,-0.67134964,1.6485053
0.7003299,0.32506835,1.0330133,0.29935434
0.0053638206,0.94162333,0.50233287,-1.2512869
1.6956455,1.0207994,-0.9588135,0.00010297503
-0.25268993,-1.8630394,2.1872082,1.6765962
-0.47356904,2.5709465,0.4179438,-0.83303267
0.23637116,-1.2607722,0.8584875,-0.16954768
0.7816611,0.49735337,0.2571404,1.1157044
-0.8892919,-2.2060328,0.36335582,-0.9449893
0.9293712,0.46678174,-0.78285146,-0.8662324
1.0058104,-2.7026167,-1.4264498,0.5130045
-0.20230986,1.4363708,0.098989435,0.6139757
-0.81778306,0.74623984,-3.2358367,0.25671926
0.06840193,-0.05734304,0.56400293,1.3464674
1.3642218,0.02632456,1.1984661,1.9094275
-1.0053287,-0.85288614,-0.004827252,2.2487981
-0.9454134,-0.28503865,0.15986884,-0.49653625
-0.17153095,-0.81717575,1.3601465,-0.55333984
1.0064112,0.9188778,0.7468764,0.010454898
1.4622856,2.4368927,-0.13186008,-1.642671
0.5431418,-0.9724695,1.6538994,1.0187402
-0.80879134,0.98839664,1.841204,0.42749217
0.573562,-2.9343793,-0.28439015,-0.6799726
-0.55837077,-0.034708966,1.4789726,-0.763631
-0.15444571,-1.0595262,1.5657785,0.6249339
1.7871912,0.85107374,-0.5756176,1.3109047
-1.0043201,-0.47096682,-0.8316554,-2.3734026
-0.9749394,-1.1980416,0.46507102,-0.84917235
0.82653385,-1.0010909,1.1080258,-1.7603121
-1.3783187,1.949878,-0.52492416,1.7941866
-0.65900624,-1.3480153,-1.1687033,0.31057715
0.12666145,-0.16229327,0.35782117,-0.2126695
2.2043457,-1.480176,0.62931585,-0.47793946
-1.0634843,-0.62714183,-0.67761254,1.8741069
1.1385933,0.684195,1.1860913,-0.35944825
0.5846097,0.5765535,-1.1790031,-1.0236683
-0.6234869,1.7385808,-2.2782664,2.0983548
-1.5225458,-1.4776917,1.1968285,0.58292156
1.3253989,-0.545391,-0.42793202,0.84859663
0.8719034,-0.13657463,-0.36030838,-0.2595106
-1.872585,-0.18655927,-0.0691562,-1.8225693
0.8666531,1.1398166,-0.18762411,0.7663362
0.64620095,-1.4019579,0.55310655,-0.6348286
0.1723572,-0.7437429,0.41133597,1.752061
-0.22826803,0.5889883,0.4777994,0.2681515
-0.1666855,1.6539729,-0.6856044,0.69192284
1.1779728,-1.3856168,0.5497811,-0.9595558
-1.7202332,0.48546886,-0.1743099,-0.99625593
-0.43610087,0.75985545,-0.67023474,0.670937
-0.72822285,0.47933596,-2.0176883,0.6828023
0.22679667,1.5142263,-0.41052625,-1.8487039
0.046359666,-1.3669703,1.0507007,-0.8877635
0.14497203,-0.42902654,0.5115754,1.3186196
-0.982983,-0.65885735,-0.5838636,-1.4667957
-0.21561891,-1.5537835,0.382899,-1.0455809
0.08626905,-1.4470134,1.1996449,-0.3486289
-1.6144835,-0.70331925,-1.3705951,-0.82951826
-0.72889996,-1.2862954,0.9853297,0.15484855
1.1746702,-2.3794222,-1.7895418,1.1688434
-1.4674481,2.2574463,1.9744422,-0.8802997
-1.4413617,-0.45566073,-0.17182073,-1.5904373
-0.5614419,1.6310244,0.52138454,-1.3621532
0.8308608,-0.1839149,-0.94179505,0.3101166
0.06690154,-0.119952545,-0.27717257,-0.92210066
-0.0009149189,1.9687451,-0.18679167,-0.90910405
0.8151109,0.28175697,-0.14038496,1.2241709
1.314657,2.0346234,1.1805356,-0.83872706
-0.51489633,0.38509354,-0.72995716,-0.7379413
1.4282595,0.9922506,-0.910993,1.0198663
0.24323714,0.24398817,0.06473314,0.024083659
-1.0111169,0.80722374,2.7899816,1.2256134
-0.3546064,0.4188874,0.0705608,1.2903808
-0.9492558,0.23500878,1.4743081,0.08513167
0.9952928,3.1516874,1.5029823,3.2111218
0.13845421,0.5444389,1.6256515,0.89644
0.8617719,0.7919572,-0.33520457,-1.3708798
-1.8043653,-1.4780476,1.0517334,1.2226303
0.33201405,-0.61065525,-0.1482277,0.29328528
0.21938902,-0.065316126,-0.74483556,-0.36159253
1.399233,1.0824599,0.7959082,0.382476
0.36439425,2.0463464,-0.9746954,0.08153407
0.5582967,0.34214428,0.8544505,0.29057688
-1.7657542,2.3430755,0.2539641,0.22075443
-0.11801134,-1.1032312,0.59669524,-0.017399015
-0.5661513,-2.356731,1.9117204,0.6291357
0.2777516,-0.3660439,-0.036398295,0.3980284
0.09060726,-0.5057162,-0.970675,-1.7720189
-0.87056684,0.06770644,0.88882875,0.03876987
0.54108477,0.66838735,1.2711529,0.77802694
0.28280237,-0.88140893,-0.5181378,0.6477509
0.1792054,0.968995,0.53988606,0.47478643
1.2887926,0.5922289,0.44950268,-1.5996968
1.8756397,0.6614246,0.1029324,0.49792567
-1.1286172,1.4834231,-0.28275535,0.2109078
-1.8616474,0.30790448,-1.3907996,0.3958174
0.8275538,-1.2270396,-0.46661377,-0.7003526
-0.26670823,-1.3610278,0.8758303,-0.5141459
0.4337087,0.5341409,1.6448433,-0.71736485
1.570155,1.1720157,1.6631852,-1.452744
1.3163748,-0.93864995,2.6095703,-0.9773913
-0.51156133,-1.7904887,-2.1826882,0.97173077
-0.0011943417,-0.61758596,0.9122009,1.2767589
1.8615633,-0.89203984,-1.9713017,-0.013160439
-0.16764486,-0.49107048,0.03578025,-2.26179
1.4620997,-1.1166809,0.7999666,-1.1754615
-0.29643837,1.4749643,-0.8552499,0.9649027
0.90463483,0.35555175,1.0758486,0.4343576
-0.8657461,2.7032263,1.50476,1.0403901
0.464363,-1.7457528,0.22753683,-0.6553528
0.538304,-0.9363826,1.8376721,-0.7019158
0.07230684,-0.46543357,-0.6289694,-1.243562
-0.7720868,1.0024108,0.48875856,-0.18622796
1.7663856,-0.6947457,1.1107835,-0.60315806
1.1973252,-0.20054665,-0.45159975,-0.78938776
0.69487804,-1.8100444,0.27024832,-1.8241819
-0.2917796,-0.7127085,-0.4065913,-1.4779655
0.32243592,-0.6808761,-0.51695275,-1.2909024
-1.4011687,0.008805821,-0.20186175,-0.3576707
-1.1390904,0.70598614,0.7029103,-0.40800846
0.5202438,0.39674324,1.8669565,0.35120836
0.94866216,0.5161607,-0.8565219,-0.88687646
0.9668164,0.6984759,-0.38157085,-1.5428585
-0.19715178,0.68890584,-0.75888175,1.2200251
-1.3560396,1.0361222,0.0568431,-0.46680847
-0.7728528,1.1453537,1.5342604,0.9998759
1.0945342,0.7808846,-0.5569435,1.2245103
0.15517011,0.9168462,-1.4002564,1.2081811
0.18056649,-1.10083,-0.8162057,1.8387008
-0.6728956,-0.21138017,0.12860265,0.6906542
0.16451457,-1.4126911,0.41262507,-1.311687
0.6652498,-0.7857533,0.87291265,2.1270235
-0.57413614,-0.05491899,1.0443872,-1.0895115
-0.21990372,0.010543641,1.486711,0.10664454
-2.219116,-1.0066831,-0.5314379,1.8892263
-1.2693716,-1.2536695,0.32402036,-0.116704434
0.35347363,1.4852338,0.6310692,0.16080151
-0.3686071,-0.6274542,1.863853,1.4915994
-0.5622001,0.0349993,-0.9927759,0.7018195
0.96125895,0.19611211,-1.8230156,1.4285003
-1.4838413,1.6437796,-0.13796535,-0.023267174
0.089491114,-1.0113689,1.4511678,-0.56447524
1.2915356,-0.49106452,-0.17380753,1.3901643
-1.0790497,-0.15144362,-0.20758098,-0.63791853
0.36469942,-0.08724613,0.5017662,0.8381042
-1.4444565,0.23233855,-0.32361957,0.6374901
-1.0410855,-0.616944,-1.1729041,-0.56569827
-0.73622817,-1.6474768,1.1789306,0.7747839
1.3576919,-0.28821757,0.9669078,0.15837632
-0.89160585,0.63990176,1.2638916,-0.21387126
0.85783154,-0.8487486,-0.7098256,-0.71744704
-0.0112778675,-0.4962472,-0.79317355,-0.39156842
-0.39040804,-0.42981112,0.6312713,0.84579045
0.46940324,-1.1030918,0.34371853,-0.9649521
-0.15205236,1.6031042,-2.2657633,-0.8032144
-0.963603,-1.7912291,0.84593314,-0.4881955
-1.4062659,-1.4152961,0.36405376,-1.7861475
1.498825,-1.116721,-2.1125176,0.75913304
-0.068715684,0.26140785,0.1939825,-0.62103915
-0.3278099,0.26471686,-0.41555548,0.69757277
0.52422345,-1.8493246,-1.2068466,-1.3355497
-0.7304326,-0.2707731,-2.4268563,2.0840616
0.36362797,-1.3945518,1.1574876,-1.8618454
-0.14406355,0.17339915,0.14947131,-2.2305954
2.458884,-0.5327466,0.147273,0.33854386
-1.0147871,-0.12334946,0.7960318,0.91841495
1.3193449,-1.2782224,0.09994521,0.4953724
0.2527978,0.54381114,-0.50527847,1.3627571
0.12624952,-1.340961,1.1896563,0.98390365
1.2946438,0.64314985,1.357428,1.8123995
-0.30219042,-0.356385,-0.17566743,1.1303891
-0.8118666,0.018401805,1.4217076,0.25291622
1.2255844,0.535548,0.47987708,0.49507803
-1.5188063,-0.4894925,3.196684e-05,-2.1045842
1.411804,-1.3155425,0.8917921,0.16534045
0.40313664,0.05470908,0.38910472,-1.7890772
1.1288393,-1.4560376,-1.0123507,-0.86821944
0.07806992,-2.1085646,1.1670125,0.7325336
-0.6030799,0.083703235,1.0812712,1.9827777
0.2016696,-1.0729119,-0.83749354,1.6524154
0.6210403,-1.3894825,-0.10833049,-0.051647708
0.91106325,0.08511221,1.2349764,0.7394998
1.1573485,-1.0578811,0.4175507,-0.924274
0.18067826,1.3561019,0.3804203,1.3083643
-1.2205178,0.87258303,0.46396324,-1.3660091
-0.7744477,0.8013911,1.5111063,-0.807676
0.24772899,-0.34437585,0.9071275,0.4260058
-1.625975,-1.1043203,-0.5536671,0.4956883
0.8586502,-1.9789788,-0.36907476,-0.2646818
-0.34647816,-0.6890378,-0.561372,0.12949565
-0.0588828,0.4646453,1.0242021,1.1953748
-0.14951302,-2.3771431,0.46238816,-1.7074565
-0.19110237,0.21427633,0.4125297,-0.40335616
-0.9124342,-2.12819,-0.83238417,-0.32503352
0.07362628,-1.3910292,-1.1510861,-0.41818887
1.7590367,0.03040682,0.36157542,0.6258572
-0.31488433,0.4133018,1.8456423,0.24063541
1.6037111,-0.83854455,0.48170695,2.716818
-0.011409514,0.23120758,0.2525428,0.65798485
-0.05352703,-0.8369496,0.72003955,-0.67574203
-1.8553765,-0.9773258,-0.830425,0.3814654
0.008982141,-0.5770737,-0.7856579,1.0023724
-0.34917757,-1.4602662,-1.507382,0.8708013
-1.0509788,-0.57977533,1.0015754,0.23694082
-0.66818607,0.461816,0.9769963,0.9518675
1.243771,-0.3279747,-0.24316092,1.0260044
-1.2452675,1.5609393,0.4713863,0.59981304
-0.47455335,0.29129234,-1.6008189,-0.5484719
0.007656735,-0.80359405,-2.2301779,-1.1200005
-1.7672219,-1.8500851,0.46927878,1.5902778
0.73075616,-0.4654298,-0.41328645,0.7585247
1.7305042,-0.08791988,-1.142913,0.6886209
-0.67731553,-0.772826,-1.4648397,1.7430388
-2.4142933,0.14196151,1.2331597,-1.4152998
0.9785065,0.09405416,0.13505396,1.2422678
-1.9427336,0.30228236,-0.9914877,2.0345068
-1.1624479,-0.55657566,0.8508914,-0.1256204
-0.09559828,0.063380964,1.5414667,0.020779813
1.5159453,-1.7849003,1.951106,-0.5067529
-0.2701795,1.8909379,0.96302027,1.2954513
-0.61272144,-0.08141753,0.72240674,-0.7552781
0.5083889,1.0321039,0.7389569,0.061604768
1.3689489,1.8286043,-0.4885467,0.09328217
-0.4615588,-0.5368802,-0.2932513,1.6813672
-2.167451,-0.22603315,0.71289486,-0.9231308
2.5056307,0.78200114,0.43781638,0.41959128
0.012188315,-1.0105898,1.5195833,-2.6606247
0.85208255,1.5754199,0.2832198,0.32116613
-1.9584488,-0.4058596,1.9653544,0.805924
0.07537719,0.17017137,-1.2987443,-0.0888725
-0.78007734,-0.21344666,-1.3875738,1.7739315
0.39254573,1.1440979,-0.808777,2.6066182
-0.95797354,-1.5133275,0.39109778,0.42268735
0.29880422,-1.072459,-0.6474604,-1.0632317
2.3346643,0.19641325,-0.41186142,0.20214303
0.26583338,0.003611685,0.20720892,-1.1384358
0.5227963,-0.54313016,-0.388031,-1.668896
-0.5797511,-0.6426198,1.2437441,-1.7383276
-0.8645196,-1.4009408,-0.080150604,0.39380905
1.8442792,0.66318506,-1.0218732,0.76675326
-0.5875091,0.184319,-0.1907129,1.5732411
-0.08879859,-0.4941083,-0.19833635,1.0960889
1.1195343,-0.63191324,-0.16499992,-0.07775424
0.8270408,-0.105707854,0.53902656,-0.39015076
-1.1587778,-1.1350619,-0.15579502,0.32457936
1.8409762,1.4717125,-1.3208381,-0.71373177
0.7220329,-1.399715,0.7324699,1.5232799
0.84626985,1.4532583,-1.8177519,0.19226223
-0.6657014,-2.293147,-0.25354186,1.1201162
0.8579299,-1.306556,0.49889588,-1.0890666
-1.9069674,-2.5164723,-0.06172053,-1.0219166
-0.042782288,0.5906736,-2.8842134,1.6073447
-0.5153719,-1.8456808,1.5235327,-0.4446106
1.2011597,1.732334,1.0309231,-1.4656761
0.5150539,0.046987753,-0.29321527,-0.034711152
0.5701002,0.5200387,1.5483905,0.39580446
-0.06719776,0.09519633,-1.689885,0.9160559
-0.078283675,2.3460054,1.0385872,1.2937433
-1.8415849,-0.5044187,-1.2539433,-0.6802287
2.1890612,0.28900185,-0.09978294,0.17508446
-1.2402474,-1.4102215,-0.88897127,-0.9145022
-2.0056462,0.3402753,0.86010885,0.010909128
0.62490994,0.17949705,-1.8388927,1.7130654
-0.09376993,0.3562206,0.96618897,0.2635723
0.20009075,-0.9914785,-1.4298815,-1.8266281
-1.2514107,-1.8717138,-0.5436384,-1.3131385
-0.6635715,1.1016103,0.061801672,1.3805673
-0.69904023,-0.27692923,-1.9281354,0.70207715
0.28259003,0.7459473,-0.7695912,-1.0974083
-0.57105315,1.3550696,0.6484919,0.79612416
-0.9384719,1.1887048,1.0088509,0.10341369
-0.0995925,-0.6638614,0.55638546,-0.9783958
0.5746048,-1.485633,0.22056544,0.8873145
1.3396469,0.51821834,1.108361,0.5066182
-0.67746884,-0.88064015,0.43987653,0.028142722
1.6031598,-1.0088209,1.8303481,0.66534597
-0.4579199,-0.34163713,0.042441566,1.5908355
-1.1803175,-0.49581707,1.587749,0.33235466
0.45018113,2.2733898,-0.7556832,-1.5975673
-1.246915,-1.5456905,-1.9116391,-0.5491131
0.20733851,-0.64565563,0.29800203,0.7290511
1.72106,0.20435,0.89701396,0.14257152
1.00892,2.2674613,-0.6870339,0.5922422
-0.7415129,-2.2291157,-0.43683472,-0.8211992
0.84555376,-0.88692325,-1.7667155,2.0530174
1.465412,-1.1245638,1.1158917,0.3955514
-1.4916177,-0.7030131,-1.152299,-1.6621232
-0.51230544,1.0158372,0.28063604,-0.057753604
-0.45991212,-1.3225782,-0.07456749,-0.95303816
-0.7099792,-0.5391844,-0.6418367,0.6343146
-0.44533554,-0.05345538,2.715257,-1.7009083
-0.2721996,0.2111827,1.5757376,-0.11195263
0.72444284,1.5895898,-0.71997154,-0.6807943
-1.2649382,2.0024607,0.456002,-1.0852667
0.49096864,-0.7940275,-0.26463455,1.9042784
0.54760665,1.335662,0.75377333,1.8051708
-0.76740575,-0.4582369,1.7340007,0.38992903
0.56228954,0.37258703,0.08695389,1.621464
0.32192826,0.2470369,-1.6501853,-0.15446065
-1.0340688,2.1864579,-0.36701617,0.7019868
-2.0049932,2.4194813,1.2963977,3.4435215
-0.44130677,1.8202459,0.3129417,-0.8235609
1.3911979,-1.2778554,1.0598809,-0.9571044
1.6974392,0.9957414,1.1653968,-0.41146848
-0.44018343,1.5347773,-0.54751515,-1.4063729
-0.5346275,-0.49496028,1.4122905,-2.4664123
-0.748248,-1.1275753,-0.30956984,-1.3705252
0.26278263,-2.4025834,1.1723098,-0.6224864
2.3706446,-1.3802832,0.06132655,-0.85241944
0.35525414,-1.6604226,-2.469931,0.16714779
0.659636,0.93227714,-0.18024546,-0.3199601
1.6344186,-1.7172807,1.1894695,-0.07745629
1.4515877,1.3647666,0.36185065,-1.2853274
-1.0369912,-2.1092055,-0.61623913,2.1393316
-0.2173024,-1.5453258,1.5046353,1.2701929
-1.2907017,-0.9437801,0.040582407,0.4446709
-0.94135785,-0.56652945,-1.1069928,0.668716
0.82993263,-1.3112439,0.69313884,0.15149063
-0.5143491,-0.10200528,-1.0284965,-0.17816417
-0.09095238,-1.8526067,0.4173876,1.3385705
0.7618478,-0.826461,-0.63718784,-0.25987285
0.1273664,0.19290209,0.37087774,1.5365316
1.9473393,-0.16588657,-0.110576354,-1.1766337
-0.5817279,-0.33617797,-0.050372653,1.1103319
-1.2164528,-1.4923075,0.45898753,-1.8512676
0.94423544,0.8974089,1.1695632,-0.42502382
1.4115485,0.542511,-1.1963089,-0.56179327
1.2131343,-1.3856056,-0.7790249,0.44677317
2.2859063,0.40570033,0.80324894,1.8766867
-1.1940132,0.5927992,0.10388949,-1.0460787
1.7022246,1.3430017,-0.8835263,0.038071454
-0.87744874,0.047502596,1.0662885,-0.7565473
-1.833333,0.059747748,0.83666253,-0.255142
-1.3263366,0.2997312,0.7492167,0.5997396
1.8235266,-0.16091587,1.2520244,-2.017883
1.0684284,-0.24921651,0.39944533,0.12812519
-0.73222935,0.3188504,-0.699821,-0.10068893
-1.4425387,0.9806692,2.2020018,1.3871493
2.216707,-0.47337145,1.1190257,-1.6819063
-0.46002975,2.093988,-0.23881893,0.032492474
-1.1203893,-0.12093033,0.34851223,-1.668309
-1.2959197,0.1550898,0.17465045,0.9017735
-0.8066679,2.0746021,0.39996043,0.5669616
-0.40050903,-0.36224747,-0.24448538,0.115920715
-1.7999192,-1.0002068,-0.7993791,0.31222713
1.3034443,-0.4126583,0.2967119,0.113935255
0.45502004,-1.7975281,1.2903961,-0.0054405928
0.7258009,0.19228382,0.63013875,-1.4511693
-1.1684636,1.2398136,0.012337197,0.2680685
1.3631598,-0.90189946,0.5501343,-0.06567107
-1.7633862,-0.6530469,-0.86852133,-0.33577827
0.31832582,0.93921244,0.24138148,0.3373378
2.3371994,0.250629,-0.5171691,1.4621922
0.06866324,-0.755333,0.338258,0.79545045
-1.587877,1.2968738,-1.767594,0.66533446
-0.7753329,-1.2474302,1.5316,0.96936995
-0.7714259,-1.3403801,-2.0674691,-0.643561
-0.7245392,-1.3530147,-0.2599619,-0.8208713
-0.5706436,0.5915988,0.53614444,-1.3306547
-1.1424615,-1.4514917,-0.096748926,0.60004294
-0.31206113,2.2519724,-1.1373906,0.019716823
-0.4172581,0.49816912,-1.1998456,-0.2190823
-0.96415305,-0.6338828,-0.1548803,-1.2611028
-0.36055043,-0.8995345,-0.7344081,1.1466991
0.6787653,-0.8467449,0.45353588,-1.7593591
-1.4090499,-0.52902716,-0.5350233,0.19379413
0.021323372,0.022345887,-0.63115126,-0.909508
1.0054232,0.48181936,1.1869155,1.4260033
-0.039803684,0.94332606,0.10984307,1.0663726
0.98283976,-0.06361088,-1.4238853,-1.3511304
-1.7963493,2.096151,0.7292197,-0.4854175
-1.4869084,1.877721,0.9073381,2.563686
0.8674292,1.9938558,0.5685724,0.56164867
-0.41296607,-0.25314748,-0.27735758,2.0052767
-0.27730978,0.5525889,0.9004283,0.13341187
-0.7426227,0.55783975,-1.3051119,0.48201162
-1.0734121,1.0277051,0.64191896,-0.7080467
0.34564462,-1.6221955,1.5349356,-0.7286449
1.1573753,0.2396578,-0.03741604,-0.38633138
-1.081787,0.91027063,0.64045364,-1.6113029
-1.8304247,1.055998,1.0308912,-0.07294251
-0.17278491,-0.17907956,-0.9715603,-0.043876953
-0.79866415,-0.5231669,-0.20485146,-0.14122772
0.48700064,-1.4894915,0.6167644,0.8109712
1.0739553,1.0763687,0.96267843,-1.0357685
0.57410073,1.3171053,2.3704627,-0.28688055
1.0417312,-0.39697385,0.6437601,1.8527291
-1.5999902,1.1742421,0.7085441,1.0489091
0.32695726,-0.9568304,0.3043391,-0.59115124
-0.018923508,-2.3164268,1.0614144,-0.4029814
-0.99862075,-0.9027999,0.90333265,-1.779876
-0.41986793,1.4969738,-0.012032495,1.1581229
-1.3119402,-0.24209066,-0.08499926,1.7369621
-1.204929,1.9456991,2.0993886,1.2080582
1.8211267,0.8193612,-0.3200194,1.2525395
2.061991,0.19168246,-1.3252684,0.25549307
-2.5583618,-0.5983872,0.90362936,-0.063399315
1.3763822,3.0493467,-1.2408528,-1.0242269
0.44905606,0.12663783,-0.52291864,-0.931341
2.0558825,0.49233308,-0.85451925,0.66265965
-0.059016638,-1.1179615,0.9417511,0.8567525
-0.1913675,-0.428355,-1.755251,-0.09707147
1.4931113,1.5460377,-0.3462916,0.76979226
0.8000415,-0.70065564,-0.41681668,0.5608332
-0.8895662,-1.843933,2.0379496,-1.1685809
0.30925453,-0.3697798,0.09110799,-0.9152944
2.7151966,0.14851761,0.08754429,0.7183021
-2.4407942,1.8993253,-1.0597807,1.8831398
0.867145,0.24692424,-2.2577457,-0.4631595
1.3001075,0.07772365,0.45284277,0.63223594
0.54878896,2.3137944,1.7216728,0.55214024
0.8172923,-0.36339617,-0.025225818,0.73546094
1.6198364,-0.7018736,0.65652704,1.8238802
-0.8228928,-1.2042166,-0.8592837,-2.7347147
-1.5590404,-1.3993647,-0.2380507,-0.39143518
-0.14408821,-0.35090744,-1.4649066,-1.3304197
-1.0955865,0.6454184,-0.5614758,-1.5599679
1.1794058,-1.8206023,-0.4437073,0.21218394
1.0494589,-1.5469173,-1.204716,0.43819097
-1.1225314,1.4156761,0.8713662,0.41300997
1.9220997,1.2011534,1.0790612,-0.09029938
0.16496857,2.4017622,-0.63478,-0.08676714
0.089286424,-1.2666881,1.5876843,-0.48063132
-0.08249493,1.0056192,-0.8793028,0.75940704
0.3937348,-0.31744143,0.04259484,1.1695374
-2.3245113,-0.5331696,-0.37626645,1.2831625
-1.0742478,-0.7182929,-1.5563121,2.0137007
-0.9097193,-1.3764515,-0.43075663,0.8863768
-1.5797061,0.26599962,0.7569328,-0.9086564
-1.0126095,-0.12057137,-1.8247032,-0.39459535
1.1250747,-0.63049304,2.1252367,1.1673969
2.2288606,-0.3775203,0.9473046,-1.9922298
-1.3173923,0.35477567,2.1994903,-1.3381889
2.2156215,1.1578516,-1.1534206,-1.0361797
0.15897642,1.149007,0.37705603,-0.3725924
2.3856184,-1.3192276,-0.43335766,0.92272675
1.4749485,-1.5255978,-1.2567298,0.79160887
-0.2489973,0.60935956,-2.4500487,0.9656016
1.2215708,0.908324,1.589763,-1.5769589
-1.6021806,-0.70918185,-2.2868593,-1.0546423
-1.1523114,-1.7803286,0.7891039,0.57673514
-0.5937883,0.9955892,-0.18795903,0.23245525
-1.5749323,0.16807847,1.2571146,1.6905166
-1.0268854,0.15702796,0.2939741,-0.69338256
0.57423687,-2.0617757,0.91122085,-1.2925369
0.053473715,2.0945578,-0.51035947,1.5605159
-0.29002202,0.292243,-1.3065265,-0.69652486
0.69142836,1.105526,0.22585435,-0.2057201
1.0157996,1.9390577,-0.10151923,-0.7292737
1.0543427,-0.95556664,0.5885876,-0.7250872
0.4444988,-1.1168604,1.1517587,-0.5727674
0.7114018,-1.7647184,0.4071237,0.5583855
-0.0070279236,-0.6830236,0.67270166,2.353392
-0.52187324,-0.52162856,0.08369572,-0.84412485
1.1945688,-0.91354465,0.11790548,-2.3293922
-1.4534802,0.35637933,0.27092656,1.3675036
1.7828003,1.0606208,1.1148756,2.1555483
-1.9334805,-0.3662081,0.13390666,1.1820961
0.029733246,2.3713007,-0.0476809,1.8084933
0.21725462,0.60275406,-1.0857,-0.07212401
0.5795658,1.3590056,1.2688085,0.499867
0.24104239,-0.6166042,-1.8945968,-1.2799386
-0.31645116,-1.5974594,0.6783297,-0.75082463
0.32190233,-0.30720285,1.2710563,-1.2752771
-0.09410214,1.2021513,1.9256124,0.4015017
-1.2481645,-0.015888156,-0.38570464,1.1408683
-0.10792806,-0.9848216,1.1582046,-0.4912908
0.16161712,1.5379541,-3.0932207,-0.5820547
-0.6630849,2.091469,1.1655297,-1.3635527
0.3861079,-0.07888855,-0.5541265,0.7310067
-1.192729,-1.7394131,0.09126965,-1.1571448
0.9038492,-0.80290276,0.41993093,0.7604373
1.4410055,-0.46731406,0.94041324,0.59941
-1.4169967,-0.71175855,1.7363528,-0.016111784
-0.8173155,-0.92642796,-0.3208202,-0.3241308
2.5034811,0.7367565,-0.19472252,2.1051393
2.7678456,-1.0367802,0.57676625,-0.82610106
-0.11034771,0.19618452,-1.6963979,0.7613615
0.85916424,-1.1955246,0.17031062,-0.9677665
0.8529509,1.2856848,0.17305252,-1.1829778
1.1781192,1.6637653,1.5114058,-0.49673188
-1.4041399,0.26798442,-1.4485291,-0.028800845
-1.2470837,0.11833572,0.7333784,-0.45495272
2.3182883,-0.32396227,0.009832605,-0.7123276
0.60175043,1.084354,0.78385717,-0.5765581
1.7148218,1.0957601,-0.30345175,0.21486914
2.4378426,0.7019554,0.176611,-0.22232288
0.12894972,-1.2949154,1.4967271,0.274408
0.63666785,-0.84411204,-0.90444094,-0.42592123
0.029797422,1.2534591,-3.0784025,-0.6582804
-1.2602214,2.0489345,0.74783725,-1.6746101
1.7209889,-0.16350597,0.5331208,-0.88644594
0.6331292,-1.1383748,-1.3944529,-0.3798547
-0.7941481,-1.7470028,-1.2363083,-0.6516346
-0.097404964,0.5957292,-0.34256175,0.3104451
0.44664907,-0.40162516,1.2791088,0.3486533
0.12471236,0.70841783,0.76341015,0.596872
1.5485864,-0.7945391,-1.0035098,-0.6401319
-1.1549071,0.33417797,-1.2934299,-2.458462
0.56365407,-1.4216124,0.5857425,-1.5554967
-1.1839938,-1.7586108,-1.0474031,1.0372535
1.6769782,1.2837735,0.0071919044,0.6184543
1.5158274,-0.29922423,-1.2765504,-2.8900778
-0.64825326,0.9403626,0.07648853,-0.7743922
-0.65267426,2.1484091,-0.40269417,-0.8267061
0.06016613,0.5169004,-0.5318615,1.3707087
-0.15168531,-1.6919123,0.4130506,-2.019419
1.4712168,-1.2404662,-0.17559919,1.7450863
1.0757132,-1.0988116,1.8679936,-1.453196
1.7213178,1.5748929,0.92865336,0.14362915
-0.3682952,0.7128891,0.029372903,0.12008082
-1.8641012,-0.1031249,2.4855397,0.9953925
1.5839,-1.3568215,-0.16339855,-0.62903523
0.13246031,-1.2137892,-1.5288987,1.6548963
1.9747291,-2.4441254,1.9380504,0.55496126
1.0355823,0.17140776,-0.041424986,1.257098
0.09173927,-0.84092176,-0.16781618,-0.93612003
1.6193564,-1.7929004,0.29673052,1.8716714
-1.1279688,-2.242971,0.006828119,1.1806923
1.8519609,1.3309226,-1.1476845,-1.536363
1.4246595,1.8721029,-1.1908191,-0.29423553
-0.014776468,0.9362659,-0.01193508,0.5696869
2.2767131,1.3502363,-0.5278185,0.8492868
1.6129575,0.8663851,0.28934774,0.9080584
0.6522812,-0.59043914,0.47516176,-0.40020773
-0.699897,1.0743828,0.22193213,-0.46399018
-1.4174693,-0.17922601,-0.97577703,0.803418
0.7500602,-0.94266796,0.709492,0.32832038
0.2918845,0.65663767,2.7092335,1.6243274
1.310727,1.089605,-0.8422969,0.1744513
-0.27435496,2.648385,1.8544139,0.5196127
0.37869656,-1.1703099,0.055373713,0.09243673
0.91624606,1.4281667,1.298844,-0.49820203
-0.7061483,-0.5430725,0.4053511,-0.78461754
0.13029972,-0.16584672,-0.70967585,0.28422385
1.1835885,-0.14741814,1.1728708,0.9266478
-1.0176111,2.3082476,0.453947,-0.17008112
0.8352286,-1.7536886,-1.2778904,2.006246
0.75502044,2.2553551,-0.23233546,1.2512262
-1.7873892,-1.4780062,-0.57023656,1.105651
-1.2703238,-1.829356,-1.0480154,-0.48478416
0.5409901,1.3269031,-0.005517106,0.87276876
1.8238438,-1.4665344,-1.1867931,0.09554609
0.18921441,1.3221198,-0.121265404,-1.8127898
-2.4189308,1.4355131,-0.7799515,0.15929623
0.29491365,-1.007117,1.572189,-0.63425326
1.5880443,-0.30669826,0.8282459,1.6910053
-1.6260248,-0.03770091,1.4204317,-1.7659788
-0.46853688,-2.695111,0.788154,1.1700286
1.1414571,0.006466413,-0.9743492,-0.63915974
0.93959516,2.0442448,-1.6035211,0.32649288
-0.34036633,-0.36689648,0.21304198,-2.1239457
-2.1358597,0.2390973,0.97187805,2.4932554
1.8460261,-0.99391687,-0.017147582,1.7149343
1.4240956,2.570105,-0.06377436,0.45293355
-0.6457458,1.0368514,0.33377168,0.22095586
0.9183293,2.0577645,-0.39907938,-1.9091917
1.4838427,0.20126781,0.38527218,-1.4928825
-1.5957633,0.512114,-2.214007,0.42399943
1.0623184,-0.6748525,-1.274572,-0.20047343
1.7188208,-0.8107707,0.173689,2.7385972
-0.67423546,-0.9330352,1.3106282,0.08697838
0.7851201,0.034610916,-0.22603844,-1.1739107
0.23713598,-0.024808709,-1.3149135,-0.8626805
0.75757766,-1.5225177,0.11317144,-0.47414663
0.30812117,-2.4709184,1.3825072,1.2733389
0.19784047,1.6683987,-0.8015431,-0.9050226
-1.4562917,-0.99921143,-0.260385,1.0066016
1.7121359,1.6091994,1.9835075,0.76255596
-0.3207757,1.112317,-1.9101534,1.5351416
-1.3754381,-0.6403872,-1.2987065,-1.4181606
-1.7324805,-0.92662764,1.0315707,0.6971188
-1.5691831,0.2643775,0.5393934,-1.9686728
-1.686112,2.1661718,-2.3266814,-1.7074614
0.5381059,-0.96911204,-2.7552438,0.26020712
-0.18448366,-0.1964136,0.46196422,1.4243759
1.7088029,-0.6191033,-0.03907006,-0.8810779
1.1974429,2.138315,-1.7317737,-0.30909353
0.96387273,-0.25405592,0.61990756,-0.29584295
-0.09305009,0.6874763,-1.7360555,0.26946685
0.1984296,2.051467,0.6444785,-1.3449954
2.780872,-1.8268148,-0.04841671,1.2830465
-0.5440565,-0.53516686,-0.027145132,-1.6274073
-2.1748035,-0.7039472,1.3819579,-0.041445058
1.5338376,-1.5224639,-1.703007,-1.500276
0.7991749,-0.7433932,0.348655,-0.3603608
0.0302521,-0.5652514,0.57600063,1.0508331
0.4218824,0.61970043,0.6207849,-0.6804133
-1.4934016,0.477647,-1.0508307,-1.3307325
0.4407693,2.7562125,0.064832546,0.8358331
-0.16092053,0.7503358,0.40672565,-1.7411101
0.55488545,1.8133415,0.5439567,-0.68703544
-0.68974954,1.2890198,0.59327465,-0.9811011
0.7634294,2.0095396,0.08941108,-0.40372437
1.0217727,1.2681293,0.4166698,0.2659712
1.3324399,-0.20156458,0.33233604,-1.694935
0.7136853,-1.6796422,0.7517076,-0.34098074
-0.21503477,-2.539854,-0.9543428,-0.9844744
1.8889209,-1.2505909,3.3600411,0.9664354
-2.1141596,0.22616936,-1.7180771,-0.4926172
-0.16842748,-0.7801739,1.2009609,-0.46189514
1.2580347,0.53652203,-0.34268764,1.8223804
-0.4014126,0.371713,-0.8649767,-0.82777244
1.5472423,0.73172754,-1.1905978,-0.20628078
-0.83411705,0.7257586,-1.9370195,0.2868809
-0.8270075,-1.3597116,-0.35205543,0.76108736
-1.1486205,-0.97166264,-0.7043559,1.8537623
0.923614,1.1501664,1.3413848,-1.4411279
0.10315827,-1.0412728,1.6708246,-0.70428294
0.6216143,0.6492226,-2.0690215,1.5289677
-0.5847409,-1.0045921,-0.1530139,-1.4282876
2.129815,-1.7266655,0.21683545,1.2889344
1.4534014,1.7754288,1.3913425,0.39757165
0.1035604,0.64365864,-2.4197927,-0.56682646
1.0057062,-1.5478153,2.2247603,1.0291995
1.582817,-0.33577967,-1.287198,-0.020606346
2.5906637,-0.80430484,-1.7089089,0.25693363
-0.4512311,-0.8574752,-0.6982625,-0.47286215
-0.017963441,1.1005166,0.18772444,1.5292073
-1.2408462,0.04538772,-1.4986224,0.46184817
-0.5856003,-1.0807997,-0.43414602,-0.3774881
-1.4898582,-0.8679045,1.5109583,-2.6936018
-0.5401991,-0.989777,0.2567872,0.4836027
0.5470303,-0.37071535,1.2999502,-0.6848271
-1.0924783,0.9076175,-0.6514573,-0.56270427
1.4104445,0.55139476,-0.747055,-0.717379
0.57138205,-1.7788106,-0.118040495,-1.5435246
-0.7851083,1.2937319,0.3224585,0.2918243
1.0409434,1.829358,1.0094409,1.2462146
-1.1554092,-0.6938692,0.68096864,-0.6278213
-1.903148,-0.54008454,2.0055652,0.37824297
-0.67826396,-0.42909965,-1.1401092,2.2866936
-1.0757889,-1.109738,1.1568277,0.14058007
-1.7305286,-1.6756631,0.15039884,1.4882346
-0.746848,-1.1502827,-1.6698593,0.71406853
-1.8041989,1.3667356,-1.5995711,-0.08145169
0.18718988,-0.8824213,1.4004209,1.4319154
-1.1514308,0.7771356,-0.005209188,-1.1421977
0.44539088,-1.7665414,-0.42298687,0.42627996
-0.83943915,0.8099646,-2.170771,-0.34269434
1.2454652,1.5806482,1.6356575,1.9739543
1.0807265,-0.92191327,-1.398727,-0.6477775
0.33335942,-0.9208287,-2.2246892,-0.8098645
1.338159,-0.13040172,-0.4278244,-0.7659062
-0.004477106,-1.1227922,-1.200644,1.6153356
-0.34764287,0.10542785,0.48094714,-0.53773594
-0.86579996,-0.4893731,-2.24778,1.782842
2.1614127,-1.1328238,1.1799757,1.1899658
-1.482822,-1.0773478,1.6660697,1.6971267
-0.90806437,1.5347421,-1.412154,1.386711
2.046185,-1.0029299,-0.7160131,-1.5014728
-0.98847383,0.6882598,1.5434268,-0.6386304
-0.41880602,0.05242264,-0.63091576,-1.0289824
1.0834244,0.48959488,-1.1256315,-1.9861845
1.6039058,-2.0302825,0.4039112,-0.6291993
1.3712165,-0.6817981,1.2719014,0.7944915
0.8388895,-0.67667973,-0.79453725,-0.009532426
1.7481269,1.7535661,0.5307293,0.09080462
-0.25524044,-0.15545705,-0.17225896,-0.8712789
-0.07880689,0.30126923,1.6634792,-0.49293673
-0.6198748,-1.3952271,-1.2099779,-0.55360943
1.4791046,-0.19948629,-0.65264785,0.08018231
1.1064394,-0.19912726,0.84635645,-0.5420432
-0.68705773,0.105981514,1.0989323,-1.4597381
-0.9738438,0.20989366,1.2726668,-0.1721741
-0.39066845,1.1709656,1.3964268,0.8709298
1.4340875,-1.6907002,0.025686322,-1.1628221
1.5372185,-0.13882954,-0.06763249,0.5146743
1.0022883,-1.4506823,-2.1002948,0.33169588
1.2433834,1.8188171,0.455067,0.83557296
-0.7926133,1.7381002,-1.1877979,0.03474
-1.3366504,1.3145697,-1.3865333,0.5577509
-1.6049936,0.54494745,0.34657714,-1.9162447
1.4065036,1.0607016,-1.2619219,0.2808721
2.2413912,0.33765793,0.054438002,-0.12792717
-0.24735971,-0.90242374,0.96805584,0.03412817
-0.14071035,-1.6616384,0.10193729,-1.2360228
1.313067,-1.479883,0.62058395,-2.1216552
0.6851145,0.26916745,0.5700804,-0.8897761
-0.1988293,1.2724695,-1.23195,0.11799299
0.8817871,1.0994155,-1.2433492,-1.262143
0.15831962,-1.8660474,-1.3801376,-0.002673785
-0.46455908,-1.7138784,0.1862509,0.01265515
0.69796467,-1.5606537,1.2293165,-0.38290697
0.3168476,-1.4359815,-1.5946211,2.757768
-1.0534558,0.8137483,1.9256222,-1.7323391
1.5930126,-0.19217148,0.84532154,-1.9329466
1.3467242,-1.7773263,0.35038295,1.906934
-0.7381423,-0.5822469,0.009520839,1.8611075
3.6128736,-0.10049759,-1.5179304,0.1859923
-2.0620773,-1.0967805,0.43675143,-0.39466664
0.20661423,0.09082148,1.6156676,-0.27331293
1.5965749,-0.24543226,-1.3325093,0.5612711
-0.21785685,0.8634831,0.6881483,0.6772859
-0.53031665,-0.544667,-1.2698913,1.3402827
-0.3107135,-1.9486792,-0.32273158,0.08325152
1.2571894,-1.0619124,0.9313967,-1.4235464
-0.022191843,0.30974564,2.073783,-0.10585468
-0.099310964,0.41656786,1.3752087,1.7728077
-2.171279,0.59644544,-0.71879125,0.79756206
-1.1209347,0.29025298,0.12891258,0.633462
0.24961482,-1.3978959,-1.1656537,-0.40389815
-0.55595565,-0.9579832,0.83378184,1.5406579
-0.3719808,0.46873027,0.4220761,-0.81880295
-0.08830768,-1.3325278,-0.38038877,1.2672881
0.8124781,0.569856,-0.50230867,-1.3615541
0.47248423,0.11344602,-0.37217692,1.5217055
-0.14902532,0.53039336,1.999665,1.191796
-1.9983057,0.55753356,-1.0596967,-0.93357646
-2.3741455,-0.47862855,-0.25732106,0.82384795
1.2685616,1.0754446,1.7321826,-0.2197225
-1.256257,1.8280925,-1.9365185,-0.55215985
-1.2045126,-1.7205464,1.6969734,-0.23012172
1.1324493,1.2406193,0.8600599,-0.9991137
-2.1633978,-1.0845826,-1.2096491,0.25335255
0.19953547,-0.30089882,0.5984296,1.6353573
1.7502358,1.8520654,0.58372927,1.6019676
-0.32111415,-0.14854755,-0.2634362,0.025543638
-0.88928723,0.065707415,-1.6103735,-1.4860724
0.45121762,1.21541,0.42836466,0.6733145
0.60092455,0.013677089,0.50759625,-0.48967865
0.5795256,0.6624405,-0.004463278,-0.69132125
-1.3492783,0.29031384,2.5875719,-0.022167413
-0.4696568,0.9806003,0.7170245,-1.5079677
-0.30281964,-0.6092617,-2.261641,-0.7122565
0.2120415,0.32626063,-0.3813399,1.4603679
0.82515985,0.03392821,-0.4269681,2.113002
-0.78272516,1.5941181,0.8746746,-0.6374215
-0.21979792,-2.1393776,0.02449857,1.6798875
-2.501313,-1.4126704,-1.3020905,0.9352971
-0.21729831,1.6676681,-0.6227448,-1.1803489
1.4716277,1.2961855,-1.4123586,-0.6089233
1.339737,1.5139235,1.6076795,0.5111148
0.021947498,-0.9090263,-1.26476,0.3690355
0.11066263,0.43587413,0.105451494,0.80073166
-0.91295636,-1.3274326,-1.4341745,0.77006775
-0.04794904,1.9262093,-0.40262857,0.09747035
-0.27025878,-0.24917655,-1.5572876,-0.74543303
-1.3493457,0.11018553,-1.0841593,1.0054684
-0.02773592,-1.1718138,0.17242196,-0.7748714
1.2377726,0.85082,-1.1322165,-0.4657038
-1.7106116,-0.32995135,-0.17416276,-1.5196528
0.22445703,-0.9888261,-0.75419,-0.3344929
-0.080948286,1.4523641,0.60059494,0.29178458
-0.9816909,-1.1448272,-0.4549517,-0.35609248
2.2542875,0.3093556,-1.0701973,-1.3184037
-0.09871825,0.85473084,-1.5685053,-1.1889306
-0.65586466,0.8267609,-2.4397566,0.7673677
-0.7622759,1.0852182,1.6533583,0.15655027
1.6822481,-0.7608021,0.99544466,-0.36960799
0.67690223,-1.4999652,0.69745415,-1.2330676
-1.4255342,1.1585529,-0.53364944,-0.5455937
1.0099083,-0.5899409,1.6814879,-0.12141139
1.9469129,-0.9660536,0.14898081,-0.6526086
2.0312448,0.29202995,0.011794589,-0.58608943
-1.7520752,-0.712875,0.45633984,-0.87886405
0.32554668,0.7552409,-1.1269202,-0.2103463
0.8811727,0.72733325,-0.6843157,0.66577303
-1.0491421,-0.93695784,-0.6306491,1.2866848
-0.70939165,-0.0012249108,-1.4554278,1.4377677
1.274135,-0.2290743,0.34303284,-1.732306
-0.011835401,0.41822556,-0.38205212,0.67607486
-1.2888216,-0.109627284,1.4895458,0.9136155
-1.7382866,-0.12835841,-0.2893668,0.9234705
-0.28435773,-1.1687236,1.1620471,-0.53254837
-0.89840925,-0.30831194,0.7578994,1.3268064
1.6596653,-2.5434759,0.49853823,0.44771227
-0.30716842,-1.2401395,0.5764972,-0.53098196
-0.60883456,1.7994165,-1.5552768,0.5888774
0.4434343,-1.4577469,0.21384977,-0.7635682
-1.3062267,-1.5489966,1.2124817,1.2086192
0.83873665,-1.4025435,-1.4379145,-1.760597
0.043606542,1.1465453,-1.2413815,1.3789662
-2.4209023,1.0426925,0.49705625,1.4548304
0.5734086,1.0810517,-0.30152205,-0.3986239
0.7357346,0.09146451,-2.2613351,-1.9366236
-0.38819247,0.36528358,-1.1139207,-0.9204118
-0.06519351,-0.2971321,-0.017192174,0.12594765
1.3489727,0.50686103,-0.5464983,-0.55753064
-1.1829057,0.16654186,1.3406433,-0.36816287
2.3435097,1.9573113,0.4589146,1.0156313
1.7346392,-0.0050239936,-1.3332449,0.7805002
-0.088875145,0.034086462,0.918852,1.08262
-0.13956213,0.045572016,2.2105262,-0.55636394
-1.3283547,-0.2989712,-0.16383515,0.67213744
0.22972462,1.3636814,-1.5514178,1.70275
0.89735484,-1.3949423,0.37249,2.5229867
0.7409123,0.090887606,-0.073353544,-0.30114514
-1.092699,-0.58384585,-0.054610584,1.0954492
0.6272346,0.718491,0.89181703,0.20791763
0.7663945,-0.91697615,-0.3450288,-0.20264797
-1.8757935,0.6175516,1.3565475,-1.1603655
-1.1747608,-2.54389,1.75125,-2.090875
1.0357685,0.017894698,0.008040068,-0.69506305
1.0580914,-0.9548934,1.2730849,-2.1160393
-0.7471368,-0.7688909,1.0527245,1.2888759
-1.0895038,-0.32245582,-0.71619445,-0.33101797
1.3359213,0.32671106,2.1873276,-1.6516291
0.30554545,0.3538625,1.8010812,-1.1506149
1.4205176,-0.98264104,-1.4192377,1.2379127
1.0410008,-1.3494538,-0.34722072,-0.8393388
0.75494725,1.3848768,0.26951334,-0.8044707
-0.3800395,-0.18137233,-0.6974823,0.9072484
1.3450884,1.1541995,-1.505316,0.5838821
2.1971884,1.9075642,-1.2961833,1.1056232
0.84144604,0.2999398,-0.7535494,-1.6599065
-0.97675437,0.21374781,-2.9146094,-1.7468079
0.09456944,1.4442512,0.6213574,-1.2262751
0.28561652,1.159552,-0.7266391,1.6081257
0.64684075,-0.7497852,0.26823762,0.3903654
0.96777457,-0.56651634,-1.2715995,0.09837066
1.1923648,1.2406688,0.8596566,0.3511279
-0.51891035,-0.40661743,1.1745412,-1.0915436
0.88989383,-1.0790998,1.4541827,-0.06892043
-0.32964957,0.5112384,-0.40473562,-1.6567312
-1.1661869,-1.2210802,-0.10104963,-0.21808077
-0.98037386,-1.0841337,-0.0024823775,1.4484854
0.28807533,1.6483636,0.8305106,1.7291543
-0.78651875,-0.5987311,-1.5070968,-1.0646269
0.45053986,-0.005867066,-1.5380412,0.42680532
-1.1566231,1.489465,1.2516813,-1.3480078
2.3886187,-0.010372338,1.6901785,0.18331945
-1.083627,-0.19869877,0.25874063,-0.38964686
-2.3307633,-0.6601562,-1.4013835,0.957334
0.32479697,-0.23312925,1.4603145,0.8572589
-0.20327885,1.881814,-1.4937267,1.336817
-1.3738458,0.85406435,0.11020556,-0.66377497
0.07091881,0.5377369,-0.336162,-1.0042894
-1.6519324,-0.31530204,0.4350872,-0.30957812
1.1626179,1.4058661,1.0325308,-0.9212315
-2.1125147,-1.7966437,1.4158212,0.65280265
-1.824773,-0.7011594,-1.4965904,-0.826347
1.5806847,0.81716025,1.3338997,-1.1167802
2.1451037,0.27706766,1.4542819,-0.4308961
-0.6451648,-1.0468965,0.6762727,0.23276044
0.32980815,1.5634701,-0.31209794,0.54669565
-0.052052774,-1.1386085,1.0474387,-0.013978768
-0.01880778,0.3485689,-1.2909621,0.3094069
-1.6463302,1.1000233,-2.153936,-1.3242263
0.066672236,0.022988107,-1.3200989,1.3409703
-0.1311634,-0.3580989,-2.0048773,-0.5504999
0.25946897,-0.35776934,1.5417135,0.59063816
-1.9077991,1.2005943,0.6497104,2.512281
-1.605516,0.9617544,0.6757982,0.29955512
-0.9278057,0.8845736,-0.7118838,0.85573876
0.6049851,0.81242263,-0.3337524,1.3563019
0.14478315,-0.044639196,0.31334046,-0.38066882
-2.0008564,0.04341807,-1.2078134,1.3473194
-0.83388096,-0.09185161,0.47256348,-0.62826496
0.651241,0.1678982,-0.42227083,-1.4480892
-1.0472411,-0.45459622,0.09555377,1.7312123
-2.1999228,0.14987351,0.2994955,0.8393135
-1.4447995,0.21648285,0.8470752,2.298561
-1.1361196,-0.67491144,-2.1064181,0.87445945
-1.0583558,-1.0973881,-0.5072348,-0.9549042
2.495446,-0.6096059,-0.2080697,0.72683865
0.3668156,0.5043278,1.1635987,-0.02239228
1.5421995,-0.046275403,1.2899003,0.5581607
0.8098639,1.8744955,-0.10396467,-0.54068756
-1.3718215,0.9071745,-1.2183763,-0.07621826
1.0526638,1.1575458,0.60670644,2.651274
-0.9516175,1.3190377,-2.0230746,-0.07098314
-1.0974709,0.3564961,-1.1086812,1.634068
-1.6552714,0.8739061,-0.04965081,0.5463381
-0.4665843,-0.084162675,0.100255854,1.4978697
-0.46141583,-0.5230007,0.28195995,0.47092327
1.4342185,-1.8003649,0.80004287,-0.7186372
-2.7709332,1.6923324,0.52143914,1.2804521
0.4540238,1.1998521,-1.2324321,2.8206189
-0.12283399,0.42605293,-0.5799399,0.7097022
-0.64135593,1.4082932,1.3989307,0.24019186
-0.010978003,1.3796481,1.1463683,-1.1977122
1.3780632,-1.646827,-0.22931916,-2.0668716
0.24498226,0.15409154,0.39581773,-0.16763131
-0.38367638,-1.1238847,0.39521027,-2.1098022
0.48054317,-0.10159628,-1.7000827,1.9698741
1.1444517,1.6080103,-1.3782502,0.94942874
0.1108388,-0.6713547,0.47997066,-0.656809
-1.5473272,-0.1734091,-0.08021378,-0.97152346
-1.5149158,0.7983073,1.3792322,-0.7978571
0.44610918,1.3073889,-1.4881157,1.6518297
-0.10892413,2.8243325,-2.4952562,0.8357051
-1.329836,-0.9117043,0.66958857,0.31805977
0.13857257,-1.1925544,0.020997059,-0.8410266
0.07423534,-0.41806483,-0.79299724,-0.30650604
0.24214284,1.6877,-1.0836947,-1.1027437
0.4967634,1.2404252,2.9473946,-0.9453591
1.7334539,2.7836137,1.7431222,1.526245
1.0739447,-1.0188103,1.0138984,-0.2506906
0.8684283,-1.0820173,0.8448453,0.32018667
0.023910975,-0.36739296,1.1139196,1.5109662
-0.015164808,-0.2621444,0.98661846,1.1344616
2.5993302,-1.1261637,-1.3699398,0.9647713
1.0255976,-1.3067629,1.853771,1.406486
-0.42790845,0.8437316,0.28278223,-1.5324811
-0.2956884,-0.532099,0.97640556,-0.6846358
0.6154444,-0.73535645,-0.75885504,-0.6792595
0.8643665,-0.5434755,-0.26694193,0.2569076
-0.78512883,0.33074203,-0.20484611,-0.7786819
1.1976666,-0.21969323,1.2529405,-0.4440538
-2.159969,-0.6917723,-0.47783205,-1.0081577
0.4798226,-1.21542,0.7898572,0.9023333
2.1031897,-0.504005,-0.8381399,0.6277087
-2.5331426,1.3864405,0.65211415,-1.4008299
1.3161776,0.016143452,-1.2849078,0.32894373
1.1179138,-0.30933884,-1.5570042,1.9145265
0.83245355,-1.3201311,1.9575442,-1.4429729
-1.1073961,-3.021842,0.9446936,1.4963416
-0.91033286,1.4111443,2.0241454,-0.6636717
-1.9215554,1.1712205,-0.8942386,-0.5097051
1.9682221,-0.7474754,1.1964782,0.11013898
0.22125079,-0.14674495,0.08735666,0.17227043
1.8518498,0.75226504,-0.0637035,-0.53539234
0.47930828,0.3358249,-0.59681225,0.6853305
0.55273163,-0.4929944,-0.96041566,-1.0775934
0.70305437,-2.9386954,0.6527007,-0.21848401
0.056411203,-1.5927495,-0.5477804,-0.7620823
2.0644407,1.3374473,1.192506,-0.42841116
1.0927517,1.2028586,0.48675355,0.4956899
1.3438498,1.1888287,0.29730016,-1.0641854
0.66681796,1.2212181,0.051653195,-1.5635805
-1.2543547,-0.9396218,0.9186365,-0.8578036
0.8457385,1.0823954,-0.11790592,0.4824526
0.61769736,0.6005743,-1.9333038,0.8937721
0.43135035,2.0324292,-1.6868606,2.4337225
0.402182,-0.03538285,0.90892416,-0.96958786
0.9706785,1.4776729,-1.4260192,0.07706431
-1.0004354,-0.93701255,-1.5752562,-0.12809148
-1.115167,-2.5482662,-0.8195669,-1.7182144
-0.5127157,-0.95764375,0.3558814,0.59111613
-0.7039963,0.054598313,2.1459253,-0.3814074
-0.37793213,0.6360851,-0.91530377,0.8143454
1.540442,1.7229452,0.674909,-0.5410763
0.8565093,0.8575297,0.44564098,-0.43720928
-1.8827454,-1.1699405,1.3022196,1.2207996
-0.79419655,0.59643966,-1.1605307,-0.9811031
1.3243661,-0.97204787,1.2964725,-1.4607931
1.9310849,1.6157972,1.1238691,-0.41697934
0.3753949,-0.7916915,0.6233926,-2.27478
-0.5673229,1.1067449,-0.5374042,-0.9464091
-1.0439972,-1.3951828,-0.57120955,0.3770765
0.41048932,0.7447274,1.0715522,0.6461438
0.67966443,-1.183609,-0.30772293,-2.422059
-0.34345043,-0.96791565,0.3451289,-0.384278
0.68047184,-0.2595107,1.0812777,0.79027843
-0.39467123,-0.44492158,0.66970307,1.239853
0.990033,1.6897658,-2.0642002,-0.68944746
1.3359141,0.4140902,-0.77800214,1.2936182
-0.12132054,0.15143616,-1.736728,-0.72022605
-1.3052793,-0.008020924,-0.68912303,-0.0073117893
0.21425548,-0.5515179,1.3936557,-0.9678091
1.2236716,0.832203,-0.067283325,-0.31064785
-1.3137482,-1.4352169,-0.528334,1.2361648
1.4578935,-0.7262807,1.2321777,1.2904654
0.56234926,-0.05727997,0.38925084,0.16718023
-0.6830172,0.7440545,0.14498848,-1.2003514
1.2927998,-2.4582138,-0.5574663,0.63864344
-2.085466,-0.23333243,0.38019943,0.41171983
-1.1110811,-0.83751434,0.80057263,1.1426637
0.4989893,-0.15648878,-0.32431495,-0.9839734
-0.71182203,0.44004893,0.4708942,1.0727905
-1.651313,0.83977795,2.4074914,1.2884194
-1.1318886,-0.354911,0.5619268,-0.5720795
-1.0449076,-0.730181,-0.6230343,-0.7376209
-0.6690546,1.0032077,-1.2056758,1.5063579
0.8801534,-0.4509411,2.1730094,-0.11771853
-1.971152,-0.32477963,1.4532168,-1.2424923
-0.13332886,-0.0636918,0.6355233,1.7684371
1.3486389,-0.10393779,-0.31702644,1.2974459
1.6731688,-0.7646921,-0.42839235,0.42929938
1.8958731,0.25180483,1.8501894,1.2812014
-0.32134014,0.62380856,1.5713437,0.51492256
0.60724425,-1.0490705,1.1877542,-0.7248961
0.73090917,0.8721726,-1.2324481,2.2423124
0.21385214,1.2985934,-2.0060947,0.6824191
-0.5045512,0.5246065,-0.10311342,0.71365786
-0.29992318,-0.7089907,0.8485856,-1.3005856
1.4729315,-0.36928946,0.67555654,-1.0302808
2.8151343,-0.24482726,-1.6136123,-0.36083564
-1.0913216,0.20760661,-0.33539042,-1.3725953
1.5975549,-1.1449921,0.4349791,-1.2099882
0.40772197,0.9244037,-0.9592379,-0.27524048
0.72177047,1.7438313,-0.6713304,0.5043297
1.2386763,0.81901234,1.08963,0.33444214
-1.408543,1.5575691,0.19223338,-0.6560711
-1.0594237,0.8968585,0.7297089,0.49079117
-1.0014417,-0.03614644,1.0329485,-1.6104888
0.8013517,-0.6287654,-0.5918912,1.3137028
1.4457401,0.5730415,-1.0619683,1.1026189
0.19706622,1.0213772,-0.44924176,-1.3421872
-0.8694489,-0.9171888,-0.782268,-0.18705295
-1.0650636,0.8772662,2.3733008,0.48811188
0.90886366,2.1925924,-0.81981426,0.81043667
0.85188013,-0.104848534,-0.1760545,0.47333813
-1.164661,-0.22447503,-0.2794118,1.5930883
-0.0832243,-1.0564913,-1.1866466,-0.88128245
0.0029578898,-2.1989872,-0.23854348,1.0057232
-1.2691171,0.25862324,0.56396985,1.2185514
1.8702112,0.06343535,-1.7511,0.5734018
-0.7304021,-0.26429468,0.046429608,0.916937
2.3871155,0.448903,0.8185861,0.14650558
-0.7365362,-1.5535053,-0.48707032,0.48575294
1.8499404,-0.6988986,-1.3562988,0.9813716
0.03460946,0.3077178,1.2517318,-1.1246539
-0.5181738,1.1465827,-1.0736926,-0.6999137
2.1903422,-0.88479716,-1.7435025,1.1823386
0.9377948,0.78085846,-0.8797583,0.61979717
1.1676663,-0.782865,-0.17073135,0.9700284
0.2538321,0.0013315146,0.14114715,1.1446928
-0.8651703,0.0672644,-1.2419314,0.47221315
0.52708805,-0.52866405,-0.39849487,0.35109174
-1.2069848,1.860788,1.1854233,0.747975
-0.92134887,-0.29581773,-0.67221636,-1.5968118
2.1300256,-0.025062764,0.58743715,0.21258605
1.2219065,-1.1569983,1.2903497,0.7290017
0.71013325,0.05276062,0.66273534,-0.3203795
-0.6642302,-0.8282538,-0.5196219,-2.124678
-0.025951533,-1.7530404,-0.15555938,0.77714884
0.28461695,-0.75526494,-0.5423234,-0.66902614
0.49915966,-0.74240685,-0.53659123,-0.68391114
1.6304277,-0.16129187,-0.254712,-0.5419376
0.49854052,0.16255213,-1.1401476,-0.30944785
0.41863734,0.8673877,-0.6774829,1.7802368
-1.624551,-2.0113578,-0.103765376,-0.13643956
0.29630122,-0.9103992,-0.16986932,-1.7812307
-0.70575976,-0.16126613,-0.017535038,-1.5237575
0.8279199,0.88674706,0.07000732,0.10185251
-0.54349464,0.4148514,-0.6985692,0.28715387
-0.3522208,-0.13691607,0.8847518,0.0070588607
-1.2908124,2.2856688,-1.1027538,0.32762846
-1.9044031,0.44911733,0.21927157,1.4274663
0.052439388,0.6036708,-2.1895905,0.61497843
0.39987105,0.048095193,0.2518474,1.7905973
-0.3743879,-0.44082683,1.1459106,-0.07856775
1.2518047,-1.0834788,0.14158957,1.0136837
0.1477517,1.2763289,0.02743828,1.1217766
1.089477,1.500875,-0.35746345,0.7809826
-0.3116016,0.31634155,1.187848,-0.9727704
0.66835934,1.3051665,-0.59027374,-1.2422152
1.4643352,0.36836916,-0.37800664,0.7437702
-0.95532745,-1.5407699,1.1894877,-0.056209993
-0.39277944,2.2813745,-0.5965839,-1.2470021
1.2533141,-0.8036909,-0.2931575,-0.084722124
-1.4508454,-0.29208273,0.5419619,-0.16707467
-2.4546502,-2.558403,0.18410867,1.4505801
0.27450296,1.6341753,0.89575094,0.050714303
1.0137626,-0.7177055,1.322673,-1.3858769
1.275317,0.11512734,-0.7815184,-2.045366
0.19642235,1.1196806,-0.045378,1.212114
2.8819437,1.4517951,-0.22458555,0.8587921
0.3127653,1.6498406,0.23790643,1.6104981
-1.3563434,-1.6043154,-2.2452774,-0.39852327
-1.4121644,-1.1161795,-0.12413969,-0.28834462
-0.7740078,1.8110956,0.9287525,-0.60707086
2.6648393,1.6114575,0.45843333,-1.9100261
-1.2640302,-0.050561354,0.13228056,-0.71086776
0.7743744,0.73816526,0.814731,1.1959754
0.84888166,-1.4537075,0.6730017,-1.1515172
1.0056009,1.2441937,-0.09017418,-0.975639
-0.8591573,2.1929607,-0.26295966,1.7211415
-1.3202329,-1.4558551,-0.50352895,0.09701354
-0.66632575,-1.2880845,-2.1010194,-0.7403281
-0.983979,-1.8835241,1.6950185,-0.0018286497
-1.6389616,-1.0336646,0.12955229,-1.9314885
-1.4913827,0.8514807,1.1538371,0.55024487
-0.41381973,0.33677432,-1.8956641,1.2044773
1.9171418,-0.42818204,0.18921582,0.313811
1.6459863,-1.7060568,-1.1162748,-1.2476811
-0.062269118,1.199975,0.3624014,0.300551
0.8947386,1.2984399,0.90713024,1.5960556
0.9985292,0.28390443,-1.1308727,-1.0087101
-1.3581097,-0.5265509,-0.59250355,-1.6120533
1.2348773,-0.24404453,1.253906,1.2416668
1.6397573,-0.09807087,-0.3787487,0.914644
-1.36605,0.22388785,0.38279027,-1.1423988
2.1804621,-0.15297385,-1.6557165,0.8238617
0.71486163,0.8087133,-0.16543773,0.59809846
1.8953358,-0.035908867,-2.1037304,-1.5335402
0.64583784,0.7966101,0.058046393,0.9129887
0.01865628,1.2566153,0.8332282,-0.5309101
0.9853284,-1.6232029,1.5261488,0.39510465
-1.7307076,-0.56151694,-0.67720175,-1.1164597
0.4459077,0.6996622,-2.6393552,-1.0806859
-1.9622303,1.2834136,-2.1689284,0.5191303
0.8331395,-0.7246572,-0.077101916,0.06392792
-0.9742922,-1.2202289,-0.15446126,-0.31597567
1.2974489,0.848804,0.25266233,0.32989562
0.119283095,1.0079924,-0.1130336,1.1111462
2.0162375,0.38196278,-0.8781254,-1.2946417
0.34065375,-0.15414216,0.28000483,-0.5782208
-0.24913636,1.0915285,-0.49437007,0.2160727
1.3274502,-1.9896493,-1.4803202,-0.8587563
-1.1330554,-1.4501904,0.123758905,-0.06473093
-0.48370534,0.6554184,0.75666595,0.94646764
-0.25064158,-0.8257722,0.04551742,-0.7156636
-0.5826828,-2.223437,-2.0443506,0.5875833
1.3730655,0.25031656,0.29308096,1.3624575
-1.9788823,-2.1449137,0.046449207,-0.55108917
0.5830421,0.5665619,-1.5184715,-0.08462537
0.75924176,0.73365635,-0.23643662,0.15763085
1.5000443,1.9435608,0.036385566,1.5443822
-0.17031755,1.5849111,-0.2940169,0.5764033
0.013081928,0.7229049,0.2639619,0.28817353
0.36260855,-0.32438377,0.89614177,-0.8759499
1.2043965,-1.7948947,1.0867743,0.8569733
1.9944023,0.342995,0.3450151,-0.8466431
-0.6431804,-0.28554714,-0.3484631,0.9623299
0.44219047,-0.22949181,0.18345563,1.5555342
2.8923085,0.6942111,-1.6379282,-0.9215237
2.0815828,0.16534118,-0.41230842,-0.48522168
1.3316753,0.35123205,0.2410256,-1.3024573
-1.9546058,0.19802186,-0.5563135,0.864927
-0.51535594,-0.07139967,-1.2901472,-0.86643517
0.8983256,1.2900275,-1.6095662,0.9963413
0.59691215,-2.1896799,0.87091005,-0.06835897
-0.42224926,-0.8420914,1.0120584,0.03831167
-2.476443,1.2956228,0.20162517,-1.5403485
-1.3434969,0.394407,0.90258366,-0.9890501
-0.742028,-0.3027794,0.7242847,0.3021963
-1.4120343,-0.9216428,0.56044054,0.6126408
-0.30321443,0.34906974,-0.54809266,-1.07728
1.7933689,0.40537947,0.43007693,-0.9372475
-0.15349643,-0.9799679,-0.1524593,1.3874989
-0.6860212,-0.43606925,-0.8453765,-1.2116474
0.92786014,0.73208445,-0.94706625,0.50147116
1.9682496,-1.1457893,-0.69991297,-1.2075742
1.2860901,0.41469416,0.68936765,0.199619
-1.6555171,1.1193721,0.22542585,0.3457213
0.96447635,-1.3006186,-1.442896,-1.074677
0.9176025,1.2437537,1.8035657,2.3013165
-0.9985167,0.5197718,-0.32669583,1.1936959
0.5568155,1.6507946,-0.37998554,-1.8871635
-0.896708,0.19202884,-0.07092152,-1.8950021
-0.64001256,-1.646247,0.7824131,-1.8078837
1.1138461,0.64501274,0.2696007,1.6189836
-0.11503984,-0.991154,-1.2965761,-0.6615439
1.0780346,-0.4512025,0.4763459,-0.7358197
1.2144976,0.7938225,2.3377242,0.89968306
0.6872042,-1.1638591,0.6346688,-1.6138349
0.014227367,-0.77156985,-0.865128,-1.0137962
1.2978146,0.7469587,0.35612953,1.2008096
0.39023948,0.071575366,-2.1686382,0.643047
0.21671514,0.4377552,-1.2534182,0.057330463
-2.9263039,1.940385,-0.7172944,2.0431828
-2.0398796,0.48901826,0.50618714,-0.04478452
0.43329114,-0.62432605,0.76597935,0.065822005
1.3619721,-1.0569493,-1.2425702,0.29522425
-2.455387,0.33333787,1.5216819,-0.6680322
0.51176757,-0.3128563,0.39143953,1.8450538
1.0067208,0.22449288,1.3813268,-0.7828365
0.07693089,0.889198,-1.2541122,0.38052043
-0.79471827,0.16243881,1.250783,2.4373333
2.0460322,1.1433192,2.1120338,0.83752644
1.4223512,0.07550183,0.5141036,-0.13999926
0.80158734,1.6831394,1.8950753,-1.671659
0.89231384,1.944897,1.9178308,0.56323427
0.17981978,-2.9945705,0.6097866,0.03734142
0.015295738,1.312998,-0.6126517,0.4939151
1.8587617,1.0519763,0.5321117,-0.6506916
-0.40350088,-1.7760364,-0.99825627,1.648738
-1.4192365,-0.504922,1.6982073,-1.7556978
0.049534004,0.24208947,1.1593814,0.88365257
2.0355666,0.09983998,1.4752171,1.704775
0.58615166,0.3094411,0.7532802,-0.28665233
0.650047,-1.7511764,0.44713798,-0.28585634
0.24426736,0.8580947,-0.51435745,0.6372514
-1.1948084,-0.45134035,1.0544361,0.04299923
-0.28218523,-0.50325716,-0.18405719,1.6833668
1.5299698,1.2869357,0.5919625,-0.21061862
-0.92781425,-0.53195703,-0.974545,0.47631836
-0.7471677,-0.41721416,1.1087058,-0.8170279
-0.23205948,0.4899247,-0.2897839,-1.4591616
-0.008272277,-0.988624,1.7339177,-0.16583078
1.9293373,-1.9455462,-1.0487615,-0.17064685
-0.870081,-0.19316742,-1.6655406,0.44795406
0.21978687,0.5034235,-0.18909939,-1.0299113
1.1181089,0.91358703,-0.2293882,1.6516339
-0.72082746,-0.017432211,-0.17270982,2.2372034
-0.56298494,1.5268732,1.2554682,-0.6377824
0.9581684,1.4066619,-0.73962253,0.47242412
-2.0755084,0.3661164,-0.521538,-1.0812634
-0.18982741,-0.67774457,-0.56999236,-1.5067815
1.7786957,-0.36289448,1.845813,-0.5764979
0.43344483,-2.4847026,2.0306482,1.6542879
0.85282546,0.3915069,0.8466096,-0.22224559
-0.6054808,1.0359194,1.0204122,-0.7851692
0.8995725,0.73791546,0.55175287,2.0194829
1.188665,-1.4427297,-1.2593743,1.6461825
-1.3205487,-0.13544054,-0.07583655,-1.8041309
-0.8705125,1.5916464,-0.8391721,0.7189117
-0.93901306,1.6882249,0.6373308,0.58919793
-1.5071683,2.0243604,-0.5694381,0.37157807
-1.1635287,-1.1536149,-1.4994895,-0.47179827
-0.5647104,-0.023465903,0.7839803,-0.36685267
-1.0344329,-0.8979388,0.27433148,-0.20716058
0.0014533391,0.76779765,0.8897195,-0.49427918
-0.7408419,-0.4139996,0.42891216,0.33647624
2.985756,-0.6115688,0.23378094,1.0712855
-0.25992212,2.105411,1.2121032,-0.5657067
-0.8990601,1.6666038,-1.4783373,-0.15029716
-1.4751017,-1.3561491,0.96287173,0.83428836
-1.4563174,0.7132532,1.3284757,1.7989308
0.10739083,-1.7836556,2.6074924,1.0997467
-0.38245526,-0.6942212,1.1742996,1.8889372
-0.62942004,-1.8316638,-0.9665055,-0.65026486
1.3754694,1.656619,1.4513601,1.3148541
-0.6825317,0.67884463,-1.2490337,1.6195134
1.9299595,2.5774024,0.02928498,-1.8755512
2.2177656,-0.04152504,1.0270466,0.73105484
1.5961945,0.30335194,-0.79827297,1.0276599
-1.9523156,0.73207533,-1.9442624,1.7563937
0.22667445,2.2588367,0.6053219,-0.0801375
0.17942412,1.1398711,-0.2055958,1.794052
0.20873016,-0.15767734,0.3661566,0.66587925
0.50585085,-1.459331,1.3766795,-1.0004808
-2.1397088,0.43026876,-0.9943754,-0.7229149
0.83939433,2.3073556,-0.8119734,0.65415263
-0.4577706,1.7192874,0.051984042,0.7480711
-1.2775993,1.9694412,-0.78653944,1.3320476
0.19761303,-0.457891,1.5589018,-2.5036335
-0.29471716,-1.5223023,0.11989459,0.867444
-1.5079206,0.65474886,-1.3023711,-0.22315244
0.024373678,-0.58030605,0.4192492,-0.3338817
0.9348223,0.075193554,-0.5543796,-0.39391792
0.5221654,0.67509407,0.05262668,-1.0285302
-1.5270584,-0.8199996,-1.4545169,-0.44982016
0.10115495,2.3523755,-0.9906358,-0.38856938
0.20825224,1.4076246,0.093988754,-0.5128413
2.1312938,-1.2001064,0.8644264,-0.14185987
0.90435284,0.9633938,1.6204293,0.09119162
0.7823326,-0.91842073,-0.24596258,0.5055492
-0.404787,-0.8613369,-0.9846594,-0.7426385
0.5598369,-0.24491543,-1.4465017,-1.3463243
-1.436074,-0.84585404,-1.6501344,1.5099231
0.76277137,-0.2701052,-1.842284,-0.25158274
0.0765353,0.8861802,-0.56955653,-0.90939415
1.7375557,-0.42485917,0.021183077,-1.1576736
1.5237415,-0.9743685,-0.15430708,1.4221332
1.1069788,0.07047666,0.8468933,-0.6325174
0.2324544,0.45205098,-1.8019193,1.2463384
0.38931018,-1.0247341,1.0073545,-1.1836001
1.4182051,-0.82169855,0.39392364,-0.935266
2.522967,1.491605,0.1363822,-0.012435051
0.701036,-1.1181971,0.32669497,-0.89113224
1.0621134,0.14970328,-0.7837371,-0.33743665
1.5366852,0.46538872,1.2142218,0.24952154
-0.3080517,1.0241066,-0.8615306,0.65987533
-1.8332577,1.1069958,1.1132432,0.46320435
0.48794058,1.7589934,0.3423338,1.0794473
-1.3240161,0.90270907,0.18509057,1.4970369
0.43770894,0.2944516,0.8749087,1.5131942
0.2580184,0.30211014,0.28167012,0.2830359
0.43759605,-2.2336266,0.61934215,0.5620516
0.74312663,0.45507273,1.079546,-0.30466157
2.3352296,1.9134754,0.9035139,1.2306798
1.2094561,-0.5006166,-1.3636265,1.656328
-1.2898393,0.71300966,0.1823745,-0.51448363
1.2377048,-1.0743449,0.79309666,1.2587622
-2.2995713,0.16238299,1.3030243,0.29355532
1.2956333,-0.017271644,0.11932452,-1.1133002
-0.11719423,-1.3947338,-0.7868794,-0.45832145
-0.59487456,-0.49521074,-0.4084776,-0.05984084
-1.6800058,-1.4807477,-0.62792283,0.15846215
0.6370208,1.1302278,-1.1667104,0.72523093
0.25677246,0.8920138,0.15929879,-1.3882915
-1.6068007,0.20742847,0.9217545,1.5313481
-1.6945231,-0.7058506,1.0203526,0.015751222
-0.90597534,0.20879085,1.46702,-0.22154295
-0.950665,-0.9075994,-0.33042043,0.66926783
0.42208323,-1.4032189,-1.0459441,-1.1344825
1.8697022,-1.3752946,1.4311497,1.4944707
1.7977873,2.0069137,1.3953533,0.8728817
-0.2887789,1.2762913,0.3010402,-0.8093236
1.8184355,0.6164214,-0.3448649,1.2438381
-0.41654742,-0.18232927,0.6593572,-0.816751
0.3349688,-1.1121027,-0.08420812,-0.8189674
1.7307549,-0.4694271,1.1719381,1.5178148
-0.04115629,1.3968235,0.2745385,0.8551237
-1.7449867,1.3867533,-0.59024143,1.2745572
-0.17568605,0.6523895,-1.8912997,-1.1435885
-0.99654526,0.7367961,-0.7492714,1.9681551
-1.0672231,-0.22705913,0.7233148,-1.4622681
1.4107511,1.3700676,-0.48470873,-0.29446387
0.034013674,-1.8951004,1.056241,-0.061380923
1.0144804,1.430758,0.50009847,-0.3868891
-0.2955149,0.147968,1.8128425,0.54155236
-0.305834,-0.72412694,-1.4955138,-1.7970272
-1.0257324,0.120122835,-0.5486541,0.14739957
0.38808537,-1.7356584,-0.416799,-0.04545371
0.52291334,0.95199007,0.50063014,0.86716413
-0.5313838,-0.5181397,0.6428333,-0.21002422
1.0647525,1.14179,-0.46904528,1.1250434
-0.61105734,-2.027679,1.6006691,0.83840173
0.7790447,0.059463263,1.4227561,-2.759655
0.68148375,-0.026499018,1.008714,-0.35114187
-0.33312896,-1.5318817,-2.0565555,1.1700685
-1.3430465,-0.30288482,-0.4588998,0.4522217
-0.7694876,-0.7310524,1.0992765,-1.4191103
1.4215401,-2.2838602,-0.21108462,0.4179259
-0.6559936,-0.88929397,1.2191964,0.044141293
2.5224729,-1.356715,-0.16802838,-1.5179348
-0.5181058,-1.0560315,-0.11137519,-1.1490452
-1.1182392,-0.68725485,0.06060921,2.0571744
-0.5867101,-1.161209,-1.6601481,0.96024406
-0.03750885,-0.21117117,0.93508,-0.33773154
1.1690842,-1.5922558,-1.3224907,0.9756724
-0.79896957,0.5174828,-0.66806716,0.8567256
-0.35750592,0.97048527,-0.6955417,0.72699237
-0.4591399,0.41358045,-0.44937822,-0.04427673
-0.40760794,1.8696167,0.44879314,-1.7389083
0.18014684,-0.53346276,-1.2652444,0.1840746
-0.19982903,0.8400667,0.94854534,0.3265252
0.27623922,0.42600018,-0.30523166,0.7980333
-1.8290281,-1.7942567,-1.642706,0.025610922
2.1228828,0.7681416,1.360506,-0.17216852
-2.5564592,0.4978965,-0.22636946,1.3160218
0.20640944,0.51043886,1.8124748,-1.7741584
1.5709345,0.9699985,0.5004412,-2.009742
-1.9414791,-0.14768286,2.0193834,1.6875973
-0.18738584,-0.047382172,0.3449189,0.78452104
0.5917164,1.8578528,-0.7786783,0.8063333
-0.32945064,-0.31304744,-0.43042824,-1.3834277
0.5949275,1.8287525,-0.9381122,1.5158579
1.0362228,1.1470925,-0.562749,-0.26430747
-0.6409329,1.1813598,-0.34807226,1.8123652
0.405477,-0.29450974,-1.1203424,0.50959104
-0.78177166,0.67239547,0.8136965,-1.3746108
0.8001729,-0.41601807,0.6101287,-1.509406
-0.92092407,-1.6947888,1.833851,-0.19636524
1.1803768,1.0037142,0.33030397,2.1573393
1.9669002,-0.66634667,0.81121534,0.9069529
0.53893757,-0.5263318,1.1493716,-1.9144001
-0.03743601,-0.6171746,0.16455613,-1.5142418
0.24791573,-0.12672478,0.1280766,0.09090717
-1.8061842,1.3485991,1.7329017,-1.0752163
0.07310225,-0.12289995,0.8753329,1.1291056
1.359595,-0.609441,-1.4352677,2.2924054
-0.6861269,-0.17872277,-1.1102995,1.0271397
-0.123002045,1.4777372,0.055842075,0.04868376
-1.1888078,1.7938902,-1.5190518,-0.5337195
-1.5185345,1.1986957,0.49936813,1.805116
1.2324747,0.47212312,0.957157,-0.7548699
-0.25187922,-0.72853756,1.8955239,-0.09435836
0.09844416,-2.6258178,-0.22945857,0.40024278
-0.49816754,1.1578181,0.4230882,-0.63115275
1.238279,0.9731069,-0.054807257,-0.49714234
-1.9669666,0.117808335,-0.8761801,0.95720035
-0.60818076,-0.015826866,-0.37100068,-1.1012199
1.4930375,0.94984776,-1.4035351,-1.1501843
1.3772618,2.1763086,0.009061105,0.07179757
1.9765432,-0.623613,1.3917288,-1.4405442
0.36780217,0.71392447,1.1343224,0.35204938
0.65684825,1.4304141,-0.31871277,-0.9132891
0.10480816,0.56113374,-0.46164286,2.2250502
0.8563717,1.4606686,-0.97988576,-0.99181753
-1.1721169,0.22406642,0.5479393,0.8922571
-0.40194228,-0.9014486,0.4184591,-1.461551
1.4526983,-0.013002752,0.78627884,-1.0069088
0.42341602,0.7447633,-1.6720717,-1.1997733
0.26316336,2.409611,-0.5149106,0.18074119
1.336572,-0.96069545,-1.8996383,0.21308546
0.8088725,-0.42996925,-0.29321116,0.77199656
-2.250413,-0.7313855,0.20376517,0.79764825
-0.7849588,-0.60245645,0.048274454,-0.47498563
0.6042241,1.2949321,1.0335925,2.6965148
-0.84583896,-0.47285274,-0.75072336,0.79692274
-0.49910554,-0.8981989,1.8658606,1.802168
2.0759466,0.018079069,1.4177467,0.08924291
0.26367784,-1.2991853,1.8172239,1.3312062
0.5334668,-0.21663198,0.5409122,0.13626383
-1.1225058,-0.40508422,0.7410924,0.6204268
-0.25366387,-0.9611772,-0.41039485,0.72040236
0.65111625,-1.2255538,-0.54726905,0.20912214
-1.625198,-0.6055342,-0.13286838,0.26380637
-0.64610964,-1.1365236,0.083675794,0.5344515
-1.8777874,0.5264921,-0.6681146,1.947061
1.1254735,-1.0284793,-0.008348501,-0.3661462
-0.016314125,-0.58039224,1.2209466,-1.5703381
1.2218242,-0.6864717,-0.20296611,2.483069
1.0790788,-1.2851741,-0.36064905,0.60643995
-0.64317316,-1.7471174,1.1384628,0.69715434
1.2178212,-1.0479649,0.29094204,-2.557649
0.55459803,0.239284,1.9127641,-1.0085018
-0.5151251,-1.4462166,-1.1123884,0.1755995
-0.8555283,0.06377351,-0.0981841,-1.6514356
1.477571,-1.6333575,1.0185523,1.6200466
1.6863562,-0.8304128,0.4568104,-1.4401847
1.0085803,0.7250118,1.0189673,-0.28998563
0.77346194,0.03461899,0.20586136,-0.61395246
-0.67067146,0.06771237,-1.7261337,-1.8007895
1.0562618,1.9011438,1.1553413,-0.47797874
-0.2730097,1.5162817,-0.42696783,-0.02735035
0.267851,-0.36857846,-0.67705816,-1.5959316
-0.44829005,1.2314798,1.9502735,-1.1274086
-0.37947252,1.7606381,-1.7243421,-0.7895091
0.7238034,0.88541496,0.84740514,-1.4584624
0.27989608,-0.39763346,1.9601724,-0.50880533
0.8273829,-0.37193966,-1.5899854,-1.0148257
-0.64354247,-1.9645095,0.07980384,0.564161
-0.8093089,1.6921757,-1.2507732,0.20123777
1.4678185,-0.30788535,-0.34197983,1.078537
0.33739308,0.43477336,1.837486,0.56209123
-1.114642,-1.7371969,0.3116838,-0.5340011
-1.8228508,-0.71473193,-1.1543196,-0.51540375
-0.34116742,-0.16790456,-0.015955716,-1.5896899
-0.37116534,1.3320554,1.3610781,-1.2829134
-1.2619792,-0.57996714,1.8255103,-0.89777184
0.13989991,0.7749916,0.7001898,-0.35038844
0.9610906,1.4107748,1.508504,0.76110977
-0.1300995,-0.785145,1.0463266,1.8295091
0.73067707,0.19757712,-1.1967717,2.0944674
-1.4854175,0.4335558,-0.19271055,0.02468615
0.1932675,-0.4016404,-1.6557925,0.14735034
-1.973206,1.8039881,-0.8211946,1.1153057
2.1726818,-0.39529026,-1.1561172,-0.7894077
0.7940581,0.85839075,-0.9248504,0.9202967
-0.44751185,-1.5961386,1.2160082,0.7080309
1.107486,-0.49178296,-1.296442,-1.3775613
0.1342236,0.22478211,-0.29595715,-0.72398275
-0.5664894,-0.44775668,-2.2007263,-1.2108293
0.7485622,-0.4275693,2.5281749,0.68262094
0.44689333,1.7286646,-1.0668656,0.6106685
0.51767135,0.40167215,1.1672237,0.30698135
-0.63025486,-1.4801209,0.72700256,0.08185983
2.214067,-1.1444863,0.22377953,-1.5574833
1.3438337,1.3091505,-0.36091298,1.407198
-1.2035838,-1.0277588,-0.22807145,1.5075971
1.2388752,-0.969344,0.8156264,-2.2188842
1.0730178,0.57636356,2.2792604,0.9854051
1.7707154,1.3924134,-1.0241725,-1.2691112
0.21760555,-2.8572986,0.30026,-1.5172625
0.07086861,-1.4487284,-1.0387176,0.48663825
1.0654116,-0.13059856,-1.0700489,-0.2357425
-0.5138188,-1.9143621,0.08244018,0.2955527
0.48993236,0.8695838,-0.5153,0.7108979
-0.30483598,0.431097,1.7416805,-0.2960064
-0.78825,0.8307126,-0.31865603,1.9181132
1.3675977,-1.3210163,-0.08116985,-0.42527878
0.018889505,1.8064963,0.38342458,-0.9581222
-1.077958,0.24266393,-0.4954363,1.125223
2.2611346,-1.4470879,-1.1051419,0.533628
1.8651595,0.54594857,1.5999602,-0.05964755
0.87986237,-0.91070926,1.3675696,-1.5869397
-0.30775133,0.20617057,2.089379,-0.9669568
0.13920265,1.4997495,-0.34400493,0.90419215
1.3229133,-0.23004405,0.69208264,0.021550052
0.037045054,1.4614111,0.7285438,0.2898071
0.89603907,1.5490508,-1.8847148,0.088296674
-1.1266154,-0.2533842,1.1675055,0.05554713
-0.2242663,1.1197953,-0.27887446,-1.4848162
1.0791193,1.5021363,-1.0992582,-1.653941
-2.4531684,-0.38806993,0.12105047,-0.58005416
0.7189329,1.3665318,0.9599349,0.9715947
-2.4957745,-0.5008435,1.3559462,-0.94777244
-0.34807792,0.650347,-0.78083384,0.7470785
-0.83447665,-1.7615591,-1.4313583,-0.3463828
0.11195524,-0.7674951,-1.139945,0.022904886
-1.3112841,-0.46899968,-2.2177901,0.18776095
-0.600748,0.07919961,-1.0313928,-0.8281472
-0.92375666,1.351225,-2.705642,-1.3612459
1.007144,-0.8248898,0.91521966,-0.9559655
0.77353,0.22306232,0.10076065,1.2058961
1.1230663,1.2716465,0.7529107,0.84939283
-2.6175354,1.748888,0.7779961,-0.9251986
-1.3678073,1.4232149,-0.6360475,-0.9720964
1.3966174,-0.36293122,-2.0610175,-0.44202507
2.5063527,-1.6004186,-1.0696295,-0.95967054
0.8011088,-0.73147297,-0.8101487,-0.258932
-0.5372601,0.0011528933,-0.16707991,1.1982385
-1.9559408,-1.1545532,0.41923445,0.15684585
0.3555283,0.28100273,-0.65233684,2.5718453
1.8224622,0.7700496,-1.608221,1.5687106
1.109706,1.5757453,0.91819906,-0.8258601
0.36724243,-0.80357146,-0.19158277,1.9329346
0.60552067,0.0020236028,-0.6705608,-0.31847662
0.28164455,0.41806594,-1.3369793,-1.734985
-0.536856,-0.14458056,0.5517629,0.9167385
0.24954695,0.7130555,0.18007126,1.4651086
-0.3210239,-1.4364473,0.37412518,-1.0578709
-0.35522,-0.02009272,0.6360303,1.1232309
1.2647476,-0.2416602,-0.7102162,0.45171168
0.2830516,-0.49724203,-1.4677024,1.2194794
-2.361026,-0.6100292,0.84019643,3.021132
-0.24648486,0.8177363,-0.37130588,-0.9109819
1.789944,-0.17551659,1.0560024,0.6432187
-0.18718389,0.35797253,1.0758637,-0.67921674
-2.1818278,0.48006624,-0.75789046,-2.0737667
-0.59908473,1.285304,-2.0700212,-0.2513209
0.8030508,1.002262,1.9569727,0.32979748
-0.7640586,1.4162161,-2.7482436,-0.7258194
0.35823923,1.4026606,-1.6300544,-0.5394735
1.0406272,-0.260532,-0.14349449,-0.09562116
0.644279,0.32387462,0.16573851,1.9444174
-0.44013774,-2.1642134,-1.1128701,-0.55824256
-0.0501239,0.07463315,-1.1628144,2.6922336
0.18151607,-2.1834106,-0.33333632,1.3008543
-0.28264812,1.5450015,1.518058,1.5172665
0.9829871,-1.4211993,-0.29006502,2.3065178
1.671916,-0.15411687,0.9387132,0.6379156
-1.3949798,-0.781378,0.71276104,-1.4090413
1.1938304,0.076550916,0.049406283,-1.0937582
-0.12467386,0.08318081,-1.8230823,-1.7226931
-0.1858788,-0.054790333,-0.8230538,-0.61423117
-0.6469267,-1.0572608,-1.1629387,1.2778227
-2.2664084,1.1739024,1.1293061,-0.7957473
1.3176788,0.32818672,-0.8471632,1.5736604
1.5479158,-1.1194,0.096140936,-0.23430502
0.23670973,-2.0664227,-1.4306995,-0.38332468
-0.80380034,-1.6678786,1.800546,1.1438518
-0.39727417,0.053244475,-1.5426034,-1.1582206
-0.053589646,-1.0468311,-0.27537203,1.0889169
0.3066943,0.588112,0.24661759,-2.3691204
0.3265149,-0.79653436,-0.96449524,-0.44849387
-0.07040577,1.5933995,1.2202278,-1.3081979
-0.24207215,0.73795193,0.52464145,0.0959571
1.612613,-1.0788271,0.17969692,-0.61248994
0.18813479,1.5004313,-0.8548299,1.6469384
-0.23093168,0.95196843,-1.4124275,1.5628086
-0.33724928,-0.41099632,-2.3379998,-1.1142987
0.6823879,0.71628535,0.728221,1.7164819
0.3152329,0.26014462,0.8979246,-1.7473218
0.19789742,1.0110238,-0.98470116,-0.14330673
2.2093868,-1.6756022,-1.4844426,-0.76232684
-0.8204852,1.3940867,-1.4508266,0.9712003
-1.3432242,-0.1245421,-0.3767549,-1.8683981
0.20505059,-0.76310205,1.2333528,-0.8812261
0.7817594,-0.8815322,-0.5377672,-1.189466
-0.22786583,-0.36376664,1.7174952,-0.27123874
-0.8972293,0.43098217,-0.43957174,1.4603646
-0.54505944,0.725918,0.024580684,-1.5629466
-0.16200854,-0.65260565,-1.3089435,0.6365324
1.5983596,-0.74045914,0.025625119,1.0356181
-0.82294834,0.88179183,0.02966287,-1.2970241
-1.5511739,1.5491532,0.81888545,-1.593563
-0.07126417,-0.029682294,-0.59801596,0.48952484
1.1790782,-0.8823436,1.2795928,-1.6944275
-0.13721333,0.019167073,1.4651845,0.36692998
0.75880384,-0.28162292,-0.3799523,0.713788
1.3478258,1.0527974,1.1333283,-1.4355166
-0.1167408,0.913233,1.5885504,1.1092633
-0.67209554,-0.102807716,-1.1240045,-1.3888898
-0.074088745,-0.12766762,-0.15986763,0.37306044
1.4398336,0.22400665,0.56341165,-0.026056163
-1.7413831,1.7160797,-0.7803975,0.71344686
-0.9455581,-1.1409502,0.13194303,-2.3898292
-0.6369116,1.0615674,-0.06666546,0.7242079
0.13401775,0.7899706,-2.5124516,0.79417557
0.13668162,-1.4370468,-0.027754467,1.4962399
0.6816258,-0.76481056,0.2810504,-3.0139406
1.5543755,1.086549,-0.96932185,0.1879683
1.5334098,0.049437046,0.33786926,-0.115131535
-0.9439805,0.6956011,-0.41331986,-0.7466915
0.9401148,1.34146,0.26434892,-1.1218438
0.27428484,1.1099461,2.0193787,1.2026664
-0.5236153,2.4538279,1.0774635,-1.2734276
0.3191554,-1.6353339,0.16926815,-0.8980632
-1.2915868,0.42927486,-1.4920518,-0.2397224
-1.4033868,0.17558609,-0.5678529,0.583771
0.40648693,-0.34490025,0.22738658,1.939041
-0.7362912,-0.77931744,0.2866403,-0.21537521
1.1954631,0.9359552,0.5483276,-1.6531539
1.3972647,1.3006032,1.2065372,-1.3424343
-2.133447,0.38381466,0.27939397,-0.5914477
-2.1428044,-1.5503997,0.58350646,-1.478443
-0.72605884,0.8537844,0.427906,0.94665396
0.13989386,-0.45351472,0.9544391,0.53012335
-0.8376374,-1.3379565,0.99945104,-0.08617979
-0.13972415,-0.63852817,0.173024,0.5666128
0.9722817,0.96841943,-0.61143076,0.13019137
1.2153882,2.1215599,0.21587723,-1.1301365
1.7800224,-1.4479983,-0.38710698,1.604325
1.4755437,0.7940734,0.40058768,0.7360425
0.24430019,0.81403416,1.210899,-0.56040287
-1.2281517,0.6487125,0.16340397,-1.1019562
-1.2478544,0.55931103,1.062655,0.86875665
-0.60394424,1.7386981,-0.709464,-0.4056973
1.7222307,0.56513256,-1.4576505,1.3773068
0.011222708,0.52746147,1.4374715,-0.29789487
0.33302426,-0.6407102,-0.9105894,0.931549
0.027877906,1.1085644,1.3722355,2.1493056
1.997236,-1.0971164,0.43127683,0.3289743
0.10418998,-0.6973943,-2.5445266,-1.7569662
0.88158774,-0.33908436,0.008592589,0.30495015
-1.2353342,0.6584895,0.93056124,0.26174644
2.9092448,0.37456232,-0.5950396,0.41489294
-1.2275474,0.119887955,0.48381308,0.6837886
0.58850425,-0.6401377,1.59399,-0.77207696
0.12615861,-1.5846808,0.020018939,-0.5765432
-1.8722701,1.1268609,0.22120881,1.3660055
-2.0002067,-0.7417973,-1.9798036,0.8071285
-0.007919353,0.5552797,-0.06492078,1.4369138
-1.1169841,1.7477499,-1.8592623,-0.79407775
2.335999,-0.17880715,-1.3371452,-0.5696126
0.8154153,-0.08873065,0.0100423,-1.3889012
-0.5349586,-0.760471,1.3778872,-2.5555007
0.87223756,-0.94216675,-0.261812,1.3349186
-0.06648047,1.3911235,-0.35883796,0.9661426
-0.40691546,1.8221031,0.76755047,-0.22650264
-0.0049749655,-0.12963557,0.8907524,-1.8029655
-1.2450647,-1.1841972,-0.4265114,0.101692036
-0.2735654,-1.4384798,-1.4450846,2.491672
0.020990202,-1.3458853,-0.70366675,-2.1248167
-0.54486084,-0.49334925,0.30373204,1.434711
0.183378,0.75563943,-0.2967897,-0.037646502
-2.5703871,-1.0995817,1.3333259,2.0845985
0.40569842,2.1332064,1.7826108,1.6372317
-0.15093671,-0.13603295,1.5220175,0.36988497
-1.3374531,-0.36404058,1.4385442,1.0809664
0.050897453,0.22068828,-0.18310075,1.2908429
-0.8879515,-0.6258257,0.7625851,-1.4849143
-1.5990343,-1.3222475,1.6263933,3.399676
0.28221282,1.7034454,0.0026884202,0.81490046
1.1931106,1.931722,0.5685032,0.70814544
0.5484904,-1.4000826,0.085092396,-1.3095297
-0.2688809,-0.8498744,-1.2494973,0.65089774
0.66564345,-0.85655826,1.4760463,-0.25757593
0.21784653,-1.2254993,1.2349238,1.4536257
-0.4468243,-1.1187346,-0.98095804,0.38583937
0.7360797,1.1378329,0.044140574,0.47747275
0.21529679,1.555216,0.75234926,0.7136792
-1.1831421,0.43731868,-1.0395186,0.13419145
1.000307,-0.9022935,-0.68586534,0.50724155
0.42896685,1.894351,-1.0489093,-1.3611754
-1.4760149,0.42045262,1.8775433,0.75834155
-0.5890848,0.82322836,1.3595295,1.7438961
-1.0349404,-0.21549281,-0.9456823,-2.2791533
0.75416917,1.1608032,1.4601276,-0.0608262
-0.13409524,-0.522502,-1.5619377,-0.8662901
0.66459006,-0.3302729,-0.78760874,-1.1106849
1.4847406,0.6692973,0.11242625,2.1061468
0.22998089,0.15281655,1.3439918,-0.20537059
-0.24912599,-1.3112272,1.8885727,-1.5607778
-0.6455151,0.9583033,0.3315438,1.2181537
-0.99882257,0.16923979,1.5099347,-0.42107186
-1.3014733,-1.141072,-0.6928723,1.2918142
0.5940131,-0.7423167,-1.6970063,1.4299868
-1.0900778,-0.3966619,-1.6868826,0.7156633
-1.9550835,1.0741374,-0.20595711,0.581375
-0.35641217,1.7356002,-1.6125661,0.12224935
-0.98813325,0.093959264,2.3966784,0.040008128
0.3829519,0.41289812,-0.20151666,-0.8083977
-0.33376524,0.2948353,1.5406513,1.3868376
-1.2106681,0.8907076,0.15784949,1.9319097
1.5942849,0.098618895,0.019464018,-0.1495564
0.23357397,0.058038846,1.1792878,-1.6933031
-1.647371,-0.13227758,-0.014590848,1.2511435
-0.061780747,-0.60886776,-0.8835663,0.3958728
1.0128623,-0.4439499,1.0195158,-1.2745212
-0.6800422,2.1472518,-0.26826045,-2.097537
-1.6831149,1.0289893,-0.07312224,2.0319638
1.7800102,0.19538938,-1.9601241,-0.36813432
-0.55905336,0.3126021,0.52976656,-1.4384063
1.5380841,-0.8986322,0.6856621,-1.1589272
-0.78570634,0.8574298,0.70021766,1.2052063
-0.18048921,-0.5834913,0.67429984,0.7378106
-1.8691273,0.95762527,1.6690687,0.17898723
-0.6256485,0.9701915,1.0579673,-1.524807
-0.07571337,0.6527287,-0.26791278,-1.2038747
0.08440055,-1.9222599,0.00033019448,0.015624231
-1.2261727,1.2511657,1.1255251,0.8894135
-0.8115027,2.0441685,-2.0673892,2.5670078
-1.577694,1.3384402,-1.0628775,1.4693831
-0.80961376,1.6237792,1.8684974,0.0335434
-0.15292902,2.2022176,-1.0787364,0.3569664
-1.5818264,-1.6171597,-1.3989142,1.6343478
-0.38605002,-0.1345344,-0.6065246,0.65971977
0.99628645,1.1807152,-0.89370334,-0.04215666
-0.69440675,-2.1043022,-1.0372666,1.003274
-1.8168092,0.42836672,0.36025554,-0.6923943
-2.6315503,-1.3511071,1.3234245,0.083147675
-0.42413858,-1.7601937,0.3764662,1.1876693
0.34332997,0.0043130857,0.93596315,1.4802344
-1.090989,-2.419866,-0.7685544,-0.047891255
1.8282754,1.237336,0.55229855,0.48964494
-2.106672,-0.90950817,-0.00051703735,-0.4844925
-1.0464008,0.9367841,-0.7277542,0.6546871
-0.13226461,-0.781543,0.59434164,-0.76303416
0.8109037,0.29005373,0.45691946,-1.0907717
-0.3408837,1.3581196,-1.3129491,0.29448035
0.81246686,-0.8220999,2.0790553,-1.5026516
-1.5640517,1.3018297,-0.2669143,1.0616019
-0.42692378,-0.1959473,-0.56162393,0.011121668
-1.2317916,-1.536539,-1.043304,0.17302485
-0.7957187,0.3958974,-0.839811,-2.9751685
-1.443984,0.19623287,1.1925075,1.0938591
-1.9471884,-0.36375305,-0.351026,1.3985158
0.6085669,-0.128525,-1.429603,-0.12333306
-0.46076337,-0.8937195,0.9461425,1.4684807
1.0444267,1.160716,-0.5548264,0.71904016
-0.7040926,0.62879896,0.63215804,-0.67016757
-0.24306265,-0.24744062,0.46735868,1.7058632
-1.6600816,0.06689769,-1.8481991,1.3866204
-1.0301874,-0.8757062,-1.472158,1.5523577
0.8912569,0.20909941,0.273748,-0.028183226
0.04534522,1.17887,0.012927793,-1.0737551
0.5939338,1.0371847,0.5422144,-1.3077899
-0.8306385,0.5514162,-0.31090698,-0.9354009
0.76975465,0.6341496,0.005052379,0.81602234
-1.1574926,-0.25745723,-0.3016567,1.523544
-0.33412305,0.09747307,0.75194824,-0.8282086
-1.4664599,-0.65921724,-0.7830373,-0.86174256
-0.790917,0.53514487,0.9609232,1.5567428
0.4684667,-0.080163434,0.19234002,0.037201293
1.4707575,-1.3642492,0.7885693,1.6621807
-0.32107228,-0.93247217,1.3202418,-0.4785608
-1.6911441,0.8642363,-2.5574162,-1.3430437
-0.82667893,0.97339785,-1.0920128,-1.2580216
1.3452415,0.23260123,1.1049845,0.4552302
-0.46960965,-0.28870454,-1.5762929,-0.52813226
0.5601312,-1.1184084,0.30990368,0.36663198
2.081342,-0.28206635,-0.8026277,1.6195159
-0.51009566,0.9490322,-0.08893097,-0.8563035
1.9036686,0.9474788,-0.61127186,-0.54174256
-1.787544,-0.74424946,-2.7139702,0.4979326
0.7001032,-0.98829937,-0.24460562,-1.0747172
-0.051697098,-1.1432707,-1.1894712,0.45477572
1.5797161,1.0135411,-0.24912344,0.7902192
-1.6585221,-0.8081238,-1.563723,-0.7097833
0.934586,1.1908768,-0.24901573,0.74317086
-0.65709615,0.30098268,1.1857582,-0.09720118
1.6271745,0.43643093,-1.6592966,-0.3620562
-0.7868832,0.0058003245,2.1816263,0.059594393
-0.09345059,-0.42196834,-0.9726866,-0.2916097
-0.27067062,-0.97047323,0.24177389,-1.7517579
-1.4104865,-0.33421758,0.3284141,-0.2266259
-0.09193109,0.42499986,1.245174,0.97141993
0.4537785,0.5405643,-0.55780774,2.0407953
-1.0567329,0.49633807,0.3944915,-0.28822663
-0.996672,0.7025991,0.28530696,0.7670153
-2.0648625,1.3581051,-0.3514829,1.5671855
-0.4712202,2.1410003,-2.8115723,0.9741211
-0.68221295,-0.72020715,-0.5795872,-0.30185783
-1.3035465,0.7590182,-2.1030526,0.47867906
-0.7459203,0.11310734,1.7644707,-1.7172823
0.8887716,1.6852535,-1.0667784,-2.3012617
-1.5230864,0.77254176,-0.11535191,1.5398417
0.38516003,-1.5950506,-1.4734966,0.8514308
0.4450973,-0.6983222,-0.19643271,2.3897893
0.52778625,-0.0040415195,1.0323638,0.4733571
1.1092236,-1.9360869,1.3495127,0.48380768
0.15510061,-0.6620995,1.1787037,-2.3159847
0.52042043,-1.8920655,-0.096496716,0.056417007
-0.5278376,-2.0329008,0.12251013,0.33478746
1.045926,0.18497974,1.0891443,1.4980142
-1.3314222,0.27892673,0.5476645,0.7665925
0.3018928,1.0612608,-0.26851174,-2.6041
0.36365372,-0.13152999,0.41762382,0.28554812
0.00014129178,1.1372092,-1.1372823,0.5617106
-0.13148619,0.3989393,-0.8485714,-0.06997662
-0.76392335,-0.71443003,-0.12598133,-1.5642
-0.060406294,1.572321,0.76189476,0.19412887
0.5660721,0.13019352,-2.0199363,0.86672205
1.286511,1.8416089,0.15772434,0.81295687
0.66689265,1.1441331,1.6452324,-0.023278568
0.97868514,1.5372545,0.9997274,-0.8076189
-2.2498312,1.3213565,0.96397126,0.44999155
0.5330116,0.92840517,1.0306278,0.32605776
-1.642727,-2.1242468,-1.1809077,-0.14406577
-0.68346965,0.30054745,-1.8686275,0.119865894
0.4898397,1.2634485,-0.28500578,-1.5928413
-0.6909892,0.4076258,-1.0750374,-1.8289641
1.5074135,-1.9006267,-0.3151936,1.0203463
0.12029254,1.758079,-0.3881035,-1.396028
-0.3099301,0.22112784,-1.8250668,-1.3516947
-0.91065025,0.30228454,-0.6085098,-0.38044658
1.1979232,0.9927401,0.29426247,0.5605392
1.8309325,1.7108438,1.2289472,0.49003533
0.401142,0.06489975,1.2235217,0.64506006
0.53309333,0.21153593,-1.9135869,-0.19743264
-0.84599894,-0.4754832,0.7234324,2.2598739
-1.6296514,-1.36486,1.0086902,0.8837502
0.41942635,1.1311294,-1.1036729,0.89702964
-0.22640394,-0.9036021,-0.71994054,-0.1682177
-0.5250906,1.3525373,-0.7182363,-0.4849245
-1.5833788,-1.2155123,2.0924013,1.1217985
2.4990947,-1.5465815,-0.24733064,0.6734838
-0.8608007,-0.4114599,1.547956,-0.93184584
-0.67031026,-0.04779484,0.9300705,0.9504822
-1.7402802,2.1530633,1.9469944,0.22255526
2.6197603,1.3674192,-1.5002148,-0.6201607
-1.5194045,-1.8287194,1.4807545,0.54340005
1.1986406,0.40303594,1.1670388,0.8256534
-0.0854118,-0.9125216,-1.0342802,-0.005119803
0.56929344,-2.0315917,1.1995707,-1.346149
-0.9457269,0.013832033,0.9001718,-0.8394508
-0.22523713,-0.7774197,-0.095846996,0.3815733
2.0354598,-1.3392959,-2.094133,1.4560775
-0.7123971,0.4579122,0.94356436,0.5422478
-0.35129482,-0.13862513,0.293307,0.6388684
-0.55619323,-0.41777793,-0.6796687,-0.09920973
0.45957586,-0.47625104,-1.645413,-0.24508622
-0.96157086,-0.42035514,2.7302287,0.5831111
0.30332232,-0.47319308,1.188627,-1.525791
-0.08534543,0.33973187,-2.0228562,-0.43939525
-1.2288805,1.6156443,0.08785449,1.6738719
-0.26709655,0.39184707,0.5523298,-0.4641739
-0.54544437,-0.2612348,-1.0333769,0.2191212
1.3425189,-0.6834469,0.39260066,1.0439264
0.85587883,0.13291055,0.9522626,1.4669818
-0.8429266,-0.031287976,1.4275619,0.11912428
-1.1113356,-1.2757528,-0.819517,-1.0654968
1.7443153,0.029752973,-0.8935793,1.9147152
0.873575,-1.5646257,-1.2583388,-0.10311754
0.18267767,-0.8190853,0.2344185,-0.41824082
-1.0360833,-0.1891018,0.81575626,-2.2389314
-1.325546,-1.1341941,-1.8387762,0.08606626
1.1781466,-0.72123605,1.863075,-2.7689366
0.29155248,0.39479473,1.491091,0.1680988
-0.17498977,-1.1890495,-0.17588605,-1.0638831
-0.28392723,2.1488197,-1.0502423,-2.100859
-0.08603179,2.2989328,0.82677746,-0.5777346
0.20984164,-1.3079673,2.0211055,-0.49327028
-1.1626226,0.48378927,-1.6867545,-1.4772742
-1.1927458,-1.034581,0.34294206,0.4684164
1.5293024,0.52637714,1.2057853,0.5720791
0.6106889,0.9369407,0.021198189,-1.5780257
0.36194408,-1.0137105,0.0122182295,-0.015973143
-1.4815202,-0.7256657,-0.95963484,0.6159799
1.2604522,-0.17753485,0.20255628,0.5344168
2.2532277,-1.2624441,1.0473742,-1.0236077
-0.18635778,-1.4739057,-1.4192108,-0.48378277
-1.092292,-1.507483,0.6199414,0.7399789
-1.101288,-1.4736841,-0.66109705,-2.220649
0.96365553,-1.2366626,-1.2537619,-0.9164854
-0.098444074,0.30912015,0.00033733193,-0.6232724
-1.2847914,0.6010883,0.3402829,-0.7985349
1.0518298,-0.30105445,1.5723808,0.19302717
0.4987553,1.2542672,-0.63116187,0.2881426
-1.4491094,-0.60201454,0.30647072,1.4596682
0.82221013,0.77112615,-0.8100403,0.552842
-0.17923105,-0.7930526,-1.6887054,-1.0940682
2.095521,1.176017,1.0705733,0.4109603
0.008419535,1.353792,2.2417343,0.27987432
0.76797354,-1.4860609,-0.6482182,-0.83438265
-0.62977767,-0.17277576,1.6035932,0.7439398
0.38128617,0.6139249,-1.2942524,-0.5695845
-1.5936664,0.33759758,1.1491469,0.26747578
-1.3731453,1.1217633,0.7112901,-2.1430035
1.5593885,0.6607855,-0.18819593,0.45686182
-1.435095,-1.4795136,-0.21452965,0.17373447
2.0436199,-0.53021586,-0.81613916,0.31341407
0.87937576,-0.16528474,0.44989172,-0.4320049
-0.4095579,0.7634196,0.42641464,0.035879023
-1.3737389,1.1751994,1.6345057,-1.2428886
1.4247912,-1.3627937,-1.757393,-1.6713183
0.13990352,-0.33869392,-0.9815255,-1.3489494
0.6603817,-0.1123334,-0.82575876,-1.9567261
0.06129378,-0.52202487,0.95281184,-0.7017097
1.6823881,-0.34403396,1.171569,0.6270654
-0.7929167,-1.1794609,-1.1643779,-0.5687943
-0.009835425,0.08900043,0.6615781,0.123034954
-1.3371023,-1.4849627,-1.6225643,-0.10788755
0.7698038,0.061874215,-0.5300951,0.039925158
1.9324708,-1.0303249,0.69369423,0.8360211
2.2640836,0.84671044,0.2824905,1.0440235
0.03586028,-1.6085442,-0.28317285,-0.49201322
-0.7402191,-1.2322522,0.0187774,-1.6655557
-0.58289206,0.042513385,-0.9235655,-2.0470984
-0.59022796,0.27414408,0.4639683,0.6842451
0.12158332,-0.43071565,-0.59567493,-0.24694356
0.58240277,0.38387865,-0.77940637,-0.24509238
0.9421286,-0.89600444,-0.8773567,0.35349682
1.2971897,-0.5762156,-0.7957969,0.23889591
-0.16689192,1.6091726,-1.345611,-0.49056205
1.0896354,-0.86035156,-0.81317556,-0.67647356
0.671256,-0.74954945,-1.3540562,1.6624001
1.6692137,0.5733306,0.032520473,-1.9377303
-0.94642884,0.888974,0.73021317,1.8183368
-0.27697966,-0.39526019,-0.38933972,-1.4645897
1.0121707,-2.6488228,1.2474144,0.36709824
-2.0353625,-0.8888904,-1.0608763,1.8210155
0.7473409,-0.3229049,0.5724209,-1.0004175
-2.5757902,0.53766763,-0.10385642,-0.91585857
0.50265527,1.152956,1.16279,-1.2706628
-1.5407438,0.11397845,1.6503434,-0.77493626
-0.1351534,-0.4155596,1.033549,-1.4025886
1.4909345,-0.97980183,0.7539527,0.3788002
0.81274855,0.35945156,0.0206215,0.88515264
0.7328238,-0.52437556,0.5586788,0.7943152
-0.41138536,2.2531915,-1.0935258,-0.7140315
-0.71177214,1.1167567,0.5423569,-0.54528385
0.004881851,0.34725893,-0.93408287,0.50028414
0.8197392,0.3923965,-1.6938007,0.558142
1.8458637,0.5534425,0.45113236,-1.0957515
0.30127326,1.4236772,-1.7248036,0.9705642
1.3596318,1.0768358,-0.22379363,-0.79364383
-0.4948623,-0.77154094,1.0112883,-0.8107603
0.25304592,-0.4937313,0.14853528,0.42931575
1.3553102,-0.7666777,-0.68919,-1.5170419
-1.0378454,-1.8907602,-1.6416467,-0.1118433
-0.833045,2.0182085,2.5556073,-0.8887974
-0.19110149,-1.405545,-1.4373271,1.3438135
-0.6848454,-1.138952,-1.0487134,-1.2657977
-0.92248374,0.36084267,-2.4166021,0.43414658
1.467481,-0.7709059,-0.65618855,-2.0427988
-0.9097786,-1.0289181,1.2482153,-2.096286
-1.161697,-0.024332944,-1.1992986,1.3693328
0.3635089,-0.17556155,0.8902626,0.39442018
1.4762157,0.58224374,-0.6851684,1.3314439
2.181507,0.31715345,1.0772793,-1.8767544
-1.5989566,1.2667552,-1.4591931,-0.8815335
-1.4465325,-0.31131232,0.301525,-1.3653479
0.18943612,1.9108187,1.0397297,-0.97025925
1.2642068,-0.15815866,0.91644716,0.37179855
0.7982544,-1.7795962,0.7038211,1.5929289
-1.6398335,0.016000846,0.48124677,0.99115664
-0.9780072,-1.0438961,-0.16012485,0.37689063
-0.6214723,-0.8891778,-1.686984,2.1382785
0.8556576,0.67978317,1.8628842,0.03196262
-0.8271874,-0.15733872,-1.3804966,0.55950683
1.5696125,-2.1080074,-1.8912048,0.3482554
-1.3932195,0.25703624,0.56604695,-0.9969721
0.59870976,0.42658722,-0.76141906,0.7798825
-0.23149705,0.33831924,-1.0016916,-0.1447548
-0.8165408,-0.45877036,-0.50811726,1.6573495
0.36860013,0.6888219,-1.3203697,1.0406631
-2.131404,0.7145703,1.41271,1.4193246
-1.7807173,0.57603955,1.09468,1.0352168
-0.4414916,0.4428702,1.1578174,-0.4441184
0.16764574,-1.0181938,-0.46848518,-0.6382416
1.1419213,-0.8706738,0.120220214,0.69256455
1.474822,0.5126898,-1.6731503,1.6024
0.644429,1.4533302,-0.08548211,-0.3125233
0.23006745,0.5459422,0.063995086,0.35444504
1.1833769,0.019234963,-0.66697544,1.035845
0.3890787,-0.6073376,-0.7570079,0.63131446
-1.3047069,0.42819774,-0.7698331,0.13457127
-0.7922606,-2.2455091,0.26771837,0.7460687
-0.66086084,-1.9374614,-2.1926959,0.17216468
-1.7029003,1.3747252,-1.5371252,-0.1385979
0.7705338,0.21137537,-1.3107888,0.22379749
-0.75887024,1.2609241,1.3864317,0.50214976
-1.6208088,-1.0026193,-0.19654946,0.88333344
0.76131725,0.8189248,-1.3007711,-1.1710244
0.14646047,0.3340505,-1.4546751,2.0059843
-0.2904326,0.44280285,-0.17368582,1.016706
-2.5377374,0.2679123,-1.5686291,-0.59810954
0.10360948,-0.90221334,0.14984725,-0.66896933
-1.4152926,1.2076707,-0.927175,1.335733
-1.6008794,-1.6084783,-0.6548567,0.44438192
0.6128739,-0.5426988,-2.4983637,-0.16521132
-0.02769197,1.1223552,2.2516847,-2.7116134
0.5928015,-1.2953054,-1.1441795,0.96021485
-2.3325193,-0.87130374,-1.940655,0.16774008
0.4858196,-0.5661776,-1.0638214,-0.061541617
-1.5794622,0.2573025,-1.0864681,-1.1262242
0.679608,-0.9857065,-0.07193976,0.40531775
0.1687277,1.3506218,1.3450892,1.151258
-1.1277071,-1.3469603,-0.37602317,0.42446637
0.13437282,0.059608728,-0.107779495,-0.8601313
-0.5634072,-0.5178277,0.65857506,-0.7484834
-0.8147681,-0.06646573,-0.9689303,-2.2145748
-0.4286018,-0.5734478,1.4138359,-0.26606247
-0.47813416,-0.35275045,-0.742223,0.41881692
-0.25820777,0.3943386,0.12539643,1.5536194
-1.9312907,-0.086133905,-2.2358248,-1.6254686
0.301645,-0.34022364,0.11401012,-0.5849141
1.3861991,-0.9365748,1.3696688,0.448265
0.4179214,-1.2781775,0.052688427,-0.13832304
-0.52858496,-1.1983066,-1.9705547,1.2694268
-0.29728758,-0.8312943,-1.0185975,0.87825876
0.9078701,-0.66606456,-0.43145764,-0.28269616
-0.64149976,0.13624242,-1.4661552,1.4390512
-0.30663243,1.2128097,1.4992241,1.3470681
0.11063831,-1.1511906,-0.7562485,0.8290774
-1.6625389,-0.75181174,-0.9522166,-1.035104
-0.52802205,1.8600688,0.40538782,1.2636086
2.059513,1.044799,-1.2796884,-1.1821407
1.5062226,0.22999449,1.0981644,1.075048
-1.7136797,-1.2129018,1.7474504,0.5543691
1.1717759,-1.9272677,1.1476982,-0.052832346
0.20697002,1.8377316,-0.88578004,0.89864343
-1.8887659,-1.8328162,-0.9424976,1.2134373
0.2203409,-0.56734294,-1.6955717,-1.3448511
1.4956895,0.8957233,0.114055894,0.25711548
0.52326894,0.031402163,-1.7141966,-0.27937278
-0.66318804,-0.9013863,-1.2045244,-0.31157288
-1.0804238,-0.7620572,-1.4267668,-0.6942087
-1.907627,-0.40963814,1.1156926,0.16719328
0.025976675,-0.6922309,0.038124837,0.2466413
-0.77537084,-0.50416595,-0.5413495,0.8086844
-1.0921404,-0.62361735,-1.5142211,-0.6278394
1.6898297,-0.37541026,-1.1910065,-1.0480342
0.32755163,0.71790314,-1.0864574,0.5850229
0.46668234,2.0571368,-0.2928212,-0.158972
0.36674336,-1.921625,2.891315,0.34361646
-0.88882345,1.0031527,0.9456627,1.1039788
-1.2536077,-0.64328283,-0.82329696,0.6764612
1.8788904,1.8013103,0.8135055,0.89043844
1.1882643,0.15449537,-1.3322449,0.936907
-2.3579228,2.401873,0.44412625,-0.6708463
0.6905467,-0.23761627,1.2734146,-1.145797
-2.0954192,0.47184613,1.485599,-0.24448965
2.0984623,-1.4781734,-0.5903784,-0.3315193
-1.0541009,-0.6620986,0.71552545,-0.85900384
1.2493908,-2.092783,-0.112139486,-1.3281761
0.41526723,-0.45995256,0.4661424,0.80663705
-0.7295882,-0.560734,0.115889184,-0.023332119
-0.3714488,1.4048033,-0.5466842,-1.3212864
-1.2614133,-1.005772,-0.090042144,1.962256
0.057794444,-0.05613987,-0.35062674,0.0631228
0.860601,-0.3456759,-0.19627887,1.864832
-0.06625032,0.01106746,-0.7708036,-0.2427268
-0.73955864,-1.4939396,-0.93177676,1.5688467
0.7986302,-0.86613667,0.039332982,-0.46873602
-0.11459722,-0.19642895,0.85637116,-1.4215406
0.11575632,-2.2129664,2.3882523,-0.53383464
-0.7367208,2.6348424,1.8110454,-1.1055844
-1.5999479,-0.9443158,-0.4149038,1.5372685
1.6317055,0.5262839,-0.29362398,0.51130706
-0.32722387,2.620224,-0.10223563,-0.25377232
0.5822976,0.40855622,0.71313375,-0.585594
-0.5644472,-1.2410897,0.78343195,0.1200161
-1.1213392,-2.8023405,0.056223977,1.2760022
-0.7033566,0.06837296,-1.9257736,0.8679945
-0.8069082,0.73221976,-0.5791427,0.75031066
2.720468,-0.3209885,1.3657495,-0.86933464
0.94012105,1.1959711,1.130604,0.30941793
0.95658106,-1.05303,0.69509554,-1.881994
0.18450737,-1.6475959,0.62162304,-2.321304
-0.33482128,-1.2652465,-0.91350454,-0.44344947
0.62397283,1.0693434,-2.3489058,-1.665396
-0.091716304,0.023961293,-0.53225666,1.3250538
-0.9177696,0.9669458,-0.318039,0.43832302
0.4003911,-0.88792676,-0.43019694,1.6304506
0.65219223,-0.008865989,0.7320509,-0.50283146
1.1617707,1.2240127,-0.78971833,-0.20567581
-0.12338003,-0.7015978,-0.11794813,-1.1927866
0.5066866,1.1357801,0.9592233,-0.8795209
-1.5622423,0.059096325,-1.5409299,-0.1765942
-2.1740437,-0.5890861,-0.15321757,-1.3319296
0.57626647,1.6555063,0.45870703,-1.605591
-0.76805246,-0.9051086,0.99095887,0.25050297
1.8860772,-1.4464657,1.4418807,1.2511302
-1.4365093,1.396166,0.20004731,0.44718394
-0.51556396,-1.406381,0.37892506,-1.1934619
1.9602387,-0.5829338,0.9672225,-2.022731
0.0391625,0.038729932,-0.69604576,0.28262502
-0.26132274,-0.15978839,-0.8484524,0.6664789
1.2055907,0.29028,0.69218856,-0.3980093
-1.0728086,2.8072796,-1.609663,0.26200378
0.66573477,1.4709913,-0.16732138,-1.5975922
-1.186567,-1.6868196,-0.115961626,1.0171354
-1.4423853,-0.88262737,1.6905534,-0.7264323
0.013057191,-1.8171587,0.8533991,-1.1739669
0.06808748,-0.8550675,0.3446365,0.042806182
0.73860127,1.3429599,0.29500726,0.83057994
-1.1929697,1.8392681,-1.4319726,0.8049325
-0.08514462,0.90631515,1.7458668,-1.9100045
-0.12019843,1.5913119,-0.21423224,-1.0648139
-1.4134427,0.7901961,0.9541269,-0.6797041
1.3461341,-1.1396136,1.3950073,-0.6195588
1.1917859,-0.47007096,0.0009690555,-0.7616243
-1.2089844,1.1923951,-0.5741839,1.1775745
-0.35777232,-0.101038985,-0.5979442,-1.2083955
-0.26153147,0.44801423,0.5755316,1.9922179
-0.24507396,2.1644423,-0.6595594,-1.4020842
-0.3226828,0.1914185,-0.6078234,-0.79023576
-0.14773443,0.21733989,0.32735652,0.71303034
-0.60034794,-0.27098626,-0.79904807,0.28310543
1.1969173,0.70210713,-1.6023194,1.2921287
-0.5861473,0.21056946,-1.7703154,0.22728056
1.4412999,-0.9418319,-0.43344042,-0.60678285
-1.670949,-0.74876326,-0.13280599,1.1233523
0.9941205,-0.17019139,-1.6211528,-0.14683779
0.7054925,1.6272616,-0.7043689,-0.6722147
-1.5453883,-0.90124923,-0.88876873,1.0680921
-0.78321373,-0.23624863,0.18877895,0.23651475
0.51492095,-0.06753275,-0.3589894,-1.0639216
-0.38474542,-0.36095965,0.38008282,1.5835011
0.5228437,-0.55836654,-0.23290737,1.9104211
-0.15004821,-0.25053233,-0.35706842,-1.199224
0.91331464,-0.12971649,-0.62757874,0.76481235
-0.40207788,-1.1979347,1.0151813,0.6771447
1.0759865,2.7769487,-1.9299905,-1.7657663
-0.6016893,0.3319111,-2.9219954,-1.1473678
0.8064182,0.48292664,-1.1938003,-0.1839648
0.84576845,-0.42681408,0.1035242,1.0405955
-1.3114829,-1.0648298,-2.0355344,-1.4236625
-1.6647915,0.2160164,1.0619675,1.7533906
1.2906839,0.71257776,1.1766647,-1.368072
-0.50306445,0.38513425,0.9330486,1.2118328
-1.9890513,-1.0851765,-0.43420085,-1.4519074
0.6909358,-2.33509,-0.40721017,-1.0992932
-0.8040292,-1.13143,0.0015858273,-0.8176566
1.1313767,-1.9744605,0.48091406,0.25843278
-0.04506889,-0.57649463,-0.44920814,1.1183043
0.06248627,0.47061616,0.3223634,-2.1743774
0.32361197,-0.0183202,-1.8301771,-2.0010128
1.0808291,0.5199808,1.1151733,-1.4289334
0.1469139,1.0988618,0.7814101,0.85832524
-2.5838675,-2.2744749,0.39084885,0.5306455
-0.57848835,0.79271656,-1.752781,-0.3170488
-0.47680965,-1.0635464,0.2549446,-3.0526054
-1.7291144,-1.625644,-0.73160654,-0.1868381
-1.0897776,2.5152044,0.79497546,1.6455098
2.7484293,-0.40342322,-1.1601524,0.7541196
0.5885177,-0.2582491,-0.39640734,-1.7109326
0.6349829,1.2760369,-1.7234209,-2.1045215
1.4330683,0.8457823,0.5248148,0.9528459
0.37935808,-1.9085641,0.048954256,0.70003366
-1.2107172,0.55945164,0.55463034,1.0391037
1.5602281,-0.9234315,1.2591745,-0.47817862
-1.6401985,-0.4440283,-1.7286849,-0.61346257
-1.6481761,2.0049376,-1.810254,1.0737613
-1.1246457,-0.50613916,0.77255666,-1.1393806
0.5976017,1.2545384,1.1936975,-0.71851677
0.037550837,0.36292526,0.16308668,-0.635464
-0.031497158,0.3021477,1.8414917,0.6905479
-0.14496402,-0.6244483,-1.0526681,1.1845472
-0.9212903,2.2051947,-0.6020722,-1.273466
-1.4461608,-2.0399423,-0.2082304,-0.6333306
-0.42035127,-0.7185247,0.17335007,0.38890278
1.2278014,0.55533075,-1.2244874,0.7759621
-0.8401767,-0.05687369,0.15647733,0.0002456208
1.5288221,0.55884624,-0.39064607,-0.40859804
-1.1292839,-0.423492,-0.49355796,0.692298
0.9586893,0.91224915,0.7680341,2.0166123
0.7184864,-0.46926606,-0.70781946,0.50237656
1.3950194,0.7593913,-0.83248657,0.7236515
-0.33731335,-1.3022647,-1.0879105,0.48973498
-1.2281631,-1.6576498,-1.1650522,-0.08072678
2.5347624,0.7361726,-0.5170448,-0.93155897
2.8024058,1.1867241,-0.6684176,0.8340258
-1.4537083,0.46165162,0.39562067,0.32474685
-0.31576604,-1.007712,-0.68460226,-1.0272412
0.9693134,-0.24311706,0.53115815,0.38256747
-0.7992789,0.35895517,-1.4692414,1.218763
1.7000926,0.20580702,0.34951013,-2.0285614
0.78527945,1.9436113,-1.6983635,-0.7040747
1.5005902,-0.0046319766,0.3481463,-1.9418372
0.7269859,0.8169522,-2.0246322,-1.6439772
-0.2681752,0.8137783,0.17985423,-1.129074
0.8976204,-0.8437577,0.71393824,-0.49520642
-1.1302302,-1.5674286,-2.0475273,-1.400016
0.24493778,1.3984534,0.6846869,-1.4084198
1.142545,-0.79451644,-0.47750616,-2.3092463
-0.617722,-0.58242506,-0.44910213,-0.34509325
-1.128975,-1.6416043,-0.32407555,-0.7370508
-1.0180576,-0.25665778,-0.87950677,0.90082693
1.2588414,2.618082,-0.4969873,-0.18866557
0.9856366,-0.0781984,-0.72533596,0.93763655
-1.6516597,-1.023227,-0.6529179,-0.679988
-0.03068026,0.5600009,0.5367368,0.7637048
2.2531185,1.545666,-0.33665752,-0.31780118
0.2674169,1.9782426,-0.44635478,0.2006738
0.8242392,-1.1679373,0.41282383,1.0473378
-0.80894494,-0.31579432,1.2647282,0.39225635
-0.22565903,-1.2918211,0.45725745,1.4698889
-1.279103,1.2127345,-1.0729287,-1.3687297
-1.9413235,-0.061037127,-0.8140141,-0.034011174
0.18852349,0.17057087,0.7449234,0.40774116
0.514161,0.123116404,-1.1608323,-1.3144329
-0.8710677,-0.8722319,0.23686,-0.20278955
1.8978015,0.81347626,-1.006282,0.050275434
0.288967,1.0976963,0.5070831,0.23078094
1.0083799,-0.49609208,0.08164503,0.15742539
-0.2768367,1.1948979,0.36165667,0.9142025
0.416358,-0.9209882,0.15505812,0.48019877
-0.17612696,1.7502193,1.5795546,-2.0527937
-0.5743337,2.1816216,-0.83576405,-1.476319
-0.8727804,1.2697853,-0.56570923,-0.52035135
1.3958671,-0.15296702,-0.5118553,-1.0069503
1.8418714,0.9960482,-0.76436645,-2.0360305
-1.3909843,1.9651616,2.0312417,-0.7913752
-0.9002914,-1.325064,-0.4482897,-0.7592988
0.045853328,0.44655442,2.3524559,-1.9058008
1.2494364,-1.6236125,0.8634246,-0.78497714
-0.53716016,1.136085,2.101785,-0.6179496
-0.21656723,-0.32924625,1.5362493,0.7814544
-0.07251435,-1.5003077,-0.1458986,1.5605843
-0.6281158,0.36203763,-0.07539558,1.1675369
1.0499127,1.2976059,2.063759,0.79267186
1.259072,-1.097663,-1.340273,-0.32920375
0.8420275,1.77148,1.9302658,-0.08151089
-0.059325367,1.2589673,1.4629049,-1.5028602
-0.57594854,-1.254624,-0.10227379,-0.086599566
0.14216569,-1.5023922,-2.1395717,-0.033021573
0.29845688,-0.3361098,-1.0372742,0.8245978
-0.27048263,0.085648574,0.07792687,1.264064
2.0090752,-1.7686905,0.051335778,-1.329877
-0.30978125,-1.456539,0.90883976,-0.63876414
-0.002274399,0.90896344,0.35419384,0.78241265
0.872351,0.38262644,-0.9110772,-1.0892744
-0.28132984,-0.10180528,0.5641543,1.0732774
1.2156476,1.356373,1.211783,0.62929976
1.0329393,-0.5916504,0.60291976,-0.2251001
-0.8261806,-0.1460525,0.5864643,-0.04372594
1.5877837,0.46837562,-0.31508684,-1.4838369
1.4065032,1.1727285,-0.62729114,0.017414762
0.5393751,1.0414538,1.4544343,-1.1511945
1.585587,1.0092363,-2.125002,-1.1200621
1.4920475,0.11656525,-0.97693014,-0.09061886
1.0279588,-1.225053,-0.26667747,0.18731858
-0.2878581,-2.0773618,0.7170039,-0.8580819
0.80526567,-0.39708325,0.14229505,-0.9745333
1.4921083,0.74402285,-0.24429871,-1.2669772
-0.7243829,-0.3149504,-2.6825836,-0.94665074
1.2805216,-0.31161305,-0.28323513,1.2847649
-0.34446645,0.43834597,1.4484661,-0.2559885
1.4530506,1.3852115,0.52960914,-0.33671847
-1.1527965,-0.59721994,-0.22273357,0.3207895
0.886838,-0.7649752,-1.8867851,1.7030898
0.31760296,-0.4712268,-1.4573315,0.35515332
0.51587456,1.2345492,1.499535,1.4785606
-0.72364634,-0.2579871,-0.3401097,-0.6346506
1.2215111,-0.13248724,-0.24535787,-1.4311539
-1.6331396,-1.978888,-0.6502721,-1.0539323
0.4621803,0.8438819,-0.13951027,2.5052662
-1.2714225,-0.021792134,0.24445061,-0.54225534
1.8692764,-0.8577551,0.08785757,-1.1765367
0.84274316,1.3739154,0.52715117,-0.4280589
-0.35197064,0.78088135,1.0295042,0.32653943
1.1126853,2.185763,-1.0257416,0.28153306
-1.6680248,-0.6052674,0.5237968,-1.8758435
-1.1688854,0.17856501,-0.45738393,-1.9453772
-0.99698013,-0.59997225,1.2792257,2.1275203
0.08485302,1.1045568,-1.0258461,-0.094047315
0.277682,1.5502989,0.051841937,-1.7178321
-0.61331093,1.2151699,-0.111841686,-0.49248424
-2.4271564,-1.8135839,-0.75014496,-1.4493755
0.09665196,-1.1953658,1.5658346,-1.8268716
1.2404823,0.51059014,-0.38339734,1.3956909
-1.0006922,-0.65638685,2.5696726,-0.88703495
-0.61706525,-0.2745487,-0.2707774,-1.193457
-0.8056317,0.8193039,-0.66875106,-0.2055081
2.040529,2.322923,-0.56059164,-0.2208605
-0.39438555,-0.2724985,0.86275274,-0.31643775
1.2139567,0.8882848,-0.7159138,0.2566766
-1.39866,1.9766002,-0.06822178,1.9114805
2.4053092,0.49475968,-2.4887218,1.471167
-0.7332007,-1.136992,-0.10558954,0.5268585
-1.0503161,-2.096487,0.14164735,0.6902646
1.4404573,-0.46568075,-1.370407,1.3939523
0.36902234,-0.5392951,-0.48304626,-1.1612856
-0.74399215,0.18324736,1.8479389,2.2985802
1.0365306,1.6205353,0.16015333,-1.4712511
-0.2098765,-0.21765819,1.1871309,-0.5211874
-0.99324995,1.3487644,0.63969207,-0.5091848
-0.3914886,0.5013557,1.0535485,-1.3368152
-0.7639271,0.08134572,0.9041208,0.13322474
-0.14938337,-0.18130694,-0.9349326,-0.9886135
0.005832108,-1.4987848,1.4446224,0.8665851
-1.8794788,-0.54499793,0.22254944,-0.43601277
-1.4765075,2.324883,0.9013958,-1.4293555
0.61202925,0.030877871,0.24359839,-1.7244685
-1.4089168,0.66443443,-0.40773547,-0.5877088
1.7776246,0.18815462,0.47178692,-1.0568163
-0.76936704,0.40448967,0.5005422,0.99803
0.77260685,0.9705476,0.7979642,2.2313845
-0.5483259,0.80707294,-1.01471,-1.0720997
-0.39559972,-1.6445673,0.71186,0.8359407
1.3533533,-0.5292109,1.5437604,1.3040357
1.5287504,0.2070676,1.0847034,-0.86433697
1.0590776,-1.0397226,1.4719924,-1.3670799
1.3246225,-0.4688827,-0.01614715,-1.0590851
-0.8352739,1.3518435,-0.34428138,-0.11780094
0.15294072,1.0233254,0.40329608,0.105358124
-0.40170187,-2.443134,1.956652,0.19911283
-2.4505775,0.84411997,0.029681867,-0.28903738
-0.87187237,1.4843591,-0.48296997,1.6661249
1.9581063,1.5338635,0.04010428,0.66448975
1.0820705,0.10270968,1.7721001,0.7507982
0.118338846,-1.6029272,0.7327244,0.284623
0.0050367923,0.20154068,0.36362508,0.9400748
1.6511964,1.352406,0.87255394,0.021543184
1.47353,0.68783075,-0.45823768,0.459935
0.52618814,0.1216133,1.7745887,-0.95407677
-0.17082378,-0.020897074,-0.72779584,2.1872218
0.5809379,-1.2752354,0.54391587,-0.29253018
1.5364982,-1.9739727,-2.5264773,0.10128622
-1.4934965,-0.75874007,-0.07877687,0.41010076
-1.4063853,0.5586997,-1.1074224,0.67363536
-0.5105175,0.7439412,1.5889777,1.5550363
0.039247032,0.63726026,1.6926231,-0.79722786
0.8813674,0.10871441,-0.040731035,-1.1078525
-0.03683934,-0.8834538,-0.106758654,0.27336222
-1.2137647,-0.7930612,-0.7759244,2.3748462
0.9082815,-1.476956,-0.61142915,-0.0098948255
0.51998353,1.4185112,0.14186618,-0.790297
0.33085915,-0.31108037,0.794095,-0.14429589
-0.35791358,-0.76105595,-0.16854969,0.22267956
0.27653828,-1.2111111,-1.0284182,0.38130102
-1.211732,-0.19755393,2.083425,-0.3816126
0.6740039,-0.08108542,-0.17851886,0.22618683
1.763818,-2.5173378,0.36236343,-1.4742575
-0.7440485,-0.7711856,-1.1207148,-0.7090407
-0.8933989,-0.9569633,-0.71926516,-1.1578188
-0.33251897,1.4436258,-0.0875868,0.0630711
-0.47296205,-0.6185243,1.4898907,0.5572872
0.21492295,-1.5926251,-1.0044671,0.8005471
1.1241897,-0.6366432,0.14810649,1.3940729
1.5877292,-0.25676107,-1.1859617,1.0961831
-0.3913434,-0.11266963,0.23106927,1.1219692
-1.9091378,1.430843,-1.7759778,0.20582986
-1.3188534,1.0317601,0.9139384,0.9551237
0.22907993,-0.1267477,-0.0132132005,0.10239824
-0.45865923,-1.0390745,-0.16970563,-0.41052917
-0.45871145,1.6571867,0.43495628,0.23327006
0.13549934,-0.99191284,-1.0347674,-0.94010967
1.6944098,0.18901238,0.2195011,-1.1891339
-0.48760122,-1.1173342,0.2709262,0.8585308
0.35877267,-0.67252034,1.6535507,-1.5143203
-1.7372957,-0.66952753,-2.048318,0.04652205
0.16927283,-1.0898656,0.9137446,1.9486161
0.46395,-0.11513607,0.15173537,-2.5673103
-0.7172854,0.02646054,0.5205457,2.6684844
2.268433,-0.7269853,-0.20904954,1.505802
-0.15228382,0.69617563,0.7279481,-0.14718461
-2.0502405,-1.4600006,1.5653358,-0.45179525
0.5124549,0.7983174,-0.88460046,0.3324439
2.0077434,-2.6121361,1.1300706,-2.8377333
1.787838,-1.9465052,1.2979096,-0.6845973
0.85263616,1.9839836,0.029949795,-0.28264186
0.6356435,-0.5252735,-0.082261674,0.36595306
1.1300404,-1.5206846,-1.761945,1.8353757
0.8525841,-0.078874886,1.1184266,0.5222293
-0.4670939,0.9229351,1.0847644,-0.048278887
-0.3875905,0.17926326,0.19644278,1.2931261
1.2168125,0.4192904,1.2754418,0.7984914
-0.44815564,-0.04821285,0.1928111,-0.49138692
-0.7654654,1.168031,1.1550025,-0.36821964
1.7891505,1.2239834,-0.38712594,-0.023935858
0.31569847,0.38824692,-1.1353904,-1.2298316
0.042662296,-0.23683818,-0.33088115,0.35488242
-0.9432347,-1.3505797,1.9174104,-0.5772423
0.12737659,0.71596843,1.1767489,-1.1120081
0.6121967,0.6702944,-0.51325685,-0.89543957
1.3187331,0.20749699,0.24104421,-0.0911649
-0.34306687,0.57421887,-1.0918015,1.3419296
-0.2509466,0.37211528,-1.9385453,0.86225444
0.16661428,-0.73748916,-0.931544,-1.4389496
1.6975601,1.3419328,-0.22710755,1.8923906
0.9233481,1.2227851,0.83091646,-0.36757404
0.8527752,-1.1334467,-0.19706716,-0.31563044
-0.50429493,-0.28181574,0.07889519,0.28016746
-1.879252,0.38420615,-0.74710673,0.8670745
-1.572248,0.85963494,-1.0486867,-1.0466667
-1.465891,-0.87330985,-0.58676887,-0.06728995
-2.1530023,0.14844893,1.0334114,0.6507217
1.1737852,-0.62936676,1.1348335,-0.72158116
0.20372589,-1.6203161,-0.7057581,-0.3232834
1.6940371,0.16526559,2.567925,-0.52085036
0.19375442,-0.42047313,-1.7373167,-0.77986974
-0.37529007,-2.4900632,0.075897984,-0.6580089
-1.9343218,-0.76092535,0.027673976,-0.8348426
-1.0780259,0.35187468,1.0719743,-0.6582312
1.034019,0.88175285,-0.34066078,-0.29871872
0.15361631,-1.6583797,0.32435098,1.3383788
-1.7345643,-2.275785,-0.94245017,0.3094823
0.0035026628,0.6004065,-0.96805084,-0.29228684
0.69590396,-0.4784563,-0.29369318,-1.2599455
0.9764449,-1.4170619,-1.0010519,0.6456322
-0.59154177,1.1122639,-0.63582927,0.734212
-1.79585,-0.30250353,2.5816972,-0.77916044
0.43896273,-2.1696806,0.853572,0.371748
-0.49700287,1.2749455,-1.5965397,-0.81432486
-1.7695254,1.5017221,0.80552137,-1.259486
0.3380465,0.5075627,1.0574971,-0.04723085
-0.23394074,-1.4979802,2.010608,0.8907781
0.5578089,1.2137787,0.10452934,0.60225946
-1.413073,-1.3715205,0.48620677,-2.29369
-1.3463924,-0.53159773,0.95561975,1.134212
1.2508528,-0.6215324,0.39029288,-1.3993827
0.6336961,1.1490579,-1.068322,-1.6781965
0.07236237,0.97342926,0.49455538,1.0052397
0.38933742,2.9045312,0.68093574,0.31872407
0.16891472,-1.5744504,-2.0058467,3.1605947
1.0929701,-0.33900902,0.2066803,1.8413647
0.9363324,-1.6322331,0.055369746,-0.5654886
0.36497784,1.2618948,0.35397306,-0.61037546
-0.09071695,-1.1515597,-1.0717764,1.3828557
-0.26612145,0.4080891,0.5211996,-1.223066
-0.57005763,0.27178574,-2.250007,-0.66831386
1.3943584,-0.25836992,1.069996,1.4635713
-1.9323257,-2.0547879,0.09894135,-0.6523429
1.3148037,-0.2433239,0.51101226,-1.0088778
-0.13750151,0.32135484,0.27319354,-2.3411028
-1.980667,1.0905931,-1.7310215,1.1849518
0.90170676,0.5405085,-0.2633277,0.58302695
-0.24838735,0.79815716,1.749005,-1.5515715
-1.1011237,1.061997,2.316228,0.1726049
0.027846813,-1.5161159,-2.5132499,0.85733145
-0.76047415,-1.2808834,1.8335398,0.3331888
-0.7487612,0.09908545,-1.863134,-0.6460457
0.23860046,-0.50536966,-0.31411168,-0.8108077
1.0423561,0.6625528,1.7669039,-0.25959206
2.2665744,0.20655967,-2.0711555,-1.1283451
-0.07649758,-0.14151648,-0.9724448,-0.036898088
0.70763314,0.2011132,-0.9254622,-0.7231795
1.2621126,-1.6846762,2.063697,-0.6341013
-0.12931082,2.492287,-1.1777287,-1.3534726
0.53133404,-0.015937602,0.2999647,-0.460442
0.6748826,0.19586813,1.4815391,-0.08513343
1.6043223,-0.060315616,-0.3592756,2.526101
-0.07944355,-0.27361166,-0.033843424,-1.1080376
1.7489103,0.07859494,0.5351995,-0.7063712
-0.052253958,1.5733737,1.8456829,-0.883311
-0.056329772,0.08041429,-0.5085829,1.2238343
-2.290021,-0.2659995,-0.049290378,0.6704526
1.2088406,-2.1639905,1.8167928,0.67030764
0.48349163,0.83073306,-0.63599074,1.0082438
0.116078466,-0.7289345,-2.3656614,-1.8539108
-0.7205321,-0.45175242,0.8266219,-1.0831761
1.7045633,0.90497977,-1.265505,1.5173475
-0.71434605,1.8425635,0.8724803,-1.4633615
1.7247982,1.2951093,0.80014753,0.9810753
0.7451662,1.319688,0.1623481,-1.1355973
-0.26423112,-0.81579137,-0.41159374,-0.39544052
1.2738167,-0.24844997,-1.6043228,-0.10949444
-2.0251822,-0.51817286,1.6093731,-1.4086462
-0.28396052,2.0544577,-0.4537971,-0.95878875
-0.9887612,-0.7797862,-1.5770468,0.81688905
-1.1673853,-0.32092744,-0.9837171,-1.2034465
0.21440761,-0.33628616,-0.43134674,-1.1314002
-2.56273,0.5325667,0.4631356,-0.015985915
0.34892374,-0.45461774,-0.68477225,-1.2530785
-1.1236863,1.3874439,1.0349715,2.6053123
1.2878348,1.7068921,-2.0138464,0.35921404
-0.5958288,0.08095815,-1.3352969,-0.8016262
0.024828427,1.3218102,-0.6927421,-1.1653538
-0.83970654,-1.9790239,-1.0950965,-1.6337891
0.73613995,-0.40520656,-0.90702224,0.07259747
0.86727417,-0.06918763,-0.11427165,-1.8642765
-0.10490858,0.71658254,-0.033006135,-0.69459665
-0.023671735,-0.3568972,1.7290413,-1.8840328
-0.2697802,0.06353033,-1.5825778,-1.3411037
-0.15582931,-2.2099745,0.39585808,1.4783944
-0.560462,-0.54944956,1.7519015,1.928114
-0.4881368,-0.12899381,-0.08900762,0.359804
0.96027285,-1.1339529,-1.4609233,-0.80086917
-0.3135692,-0.04112651,-0.42089826,0.46312568
1.238819,0.3718708,0.8528638,-1.1793619
-0.9292781,0.46976793,-1.5990875,0.10912539
0.3273848,-0.08174551,-1.0452521,2.3059318
-0.59795725,0.7786887,0.38909274,0.711202
1.2702407,0.4867737,1.2220404,0.7063261
0.043065384,-0.13097936,0.8315346,1.3028417
-1.4409748,-1.8930951,-0.8098583,0.42954373
-0.89225966,0.5281474,-1.7383592,1.2714711
0.17835724,-1.1433492,0.34730378,-0.34736058
-0.15061145,-0.048447475,0.27205715,0.93918926
0.83424824,-0.512013,0.34324312,1.2292774
1.2160445,0.7111209,1.7662283,-0.10911217
0.5244868,1.3413032,1.7497181,0.43541718
-0.3865414,0.8707422,1.4519402,-3.1696863
-1.1104436,-1.1213117,-0.69311863,-2.370153
0.14932334,0.922556,1.3400944,-0.92703605
-2.0165415,-1.3866258,1.0106809,1.3691545
1.0292363,1.7556491,0.15543704,-0.77290165
0.3199968,-0.92194086,-0.6982149,-0.73673487
1.4689139,1.5248775,-0.78233135,-0.16243218
-1.5422282,0.412633,0.0066391993,1.295822
2.144929,0.14429532,-1.4518807,-0.7546021
-0.44045788,-0.7587009,-0.27330408,-0.8076047
-0.75038075,1.1446122,-0.950009,0.8131385
-0.7946188,1.0950122,1.0556277,1.2555026
0.5855578,-1.9352361,1.1197376,-0.10569112
1.2518896,-0.4415728,-0.3442108,-1.0341032
-1.5511473,-1.165572,0.13523689,0.06766787
0.54017437,0.24885723,1.0824628,-0.34256765
0.8670978,-0.4254948,-2.3378847,0.112345226
-1.0173959,0.30887133,0.8534442,0.47138587
-1.0998576,-0.8885554,-0.13611346,0.35531586
-1.1458213,0.65170974,-1.287665,-1.1938133
-1.1672899,1.3847281,1.2387873,-0.7019795
0.1080715,-1.2475003,1.0001045,-0.738174
-1.3237373,-0.90184593,1.5010117,-0.5095688
-0.14538534,0.7117741,-1.245072,-0.33331558
-0.37472835,-0.6096326,1.2153722,-0.66084045
-0.5881538,1.374276,1.064359,0.026464537
-0.16750334,0.031608634,1.6751847,2.0559528
-0.52122587,-1.053263,-1.8827316,0.39349884
0.54104567,-0.35343897,-0.9973504,-0.043392397
-0.31761807,0.39451098,0.20787376,-1.3984039
0.54007256,0.80315095,-1.0030631,0.5373863
1.9219027,-0.64370316,2.3104076,-1.3270824
0.6012926,-0.30721462,0.97772115,-0.1546076
0.6696029,-0.25950214,-0.52892834,-0.35828024
-0.46838218,-2.0745368,-0.3500199,0.17046623
0.077669285,-0.51286185,1.5571933,1.1135522
-0.10597078,-0.31097704,0.56373966,-1.6934232
-0.20992912,1.4499205,0.42534846,1.7447642
0.39130875,1.5733415,-0.33859324,-0.7769978
1.1056045,-0.27163026,-1.1574571,0.8272778
0.29879075,-0.50864494,1.5578864,0.9924286
1.1861744,0.21820226,0.6261364,-0.5646868
-0.30704945,-1.4382998,0.9641215,0.17809547
-2.1221163,0.24846119,1.0764505,0.4867349
-0.64723474,1.0724072,0.60118836,0.73111373
0.15097114,-0.13869923,0.34572172,0.8375376
0.5811951,-1.0449904,-0.22287977,0.9959597
-0.99989974,-0.775767,-1.3090019,0.6749666
-0.22646892,-0.4602153,0.88639885,0.6591325
-0.11680644,0.35680813,-0.59988743,-0.86708415
0.7067632,1.1277874,0.4597574,1.1750396
-0.17219758,-0.12185611,0.1858956,-1.8009444
-0.97293174,-0.017399427,-0.92663515,-1.3751758
0.7910837,0.9135586,-0.5589051,0.7016096
-1.4673239,-2.3072631,0.403193,-0.61400926
-0.5229302,1.5743783,-0.39737967,1.1614889
-0.95700735,1.5388398,1.4216317,-0.8612289
-0.27994204,0.06944584,-0.21462865,0.47834682
1.0405089,0.5724231,-1.8491201,-0.030202702
1.1312381,0.21565145,-0.3653254,-1.207693
0.5895274,2.248461,-0.81799763,-0.038932286
0.025843063,-1.2412316,-0.88922894,0.46203005
1.5965685,-1.5124074,-2.4457817,-0.54934967
-2.016411,-0.79463357,-1.1161093,1.1762263
-0.7845754,1.5995044,0.29831463,-0.7527608
-0.6185917,-0.04862937,1.1708183,0.6243181
-0.29702914,0.6345343,-0.16434392,-1.2060143
-0.14124261,0.6114847,0.0167525,-2.7674932
1.4928732,-1.8876808,-1.7844782,-1.552003
-1.0273955,-0.28716823,-0.49143547,-0.96506524
1.8833932,-0.64599735,-0.42749158,-0.018440206
0.42759833,-1.0927761,1.2554896,0.32209548
0.11253486,1.7421923,-0.8384726,1.1964775
0.42680177,1.9411427,-0.3209745,-1.0885891
-0.04800937,0.17426115,-1.3843467,0.13517754
-1.0659896,-0.9368477,1.1510764,0.48593172
1.1960081,0.5472685,-1.7309521,1.6278228
0.23001969,1.035337,-1.6186843,0.919421
0.43002295,1.5323104,-0.21956979,-1.0459794
-0.017076904,-1.3366251,0.57562435,0.22604157
0.7369464,0.74987686,0.0052195825,1.6683846
-1.1306871,-1.1394182,-1.2351216,-0.840127
2.3043668,-0.82263565,-0.29207304,-0.022605188
1.2524288,0.05479225,0.32933667,1.5496206
-0.22254379,-1.4414251,0.38351747,-0.7083833
1.3768553,-0.6588604,-0.3449315,-0.5171973
1.2004204,-1.3201722,0.1391569,-0.51761246
-0.8912833,-0.37074223,-0.27617386,0.23042224
0.67145956,-0.31066906,0.36532712,-0.09016315
-0.93779993,-1.5354332,-0.28771996,1.0560933
1.0643024,1.5348169,2.095394,2.213985
-1.1384197,0.82983154,-1.166279,-0.10948019
-0.32425714,0.014653982,-0.3280839,1.2256261
0.1550764,0.12868728,1.3036767,-1.1419835
-0.8353889,0.65614563,0.5131172,1.4747884
-1.2296017,0.4197022,2.1023598,-1.5350958
1.0017543,-0.09058418,-1.1988537,-0.14563398
1.5985072,-0.45542502,0.22018479,-0.7911824
-0.06486973,-0.48609072,-0.5311478,2.4152913
-0.4700177,-1.9218632,-1.4995906,-2.6854188
1.2889303,-0.22966024,0.56284976,2.1418054
0.4977237,0.37122828,0.50271356,-0.7404473
0.4672146,0.51823014,-1.6360415,-1.1915095
1.5730798,-0.06481404,-2.2855875,-0.57862824
-0.25053766,1.0950366,-0.68645906,-0.9696039
-1.1088591,0.30199778,-0.5433547,1.27542
-0.99461305,0.22100116,-1.4332372,2.0979333
0.06977853,-2.0238824,-0.9430647,1.151876
-0.8444196,-0.5165917,-2.239785,-0.79400706
-1.8822876,0.23551598,-0.86433023,-0.18045428
-0.99704117,1.234241,0.68723726,0.13306575
1.7257425,0.099746145,-1.1157209,-2.0541236
2.358359,0.66401666,0.43988314,-1.683461
0.8178286,0.013705599,-0.20941152,-1.8999959
2.1686826,0.2152369,0.8141449,1.7732362
-0.39930096,0.8874789,1.0597942,-0.54870576
0.0124762235,0.60505044,-1.2976806,1.4489473
-0.39993033,-0.741148,0.9143819,1.6094557
0.322018,-1.1619759,-0.4982075,-1.0953188
-0.8911899,1.9627507,-0.67823654,-0.27772996
-0.86340344,-0.28976834,-1.7344375,-1.4461082
-0.061030567,0.35767534,-0.26883474,1.294473
-0.09492139,0.44954264,0.715636,0.5194447
0.11529697,1.0648577,1.2301059,-1.7973868
0.28519088,0.71535796,-0.7972347,1.1532445
1.8335044,-0.48952362,0.55243325,0.12210325
-0.5236351,-1.6563272,0.107354775,-0.2592688
0.970063,-1.5210518,0.45253876,1.4860402
0.10693303,1.3172207,-0.81094354,-0.014983431
-1.7538896,0.9647612,-1.2901356,-0.4773398
-1.8899765,1.1087714,-1.1600466,-1.7204192
-0.3305662,0.002061133,0.65773886,-1.4370948
-0.7182589,-0.23496404,1.1124611,0.96905255
-0.15536107,0.7722991,1.5805857,0.8638621
-1.3896914,-0.18068522,-0.4150614,0.96693593
-1.6962665,-1.9096676,-0.99742293,1.7313854
1.1390117,-1.5736338,-0.21236578,1.8489739
0.47627947,2.02038,1.2940333,1.3113911
0.5084689,1.4747896,0.7513065,-0.5212415
-0.48324358,0.67742604,0.47766736,-1.2431617
-1.0219698,0.57859296,-1.0170736,2.500379
1.2758425,-1.1378937,-0.64050496,-0.60658795
-1.1557407,1.8491582,-0.7248451,0.8741717
-1.2217356,0.17253533,-0.5185806,-2.5237024
-0.21326019,-1.3006694,-0.06920497,-0.23414572
0.8973403,1.5251209,0.24568701,-1.2779118
-1.0486772,-1.7704114,-1.9278244,-0.7150774
-0.28099677,-1.0205296,-1.5138265,-1.6662252
-1.3977159,-1.1091467,0.8154654,0.99506474
0.44560426,-0.01770745,-1.338072,-1.1226097
-0.34424415,0.78087837,1.3118311,0.5724628
0.16798812,1.7718183,1.4459953,-0.3282272
1.0236255,0.95986414,-0.4776,-1.3965067
0.28708905,-1.0712533,-1.6573898,1.6432523
1.0955552,0.009621235,0.015445268,2.5214202
-0.22404115,-0.53335184,-0.6204642,-0.5445074
-0.061181284,-0.103769615,-0.5584687,0.07001021
-1.1943899,1.2540464,1.3446306,0.624509
1.3486825,0.36304417,-1.3848222,-0.9878058
0.15666856,0.89485025,-0.23651947,-0.1211198
-0.039726753,-1.17876,-0.01097122,-1.2163068
0.6404633,-1.2222747,-0.7451726,-0.67959577
1.1699165,-1.8486129,0.41589555,1.9341395
-0.90008056,-0.5607763,-1.2402023,-0.27640906
2.5080938,0.54685134,0.9468263,-0.42134586
-0.6481476,-0.11772945,-0.121345855,1.7704265
0.40763083,0.71760434,-0.103103645,0.84839237
1.1505083,0.07466376,0.8213643,0.07920479
1.9506985,-0.73358697,-1.3749821,0.3399415
1.5996516,2.263728,-0.72778594,1.5721067
-1.652042,0.9413279,0.81786907,0.34869304
-1.0183444,-0.4579118,1.5711232,1.5004548
2.3440235,-1.4100635,0.3909576,-0.6535068
-0.17406929,0.036237646,1.4722483,-0.062073365
2.5128753,-2.0808852,-1.8811463,-1.778457
-0.40012166,-0.9666846,0.07701564,1.5089332
0.23391856,-1.5055298,-0.8492077,0.66556615
0.87105584,-1.8739103,0.06225511,-0.8394155
-1.4361961,0.407751,-1.0868913,-1.858933
2.1404107,-1.0486071,-2.0498307,-0.68254954
0.5827969,0.12643787,0.7373262,0.27569154
-2.104564,0.62468714,2.838204,1.1430873
1.3671163,-0.28107107,-0.49659577,1.9181417
-0.42871755,1.0617284,0.9256353,-0.9557056
-0.378621,1.0252736,0.14784035,0.89993143
-1.0295177,-0.767868,-2.0249984,-0.459259
0.56199783,1.3366969,-0.68944716,1.3812177
-1.9952039,2.5068161,1.0462954,-0.72175324
-0.22951467,-0.23581238,0.44074434,-0.43910158
-2.1639967,-1.2085217,-0.5183128,0.65846395
-1.9080249,0.94049215,-1.452497,-0.6160566
-1.3474369,0.2478362,1.6552144,-1.0578156
2.7435853,1.3788372,-0.51751393,1.7858694
0.53678334,1.2693874,0.059209336,1.1328747
1.1198711,1.2873288,1.4452676,1.3573446
0.017443953,-0.71443653,1.5477326,-1.7563171
-0.3358147,0.6664847,0.3017485,-0.8387097
0.8622154,-1.8722881,0.2906895,-1.4369181
0.5158108,0.5353935,-1.0469122,1.2175612
0.495772,1.4249103,-1.921226,-1.07151
-1.3771517,0.18071905,0.23884444,0.8545591
-0.008642301,0.96003747,-1.3851569,-0.30819815
-0.6867618,-1.3403022,1.1172085,0.36284184
-1.3831613,-0.0121177565,-0.7224591,-0.12172177
-1.9227337,-0.06646416,-1.6543852,1.2003572
1.0673779,-1.4111233,-1.3641794,-1.8938066
-0.8967662,0.6952527,-1.9216915,-0.6471647
-0.010770534,-2.529253,1.0991665,0.05555998
-1.0224192,-0.034716535,0.7906957,-1.2278154
-0.18938224,-2.6210084,0.6754362,-0.13533346
0.4905078,0.4647724,1.9038184,0.57631856
-1.8811312,-0.7460094,-0.79045266,-2.4360917
0.3884378,0.14325905,-1.1000265,1.1402504
1.350671,-0.6902667,1.432889,0.05958486
0.21734497,-0.7699962,1.487134,2.170912
-1.7386589,-2.3276641,0.6599515,-0.44880575
-0.76052773,-0.727874,-0.775804,1.0761377
-1.1620495,-0.55908096,-1.3663871,0.7084377
-0.2580076,1.5680447,1.2271137,0.24126753
0.4604657,0.7298762,1.6790383,0.22311138
0.10915561,-0.17705874,-0.060591757,-0.14906152
1.7408649,-0.7567724,0.60244143,0.777212
0.8891724,-0.54502565,1.2892088,-0.53146476
-1.2313423,0.5036873,-0.787837,0.33409068
-2.0161254,-0.1699108,1.5577556,-2.2175345
1.964666,1.4492443,0.78392965,0.7027706
1.6988982,-0.2221281,-0.70983714,0.7413267
1.7336613,0.8971043,-1.4306272,1.0890634
-1.0566024,-1.9153905,-1.3348743,0.32093707
1.2882625,1.557169,-1.3522506,0.7722552
0.91451186,-1.2255644,0.62978077,0.71132183
0.73854405,1.7281551,1.0728356,1.466637
0.9502747,2.0090947,-0.7427238,-0.12822194
0.6099624,0.60776824,0.061813723,-0.88412845
-1.675011,-1.6956153,-0.32948127,-0.7994958
-0.8507589,-0.22502826,1.9942623,-0.70035666
0.8683742,0.83211887,-0.104316704,0.08359234
-0.95506144,2.3077385,0.41093218,1.6165965
2.090063,0.13438067,-2.1783822,-0.760103
-0.23845164,-0.9107166,-0.08461207,-0.98455364
-0.83011997,-1.498648,-0.25544873,1.4277693
1.9079937,-0.6229762,1.755447,1.822041
-0.9319845,0.82833755,0.666869,0.198985
1.0766419,-0.35517982,1.4316176,-1.1830359
-1.4434805,1.0511928,-0.34941375,-0.75795203
1.0845804,-0.7002311,0.447611,0.40983516
0.3791599,-0.37995622,1.8601143,-0.5283796
-1.6547571,-1.5167394,1.3419745,-1.4309301
-1.2871773,0.54181206,-0.11764265,-0.713513
-0.20880687,-1.2676446,-1.5188916,-1.2137525
-2.4193168,1.8626826,-1.8629857,0.5465419
1.4408926,-0.9527222,0.45601034,-0.26940343
0.9901133,-0.03653331,0.5078974,-0.49726593
0.51556325,-0.28803614,-0.36979544,-0.37780687
0.59957296,1.1114621,-0.68602866,0.8289425
1.5167547,2.4529684,-0.45434114,0.7371572
-0.56180876,-1.2341112,-1.072288,-1.4412841
1.2710906,-2.225322,-1.0528362,0.59237367
-0.53722167,-1.7244005,-0.79579395,-0.6543027
-1.1212301,0.16399658,-0.849359,0.07371935
-1.282573,-0.4270748,0.7585057,1.2885379
-0.27916053,1.1563888,-1.2839441,-1.3725989
1.6637914,1.0815886,-1.3049308,-1.8060124
-0.61054397,1.0853724,1.1236119,-1.154798
2.832433,0.2748407,-1.3049909,-1.8881205
-0.60312736,-2.0104783,-0.5023225,-1.6994312
-1.2757375,-0.54197687,-1.6548183,0.41212475
-1.1543527,-0.42853054,-0.8508152,-0.012597402
-1.5407491,1.4569311,-0.6263987,-1.1919197
0.39238378,2.1839828,-1.6689752,-1.1916128
-0.1898058,0.5553301,1.140188,-0.9570976
-1.1208634,0.24375512,-0.91356486,0.5229471
0.7938082,-0.16517276,1.5678564,-1.597104
0.5955995,-1.1143652,1.912751,1.6553626
0.33635515,-1.0942708,-0.17398326,-0.5716652
0.517211,1.5640601,0.7505661,-2.1677625
0.22015013,0.72956425,-0.9472819,0.42220527
1.4302707,-1.5609367,-0.5369478,0.36630687
1.0438973,0.049471464,-0.14530948,-1.0667847
-0.38397798,1.8818899,-0.046307348,0.32850465
-0.2837491,0.590498,-1.9326929,-2.3996692
1.3555428,-0.49478292,-1.5403699,-0.588162
-0.8714058,0.86937433,1.852603,0.48558915
1.6466494,-0.25277594,2.540863,-2.114564
0.96028984,-1.8032621,-0.85061795,0.064194046
1.5037681,0.46434027,1.2627771,0.89346486
-0.012476255,0.062330354,0.65899515,-1.2257022
0.8164395,-0.86395824,0.29628912,1.5144604
0.118675925,1.0278332,-0.04340566,-0.5609162
-0.7396866,-0.40998337,-0.59070164,-0.12553935
0.46318707,0.94393677,-0.65929997,1.5092473
-0.6642283,0.64913,-1.7328761,-1.4295439
-0.27180436,-1.5066803,0.14468831,0.43900248
-1.3593729,1.1114295,-0.88378763,-0.9622729
1.4816002,-0.3861316,0.3655016,0.22235362
0.34157497,-0.11605509,0.64808655,-0.76777995
0.10543814,-1.2099397,1.4010139,0.11476208
2.3039203,-1.3587741,2.022372,-1.4889245
0.4664231,-0.9000791,-1.2069296,-1.3256599
0.7270854,0.6154458,-1.3013824,0.661013
2.5885448,0.08545138,0.22980534,-0.9913386
-0.16096027,0.10064608,0.3254828,-1.4976692
0.46042705,-0.42222977,-0.04734246,0.2950977
-0.4251965,0.5875988,0.97010064,1.2051148
-0.5328224,0.077377565,-2.1512225,0.73369455
-1.6794317,-0.11161244,-0.6616208,0.3926407
-1.0005202,0.70629704,-0.05960729,0.7964094
-1.3109101,-0.641443,-1.8679184,1.8683419
0.14730686,1.8421184,-0.35455287,1.4590467
2.5073254,-1.8139201,-0.73032475,-1.1092048
-0.56982476,-0.3735593,-0.099651046,1.2072308
-1.7855705,1.8970832,0.8105537,-0.46911785
-0.14755438,1.320315,-0.737005,2.8599634
-1.1074879,0.0008981415,0.6866356,0.26768744
2.725659,0.39272982,0.0076862527,0.28908658
-0.21710312,0.26168436,-2.0445213,0.4733424
-1.1283339,0.829125,0.7232841,-0.41761333
1.4516406,2.4804127,-0.31775096,0.8293281
0.95723075,-0.90018016,0.55708253,1.308513
-0.77835137,0.8360923,0.21670215,-0.81499547
-2.3422008,0.04162719,0.0677012,-0.5521152
2.705789,-0.96456873,0.8781754,-0.71195596
-0.3346698,1.4206012,-2.1498234,-0.48812807
-1.4346584,0.058290612,1.9756837,-1.297619
-0.70924073,-0.7203333,-0.338322,-0.41841757
0.4170995,-0.13720635,-0.6001529,0.0028339017
0.06882865,-0.886511,0.221795,0.0088664135
-2.0668623,-0.43791434,-0.85460746,1.9484273
-0.43669567,-1.5925188,1.0923669,0.54890954
0.4695274,-0.6413193,1.4782783,0.31318593
-0.08538186,-0.31245536,1.4924586,1.3294101
-1.3423318,-0.47131613,-1.2218707,0.8439551
1.0314367,1.6020122,0.8341326,-0.6053695
2.7296958,-1.3399407,2.3102083,0.6253333
2.1323404,0.79056406,0.9441258,-0.5296524
-1.5919061,1.1378754,0.34090322,1.1953205
-1.0300753,-0.21062748,-0.46044084,0.23484254
-2.4050262,1.8794019,1.2213507,-0.8595792
-0.52630985,-0.19984974,1.14763,-0.37274015
-0.90049946,-0.09913394,-0.42082608,1.7425412
-0.97174245,0.9646384,1.2980609,0.8658342
0.02751771,1.1369277,-1.6415005,0.0044144276
-0.69382244,-0.33578822,-0.5903196,-0.3916815
-1.139421,-0.32085344,-1.0279055,2.0197551
-0.5729591,1.9844527,0.61524713,1.1136608
-0.70336056,-2.8908305,-1.1429888,-0.31632403
0.49288678,0.04349434,0.91607565,0.44077474
0.16937256,0.81744975,0.8415332,0.5912187
-0.65851796,1.211882,-0.5258904,2.3403332
-0.6720231,-0.47635147,-1.1555195,-0.44857463
-0.8604643,0.81660765,1.6165154,-1.7777376
-0.40899068,-0.09127,-0.1093527,-0.23419961
-1.0106269,0.15802474,-1.9471692,0.90877575
0.3882757,-1.89488,0.33652458,0.7878077
-1.8530587,0.054746192,-0.054046035,-0.46602643
0.87408715,0.8953571,-0.6423151,0.519781
-0.15696187,0.6510634,0.6209072,0.21623093
1.1266485,1.3545785,-1.4173169,-0.77218586
-2.7056952,2.2374806,0.50547504,0.24862827
-1.260306,1.5176835,0.64198446,-0.28477868
1.1510346,0.42578727,-0.21899252,-0.09568585
-0.7154706,-1.2976007,-1.444649,1.2682431
-1.235347,-1.288451,-0.00021281735,0.18859883
-1.6566821,-1.2082855,0.8106748,0.31099486
0.017740933,0.32080162,0.26385164,1.1591545
-1.5924855,1.3605933,0.05392707,0.6233603
-1.3685852,-0.2671723,-1.1370362,0.06790816
-0.5550724,-0.30257255,-1.8781902,-0.7452371
-0.39693448,-0.26159316,1.2771946,1.1487255
0.3392444,0.36104986,-0.20277181,0.6099817
-1.1560946,0.7301097,-0.51395357,1.1113908
-0.15780976,-0.13386999,-1.4869338,0.15792605
-0.02410662,1.8480632,-0.385062,-0.08275015
1.2742819,1.0977695,0.0024758796,1.1184094
0.064760655,-0.31836662,-0.060510408,-0.8694865
0.12417577,-0.84807825,0.62592787,0.3538626
-1.0199399,-0.62309,1.678136,0.771485
1.851073,-0.9090725,-1.5802743,0.74919087
-0.98763126,1.1690003,0.8717039,0.42579326
0.28413898,-0.14117414,-0.3214582,0.92723817
-0.6709779,0.2662027,-1.7032361,0.73097676
-1.5078928,1.3886703,-0.17789048,0.5985476
0.26081452,1.209544,1.2094111,-1.7072976
0.62447643,-0.049248546,-0.8117365,-0.76228315
2.0863893,0.6591457,-2.5913286,1.4840108
-0.5140961,1.423794,0.43646893,1.0304351
0.8655339,0.5600464,-2.326486,1.3027802
0.704409,0.28641963,-1.4757019,-0.30412996
1.5752338,0.3661682,-0.8334409,-0.20375504
0.5631139,-0.88958883,-0.17262241,0.06413984
0.40473065,-0.026306156,0.35360435,-0.25287557
-0.9653038,-2.0087261,0.76145923,-1.324983
-1.770354,0.7582967,0.4311283,-2.2706103
1.4637574,-1.3764584,2.104467,1.5177721
-0.03331054,0.9338416,-0.8467089,-2.0160239
-1.8284333,-0.77888614,-0.17752878,-0.13181163
0.1521954,0.19551222,1.2179906,-1.2173822
0.2965082,0.71628153,-1.1099309,1.893932
1.5967548,-0.6321948,-1.5199836,0.2152446
-0.70869946,-0.56360507,0.7743497,-0.38814276
0.04277031,-0.36496302,-1.6007107,-0.3158811
-1.3031851,-1.8093431,-0.57019114,-0.3079736
-0.09951968,-1.8041672,1.9483302,1.2115606
0.5677521,-1.6646922,0.9529471,-1.0063103
-0.3793758,-0.6305827,0.93377095,-0.7046865
1.1943749,1.7842046,-0.3753792,0.94142246
0.87012863,-0.2993266,1.3238674,-0.93282473
1.3825052,0.89054435,0.29050782,-0.09978051
-0.9349152,-1.1754038,0.20938082,-1.4439623
0.9559542,0.8556373,2.0440068,-1.7748662
-1.0819745,-0.5979058,0.004000124,1.6020098
-1.2143807,-1.3141274,0.83423036,0.5395021
-1.607482,-1.4378474,-1.731952,1.2145733
-1.4239306,-2.1698577,1.8740991,0.32584375
1.4761026,-1.4221039,1.3564246,0.98099905
1.1250046,-0.24825253,-2.5273879,-1.5349476
1.6206075,-0.5803234,-0.7065027,0.30207658
-1.9416996,-1.6639589,-2.0073562,-0.6558463
-1.371352,-0.6238474,1.29463,0.9262956
-0.21418953,2.101932,-0.030835353,-2.2664633
-1.1819222,-1.0339077,-0.78320575,1.2958589
-0.027263915,-0.052833453,0.13048491,-1.603078
-0.071023755,1.197253,-0.6334214,-0.8316213
-0.019161178,0.22560342,0.8449414,-0.89756817
-0.6818697,2.400484,1.3057954,-0.86511964
-0.76365054,-1.2111149,0.72574836,0.4927349
0.40848926,-1.574832,-0.07461675,0.32442644
-0.7474193,-0.2795318,-0.9448877,-0.47233298
-2.9984188,1.656282,0.16956688,-0.29795915
-0.40601248,0.6087383,-0.3261324,0.011494779
-0.44959438,0.81415284,-0.85026807,-0.8255859
0.87298894,-2.2508998,1.0598873,-0.8219039
-0.47486615,-0.8461172,0.22462294,-0.068676576
-0.9700383,-1.489786,1.4915049,1.2703196
0.9132288,0.2504936,1.9055331,-1.3259456
0.26847398,-0.59482944,-1.4812775,-1.7692741
0.42003486,-0.140179,-1.1047065,-0.78433526
-0.022067592,-0.24566779,0.009488964,-2.1501658
-0.38659197,0.13527669,0.0030504582,1.7621876
0.6427419,1.5090894,0.31613445,0.5982782
0.16673979,-2.4633563,-0.46681663,1.5136065
-1.0046455,-0.25380236,0.45295015,1.2114134
1.0738535,-0.20579638,1.0809977,-1.1167754
-0.3223203,-0.29266927,-0.46048367,0.33937404
0.796824,-1.9845589,-1.2027552,-1.3881065
-0.25540626,0.64459324,-1.9749643,-0.2746009
2.71981,0.74961483,-0.9332112,0.60752785
-0.6783288,-0.23106995,1.6642755,-0.6452015
0.8111858,-0.2343835,-1.1530252,-1.5083368
-0.086090825,-1.6055822,-0.24158305,-0.15609536
-1.751036,-1.0789688,-0.48533407,1.953677
2.0052,0.41262746,1.8091649,-0.3195126
-0.09172834,-0.45980805,-0.74937177,1.5006963
-0.8927415,1.0928807,0.066739105,-0.16938233
-1.9774101,1.271704,-0.5984724,0.8949744
0.50766045,-1.8259693,-1.5774834,-0.16336702
1.1816746,0.005499241,0.8413637,0.4685555
0.76375073,-0.27695724,-0.39239284,0.5059566
0.053462595,0.62330925,0.9717774,-1.0578774
1.1270565,-2.574753,0.50536615,0.11617153
-0.6617239,-0.40436026,0.71632504,-0.5684934
0.5996244,0.12613423,0.13992536,-0.1367771
1.4099877,-1.1229484,0.032435816,0.8075106
0.66336524,-0.071870655,-0.22667949,-1.1698487
1.5553151,0.69775105,2.124304,-2.3738708
0.7563238,1.3138793,-0.6234119,-1.3889589
0.886132,0.27079788,0.35656205,-2.764958
-0.429334,1.2920749,-1.2406598,2.0898263
-2.1176188,-2.530912,0.6565097,0.9342169
0.63125515,0.8899799,-1.9622428,-1.1094953
-0.53024024,2.1631804,-2.060171,0.16542654
0.652377,-1.0830553,-0.7960192,-0.38325647
0.7724337,-0.040550273,-0.4446154,-1.243192
0.42760274,-0.1413057,0.44350123,-1.5171849
-1.3144264,0.85718954,-2.490964,1.1155401
-0.11950075,-0.13136975,-0.47798488,0.38405937
0.9649443,-0.76311094,-1.5929034,-0.54492974
1.2546798,-1.058813,-2.1244879,-0.8678007
-0.5384379,0.87829226,0.5682497,-2.24394
1.5595645,-0.6845022,-0.6251033,-0.93435466
1.0942998,1.6220578,-0.25171366,-0.7470229
0.48692292,1.8065553,-1.4601356,1.5751792
-0.5898142,0.2778079,1.4691447,1.9494534
-0.26633242,-0.8378231,1.4631034,-0.6963688
-0.003530833,-1.3764027,0.6674393,-0.28750062
-0.9993967,2.1205885,-0.63289607,0.71906
1.2547171,-1.0233803,-1.3022575,0.13095337
0.6064679,0.19299607,1.6955016,-1.8925672
-2.1724312,0.7252838,1.2711028,-0.86970115
1.337903,0.9470045,1.6471353,-0.19118942
-0.86461866,0.13859029,1.262338,1.2155143
1.0825967,0.12437759,-0.15618362,-2.5127442
-0.0058213966,-0.9021599,2.4744656,-1.3442116
-0.72241217,-0.90649825,0.023449976,-2.1048207
0.4958602,2.1238441,0.67322266,-1.579598
0.13040055,-1.5220742,2.499227,0.29874262
-0.5935851,0.34832606,0.0074801543,0.014709557
-0.047191564,-0.42753166,-0.44991904,0.6882009
0.31233507,-0.06642786,1.0311146,1.2086426
-0.6178251,-0.42322907,1.1344965,-0.18857887
-0.4788854,-0.42489183,0.1673811,-1.1001083
-0.03298109,0.50471234,-1.6433,0.32898033
1.4685239,-1.6732067,0.7635502,-0.8492422
1.4477575,-0.30310205,-1.3670036,-0.31341112
-1.3224611,-1.1394747,-2.4368699,-1.5937114
0.9854212,0.19531432,0.9145614,1.7833737
0.12857506,-0.86583376,-1.6424437,-0.3325169
-1.158157,0.9142977,-0.10622853,-1.5406079
1.0744928,1.8126408,-0.80109674,1.3634573
-2.1713295,-0.8867625,1.4315879,-0.6987746
-0.06757027,0.43744883,2.3164732,-0.38180834
-0.38881606,-0.04776027,2.14834,0.97552806
2.5035539,2.2103293,-0.6150938,1.0742836
1.1196629,0.15495624,-0.18285263,0.9671045
0.21201386,-0.83806956,-1.1121303,2.4105058
-1.2106899,-1.7167884,-0.45339128,-0.6560719
-1.6122477,0.9414907,0.83718824,0.69693196
-2.4182978,-0.38490957,-0.31962374,2.1993017
0.48594218,0.7144874,0.5378892,0.44150427
-0.03803558,0.49300355,-2.2616057,-1.8181661
1.7315438,1.204164,0.26762512,0.67329687
-1.9945568,0.34902772,-2.703123,2.654146
-1.4038668,0.6655647,1.4659712,-1.1659113
1.1664275,0.4648584,0.7547278,0.14186232
0.6822936,-0.0047156336,0.05700302,-2.4072104
-0.40099204,-0.6318615,1.672022,-1.6639819
-0.4158097,-0.9118665,0.09211004,1.2972875
1.4267244,-0.5527034,0.0045013893,1.8934827
1.938066,1.5949092,-1.2264392,1.4941926
-1.0539174,0.20325902,1.5420581,-0.8738688
1.7041684,-1.2927063,-0.19766846,-1.5777953
-1.8092504,-1.7319814,-0.9683604,-0.186609
-0.1424211,1.6663864,-0.32995886,0.41151708
-0.67365813,-1.0386413,-1.4596715,0.11080213
-0.43504563,2.2618265,-0.059150692,-0.22491969
0.08326028,0.098179206,-1.2461559,-0.94614637
-0.8363883,-0.612823,1.0038786,0.045464657
-0.3454216,0.42046055,-1.5947486,0.7894615
-0.021368356,-0.0056550703,-0.6349722,-0.946479
0.9237116,0.37786886,0.44443336,0.480188
0.6147871,0.31736395,1.3903285,1.497014
1.3109413,-0.7995934,1.7044052,-0.015117721
-0.22300273,-1.0840287,1.9425108,-0.05374076
0.44849324,-0.9390542,0.41258618,1.1647832
-0.5012552,0.71894485,-0.87762374,-0.5331054
0.03473674,-0.8463961,1.0701632,1.0741754
-0.13812615,-0.9892678,-0.18347138,0.36673808
1.051212,1.177506,-0.14986634,0.48155275
1.5642974,0.035850804,2.0697641,-2.666513
0.17468658,-0.7910657,1.0482203,0.9334298
-0.7545897,-1.1567318,0.42367277,1.1738039
1.4749554,1.2851261,-0.76342064,-0.06415349
2.109122,0.7645033,-0.41521668,-0.37775555
-0.88066715,1.1937522,-0.31354496,1.7163758
2.5410454,-0.04268529,1.5376428,1.1332674
1.1008205,-1.7429961,1.0290979,-1.2635995
-0.9196273,2.1741176,-1.2440797,1.5166814
0.83272046,0.5830375,-0.41818437,-0.78713626
1.5117723,-0.8573928,0.62794757,0.14996362
0.35672277,-0.32562283,0.8032479,-0.33665267
-0.24976136,-0.5153881,1.4626706,1.4335104
0.6602358,0.027895203,-0.21626796,-0.6111375
0.5460926,-0.47534335,-0.3209381,1.2179605
0.025855716,1.843308,1.8554997,-0.016388997
-0.5656299,0.06228803,-1.5885626,-0.19357301
-0.7504477,1.6182302,1.8840576,1.6562142
-1.1854767,0.48354194,-1.5295408,-1.4592121
0.652114,0.77621955,-0.96532494,0.39152628
0.6232053,0.6447688,0.47354454,0.35883647
0.57895803,-1.7318455,0.809665,1.6285576
0.38870883,-1.5058253,1.0152808,1.372099
0.96471447,-1.844523,0.70017,1.1074002
1.0422621,-1.2239103,-1.2821311,1.1366453
0.57870555,0.8160811,-0.69937724,-2.0088413
1.2176687,0.45335415,-0.8770042,-0.86476135
1.5389882,0.04709778,1.180242,-0.65322036
-0.39013913,-0.6275787,-0.46984336,0.2067035
-0.05313569,-0.09136823,0.5576831,0.5110844
0.7042428,0.44688967,0.65670735,0.5452745
1.1408744,-0.9862136,-2.386279,1.2518209
0.1865072,-0.049139462,0.6185281,0.10178379
-0.54958767,1.1526972,-0.49123797,-0.59813
-1.1195087,-1.2160767,0.5976053,-0.1890915
1.5629119,-1.3206695,-0.554493,-0.17825307
-2.051123,-1.2046381,-0.46387497,0.06314847
-0.060110208,-0.7702133,0.2717429,0.2859887
-2.1112318,0.00015397173,0.3583012,-1.0790983
0.7823291,1.4494426,-1.3138064,-0.75874025
-1.4687884,0.057827316,-0.37814832,-1.1087853
0.4671068,-1.0728316,0.8833711,1.7177627
-0.5819866,0.58635163,-2.2855244,-0.11932013
-2.1320174,1.7083071,-0.070384115,-1.2040629
-1.0400697,-1.441353,1.3053929,1.2683513
2.1110795,0.5053155,1.6790082,-1.8149678
-0.917742,-1.1816016,1.2654774,1.9178089
0.08709648,-0.89873284,-1.8611027,-0.5679643
1.0393418,-1.1650113,1.5962919,0.42727816
2.2033017,0.30030492,-0.60580647,0.26129794
-0.61468625,1.1088121,-0.11012441,1.1578996
-0.69127107,0.8084247,-0.20914495,0.0060569015
-0.71385235,1.085395,0.60373634,1.0033809
-0.40693837,-0.8967934,-0.41431123,-0.7439196
-0.33817047,1.5239304,2.1069288,-1.5245824
-1.4791881,1.1126288,-1.0605483,0.40860617
1.1158649,1.3863727,-0.99311364,1.2853894
-1.2191486,0.07528452,-0.16021512,0.7952601
0.85884595,-1.5336678,-0.15799278,2.1494067
-0.2991904,-0.75514764,-1.241336,-0.19715978
-0.3458164,1.4994454,0.98408735,-0.7836085
-0.33147386,0.27656186,-0.6350043,-1.4216894
0.45096746,-1.4117597,-2.1611896,1.4817207
0.99356365,-0.058545392,1.2209554,-0.85830486
1.5485238,-0.134226,-1.319103,-0.39249295
-1.3867409,-0.90737766,0.9322168,0.65135074
-0.004979361,-0.431436,0.63358796,0.38341993
-0.91485274,-0.7455106,1.1700531,-0.14017843
0.011228773,-0.92581546,0.5964748,-0.27223614
0.6447008,-2.3679106,-1.1243675,0.26611796
-1.5288599,0.07030145,-0.081726454,-0.7895081
-2.0514598,0.8603514,-0.5799553,-1.7099687
0.8384075,1.1617109,2.5541484,1.0327427
-1.5911546,1.0760728,1.0315771,-1.0341712
-0.055202916,1.5905555,0.27163076,-0.27073166
0.70192844,-0.05343377,0.96217084,-0.7713799
-0.53247255,0.6760207,-0.6066852,0.67106974
1.8746501,-1.9867709,-0.33132046,-0.9098346
-0.17468649,-1.1479518,1.2748744,0.88184553
-1.9215753,-0.87163454,0.60470366,-0.52311456
2.0277503,0.3422459,-0.7364841,-2.0875676
0.8473331,-0.87921345,-1.4997997,-1.8969198
-1.4190552,1.7855506,-0.42818376,-1.2853231
-0.050475974,1.8373332,0.24414818,0.6813182
0.34810123,0.9246563,-0.063928686,-0.6458066
-0.9899129,-1.1283313,0.6483424,-0.6699025
0.42036766,-0.30448732,-0.6814877,-0.27725774
1.1311593,-0.22067782,-1.1936371,1.0480093
1.4104346,-1.3174683,0.8769725,-1.4020697
-1.2646198,-0.24120931,-0.06588803,1.1244061
0.58930403,0.73792464,0.51985943,0.56114066
0.94083273,-1.5560659,0.07511318,0.5684492
-0.6079,-1.4876918,0.23294628,-1.4559838
0.50332594,0.68428946,-0.12284869,-0.13404888
0.684195,2.8527093,-0.9510837,0.43973228
0.92789227,-1.4672396,-0.540184,1.0997066
1.4340098,-0.33305594,0.893788,-1.1272384
-0.069250874,0.8404987,0.7974253,-0.36268246
1.3299674,-1.809112,-1.4264898,-1.6056309
0.74107176,1.5155104,-0.07598344,-1.268854
-0.6447585,-0.8217819,-2.4544904,-0.44633582
-1.0032194,0.49319196,-2.0812654,1.1469711
1.604109,0.09295442,-0.68954325,1.801279
-0.3326043,-0.068320036,-1.8617343,-0.73292637
-0.24722224,1.3693362,-1.4641467,-1.7759318
-1.2409583,0.65805525,0.9553982,1.7788607
1.4732453,2.3592193,-0.80861384,-0.096666016
-0.73702544,-1.0543351,-2.0450554,0.9983801
0.34735468,-1.2232107,-1.5126146,-0.10812711
-0.94657993,-0.32272518,-1.5827699,-1.3986369
-0.9050532,0.4437032,-2.1955528,-0.6329824
0.10594582,1.0464602,0.64377964,-0.9833433
-0.74057275,0.9366083,0.6168028,0.8050305
1.6735575,1.3672247,0.5451292,0.1374788
-1.5913684,-1.4648527,-0.7347737,1.524752
0.37445801,-0.7910854,0.2918311,-1.0097256
1.0876496,0.78873855,0.49053723,-1.0546912
2.3872125,-0.40494362,0.5967578,0.89697164
1.9667726,-0.31173763,1.8363538,-1.6709635
0.098599054,-0.67702985,1.3459933,-0.42159212
-1.1927736,1.8719776,-0.6995859,-0.39571834
-2.1934922,-1.1029136,0.29251543,-0.2026746
-0.44746938,0.91053873,0.8642735,-1.7816991
-0.020868594,-1.31368,-1.1982574,2.0196483
-0.07785131,1.8344983,2.0798018,-0.951754
0.08539593,0.09033261,-0.9765911,-0.83405447
-1.0133047,0.0843847,-0.5318946,0.21160612
-1.3044633,-3.1374292,1.6038924,0.27575055
0.16453032,1.4111215,0.114180885,-1.2957443
-0.13894314,-1.8395247,-0.07894294,-0.32125586
-1.1954182,-0.5216289,0.89768904,-0.06657805
-1.7965531,-1.4807736,0.27365312,1.0315564
0.20056461,-0.4456447,1.2124729,-0.31179932
-1.8551592,0.8520171,-0.35067293,-0.88419855
-1.4283173,1.5970919,-0.8775171,0.79292613
-0.022102311,-1.105894,-1.142279,-0.20288746
0.38842547,-0.68532246,0.48636922,0.39559516
0.530418,-1.6297028,-1.0808423,0.7556473
-1.5813022,-1.1906072,0.39816952,-0.50443137
0.37080118,-0.45669973,-0.28751293,-0.90448326
0.7488378,0.19956154,1.5512732,0.25322104
0.19023825,1.0010073,0.8105415,0.45565146
-0.9392334,-0.6899431,0.59545773,-0.6878005
1.776167,-0.010992059,-0.6473476,-0.09613618
0.5554202,1.1120824,-1.5770072,0.13826925
0.12697192,0.28171661,1.9344649,1.1960979
0.7460379,-0.7303301,-0.94415367,-1.2216713
-0.49861848,-1.3328319,-0.44617778,0.5005074
1.5317667,-1.7259398,-0.43545288,0.53194064
0.035132036,-0.2491848,0.86125773,0.3732357
-1.1581935,1.1955469,-1.0608208,0.07398083
-0.7337368,2.5546277,0.46149322,-0.1748799
-1.2365104,-1.2840778,0.81452537,0.19558132
0.77852833,-0.014674117,0.80838865,0.17702933
1.5168122,-0.16872637,-1.4536116,0.16083989
-0.13477701,-0.35849977,2.0117462,-0.03452244
0.92727053,-1.00014,2.222612,-1.0688252
0.96186954,-0.90778464,-0.8740847,-0.877014
-0.8876734,1.590325,-1.1750973,0.8734534
0.46947026,-0.99586385,-0.9921398,-0.4093157
1.7737077,-2.0712028,-1.5258396,-0.33279547
-1.5903406,-1.0987476,-1.5808557,0.2241347
-0.18328637,-0.42038813,2.4595823,-0.30569935
-1.8474227,0.1842006,-1.3779472,-0.8357633
-1.3927473,-0.3229845,-0.92488885,0.9508301
1.6827524,-2.1652312,0.5429952,-0.115630575
0.62092507,-0.49161723,-0.85462546,-1.0642916
0.3816141,-0.8582711,0.4159819,0.8577997
0.60479534,-0.30130255,-0.79527956,0.31055957
-2.0737166,-0.79892856,-0.27557573,1.8844163
0.18320684,1.4731055,-1.5951775,-0.71887535
0.863853,-0.8069,-2.555278,0.24598092
-0.47964233,0.033006165,-0.9733105,-0.89965314
-1.7556857,2.1611924,0.02006594,1.1063912
1.5008695,-0.05626464,1.4777604,-1.2888935
0.5680838,0.17261173,-1.096652,0.27139798
2.3233902,-0.5371108,1.9746825,-2.1516378
-0.5246549,1.5008904,-0.17737164,0.24248047
2.0502715,-1.0947944,-0.2170269,-1.2372465
1.569498,1.2044834,-1.4181705,-1.1358589
-0.73743564,0.41687655,-0.37161565,1.1657768
1.3806754,0.05308365,-0.96747583,0.2798087
1.3077525,-1.1257983,2.0749228,-1.1180031
0.31727052,-1.5486965,-2.9515574,-2.1395366
-0.049189102,0.32535136,-1.106003,-0.13713072
0.645333,-0.7144342,-0.92134887,1.0285295
2.1492913,-2.0115213,1.2530019,-1.8624272
-0.5398332,0.7317381,0.82410604,1.5969117
1.5957532,1.1166172,0.6629496,-0.48361218
-1.1800734,1.4454037,1.5364394,-0.24915704
1.2008457,1.1021088,-0.3692727,-1.411511
2.0133061,-1.2462898,1.0964687,-0.7121264
1.2496704,0.13799857,1.4525157,1.133925
0.8726221,0.9562503,0.46587566,-1.4793642
-0.39766935,-0.022041244,1.1150497,-0.09259409
1.2601273,0.70746225,0.36640936,0.76804084
-0.14638817,1.5467995,1.5615045,0.8474207
-0.70823187,-0.733047,1.1548404,-0.35847902
-0.10668186,0.43438143,0.7410188,-0.032621432
-0.93283874,-1.9431967,2.4203255,0.028841138
-0.9937443,-0.86827475,-1.1916331,1.1095989
-1.1079804,-0.60087407,-0.41666606,-1.0206971
0.36234742,1.0125606,0.83141303,0.67691207
-0.35752738,0.07985581,-1.0915555,-0.58846694
0.054642025,0.046063118,0.6981224,1.4940436
0.9682336,-1.3289607,1.6731642,-0.061337702
1.1194993,0.45834184,0.83832514,-0.8043479
0.47132924,0.022011539,0.6302264,-0.9231816
1.7091928,-0.7984189,-0.53283745,-1.8603469
0.560474,0.57010204,-2.0076494,-1.1877075
-0.3486288,0.7579957,0.109103896,-0.1316085
-2.7563467,-0.16106705,-0.0911283,-1.3504595
0.21274738,-0.32838872,1.6258092,1.3292965
0.9905646,0.6116081,0.7538725,1.7744362
-0.8688763,0.23918507,0.0058675413,0.78894943
0.622433,0.3817979,-0.6672529,-0.115475595
-1.0581346,-1.7587423,-0.5834083,0.022755284
-0.9404609,1.213634,0.13851863,1.6193529
-0.37961954,0.88963014,1.3982667,-0.19018412
2.5401268,1.1678468,0.17752038,0.57393724
-0.8426275,0.76706463,-0.97134817,0.94727135
-1.852577,-0.513788,0.45832548,-1.1102483
-0.44209892,0.89062566,0.7895719,0.06247648
-0.98967785,0.77828455,-0.68490106,-0.39310333
0.39013958,-2.4375029,-0.9699383,-2.350465
0.6898405,-0.20742452,1.3148133,1.0951592
-0.25619832,-0.9428341,0.3381467,-0.5073088
-1.2519177,1.8577698,1.5459945,1.9230347
1.5462395,1.0473877,-1.4325033,1.1618934
0.55023104,0.45675507,-0.97833335,0.75377744
-1.4297283,-0.5999672,-0.32431155,-0.7408081
-0.7761423,-0.31518224,-0.83142,0.4494427
0.9743553,0.31393963,0.03703421,-0.16865402
1.3308868,-0.038287684,-1.5716232,0.15854739
2.5817473,0.4069339,0.01694192,-1.5278089
-0.019078929,1.2924004,-0.9211585,1.555854
-0.5671325,0.13493446,-1.2157536,0.94903934
0.20874009,-0.3253673,1.0046453,-0.7907291
2.6381848,-0.54349,1.611009,-1.0911968
-0.61194927,1.026865,0.60217774,0.9145313
-0.23767787,-0.85174257,0.5601147,1.8857018
-0.05615531,-1.6611023,1.0362006,1.307065
-0.510059,2.3568935,-0.8695744,0.67820525
-0.48868653,0.3748127,-0.41358593,-1.0109595
-0.5226306,0.49059445,0.26956907,1.3342842
1.8356495,-1.4544787,1.5292157,1.3472309
-0.73490965,-0.19303952,0.43851125,-1.4342357
-1.6397961,1.9295881,-1.1795508,0.7234672
1.6217557,1.723431,-0.9258054,0.32783747
-0.4750463,1.6610343,0.11809424,0.73181456
-1.3624632,1.7014298,-0.039055925,0.24273698
-0.55771995,0.6020364,-0.72747695,0.5606279
-1.0179718,2.1031034,-0.16345114,1.170726
-0.5201624,-0.22633238,0.8269075,1.2171265
-0.97668236,-0.3272874,-0.8215777,0.06564525
0.476235,0.14452077,1.1223352,-0.64528495
-0.2603133,-0.37885904,-0.7998434,0.06944327
0.98874533,-0.79838383,-2.2625604,-0.14270034
0.8831836,0.28045848,-1.684221,0.63532585
-0.9403007,-0.86044335,0.39423713,-0.66398716
-0.2075679,-1.1746258,-1.07855,0.76426715
0.8005468,-0.8832302,-0.7510189,0.9056452
-1.0894245,-0.31520018,0.4245338,1.7895792
-1.0224134,-1.8072478,-0.9077826,0.28556502
-0.31652534,1.4176129,-0.842074,-0.25662038
-0.25104573,-0.032656025,-1.5947675,-1.1284266
0.036478538,-0.9975639,-0.9290252,0.26996398
-1.6447138,0.097189166,0.34413663,-1.2865065
-0.58781284,0.47813782,0.1776935,-1.3390509
-0.35840204,0.18987402,0.7443736,0.47875577
0.70277923,-0.35919952,0.5929803,-1.6796074
-2.2571993,-0.21206196,-0.816717,-1.1234841
-0.5647928,0.08688363,0.36687124,-1.1500275
0.30263728,-0.27331382,-1.5424887,-1.9524854
-1.7051425,-0.34548402,-1.5006878,0.676351
1.064046,1.7390573,-0.9074572,-1.1203701
1.2824506,-0.18568303,-0.18658455,-0.3769179
-1.2872577,1.5728775,0.9363528,0.6980338
0.25085372,-0.09075732,-1.4714335,-0.5193911
0.04964219,-2.7644587,-1.4872843,-0.27946988
0.86243266,0.09945115,-0.39725196,1.1685371
-0.7923942,2.1091766,-0.78397226,-1.7014525
-1.4542285,1.4367335,2.5434446,0.11254784
1.6304892,0.09816592,-1.7072583,-1.2527595
0.24842237,-1.1562971,-1.8506202,-1.1646117
0.38377932,1.1837337,0.5800937,-0.93814355
2.591616,-0.039244365,-0.18690099,0.3024634
1.182589,-1.3444349,-0.18643963,-1.8639218
-0.50676906,-0.5672289,0.5025259,1.4455322
0.63761526,0.5354928,0.8966968,0.31422275
0.47994855,-0.7076324,-0.10923655,-0.85236037
0.12850954,0.39806527,0.6661104,-1.0016717
-0.051367525,0.9630355,0.8492329,-1.0824
1.1890471,-1.2101889,-1.0680238,2.0100236
0.075139225,-0.5107164,-1.0630058,-0.97129947
-0.24940033,0.5591305,0.92450076,0.11806023
2.1806498,1.3675137,1.5788587,0.17158203
1.1171416,0.88345706,-1.1227586,-2.5853136
-0.63469464,0.73433095,-1.1940354,-0.36277634
0.90488935,-0.03383957,-0.024702976,-0.7011173
-1.106602,0.5941784,-0.9189653,1.3520122
1.316508,-0.09751361,0.188442,-1.4808661
1.350801,0.3630889,-0.8537486,-1.3767012
-1.6908096,0.7902226,-0.7875147,-2.7418425
-1.131119,-0.017328773,0.70949304,-0.5661072
-0.8429411,-1.7903594,1.0997818,-0.06625825
-0.58701146,-1.0177356,1.0782996,0.35742602
-0.18401784,-0.8151384,2.3796566,-0.09075916
1.4896343,-0.9280349,-2.6811178,-0.6248169
0.9345664,-1.6167734,-0.19029771,0.18655813
-1.6293466,0.6637465,0.63001966,2.1268132
1.7293433,-2.252963,2.099068,0.09846903
0.6201201,-0.175708,0.45660076,0.7236167
-1.6678069,-0.15569897,0.06831458,0.54540586
1.5747539,0.9157035,-0.21718016,1.332018
-1.0035024,0.43448445,-1.051965,0.07511844
0.5221581,-2.059526,-0.8688943,0.8967979
-1.142048,1.5353402,-0.54179084,0.33971196
-2.0610623,-1.4117628,-0.0744412,1.4575319
0.33571082,1.6669466,-2.8063352,-1.4432803
1.6563787,-0.6591948,0.8242406,-0.2948634
0.9497804,1.5907044,0.17959684,-0.18984431
-0.011221737,-1.1846495,1.490418,1.0467253
-0.9943476,-0.11983381,-1.9265988,0.6900156
-1.8002106,-1.2820181,1.1597735,0.05737186
0.13295527,0.7544975,1.3312185,0.213464
0.64532053,-2.1303947,1.1367921,1.1782666
0.00062587985,2.5564072,-0.21708235,1.4640198
-0.79807466,-2.7792933,0.85931665,2.794671
1.3643222,-0.09467712,-0.07523999,0.28972614
-1.2212634,1.2412267,1.3427684,-0.9634837
-0.58465046,1.2344464,-0.29342702,0.39645895
0.9965424,-0.0013301844,-0.02579607,-0.67536515
-1.7048365,-1.1613961,1.865708,-0.24000931
0.5907799,-2.1328142,-1.3517194,0.14909367
0.8826266,1.9738933,0.34217596,0.6092286
-0.35506994,2.0891325,0.55521697,1.4725757
-0.85117656,-0.0220834,-0.9435358,-0.33794418
-0.5536682,0.017029217,-1.6446418,-0.87180066
0.5841692,0.6566829,0.5681024,-1.4961488
0.29774827,-1.6002035,0.82583857,-0.14323302
-0.40658638,-2.017222,0.63354737,-0.059006933
0.7454287,2.1830845,0.19946039,-0.3026426
1.4137527,1.5920491,-0.41490066,-2.3807871
-1.5054991,-0.14526565,-0.21625003,1.8777174
1.3318849,-1.4302957,0.16109689,1.5397189
-1.1717806,1.9292783,1.0075256,1.8282516
-0.3841647,0.5974223,0.28277245,0.3223109
-2.1488838,1.1062909,-2.444986,-1.2785097
2.1156538,0.47433606,1.0082239,-0.32684016
0.9734482,0.45603365,-0.22360085,-1.5176045
-0.40142396,0.3401556,0.81238496,-1.4282963
1.1392212,0.76004976,-0.9261896,0.17241724
-1.5584575,-0.6702882,-1.8261634,1.3520327
-0.508028,0.5469048,0.5114162,0.9133944
-0.752622,1.7141988,-0.9815623,1.6875451
0.49323538,0.6310223,1.7067131,-2.6180449
1.4910662,0.23777823,1.5711255,1.1226904
1.0792542,-1.1733217,-0.9429055,-0.5471454
1.1784097,0.74720883,-1.9796346,-0.1656533
0.7486249,-0.78811175,-2.325138,-0.3569344
-0.30789465,0.7612669,-0.5671145,0.97169316
0.7313437,1.0676795,-1.0979967,-0.5270479
1.6070038,1.1265237,0.5653016,-0.52490616
1.6135899,1.4162836,-1.0470897,0.80120736
-0.6706764,0.62987137,0.05344873,1.2216593
0.5425872,1.1114292,0.99959964,0.46667674
-0.24279857,-0.7271399,1.3864392,-1.0461597
1.2015593,-1.0227598,1.5185282,-0.3257294
0.46385017,0.5897009,-0.3710425,-0.63944876
0.67095697,-1.71398,0.92440796,-0.119742945
-0.41606307,1.4907538,0.25605595,-0.29194295
-0.13327192,-0.75595856,0.17293788,1.1249896
0.8392777,-0.12731853,1.1432987,-0.2851817
-1.1321293,1.9670476,-0.619276,-0.24437
-0.75428766,1.5073059,1.0652745,0.22237821
1.9432796,0.6327094,-1.1809617,2.526097
0.7887806,-0.47828788,-0.89784485,0.76829886
1.3849626,-0.13692307,1.5224978,1.3624184
0.5167079,0.72985893,-0.7245894,-2.150677
-0.7574986,1.7529199,0.8512189,1.6985257
0.418713,1.0456464,0.87185,-1.1003338
0.0012412374,0.063453704,-0.43604818,1.6162285
-0.97747236,1.0451307,0.6851755,-0.22929226
1.6193327,0.5502578,0.85231847,2.3411112
0.4754415,0.21581666,0.6642896,-1.4149829
0.7701532,-0.45973146,-1.5708773,-0.14052172
-0.931259,-0.74084795,1.4926196,-0.92180115
0.43511614,-1.5869414,-0.8735203,1.2660627
-2.5126355,-0.83786976,0.5939499,0.11826304
0.23376308,1.1397873,-0.0895852,1.3033034
-0.028598271,0.75548244,0.64824533,2.4366148
-1.0418978,-1.5699943,1.650377,2.6067517
-1.9364686,0.5772436,-0.71330845,-1.4736792
-0.83146435,-0.20977253,-0.26853445,-0.04932164
-0.32014254,1.0010104,-0.4328244,-0.12245084
0.26080522,0.86505055,-0.36248907,-0.77494043
1.2375307,-0.95688134,-0.32080257,1.0183942
-1.6200647,0.27704865,0.38385457,-2.0493078
-1.2168535,-0.12410172,0.44714147,1.0814099
-0.053999595,-0.89872885,0.3154052,-1.9404961
0.5393262,-1.8080199,-0.9498884,0.98347354
-0.3271038,-0.60447097,1.1183038,-1.8365089
-0.69503164,-0.9185789,-0.80393505,1.4513141
1.1777481,1.8020518,-0.13254324,-0.25617686
0.29522,-0.7026106,0.6405334,1.8619003
2.2053306,-0.68531376,-0.32594803,-1.6623719
1.1101241,-0.9007686,0.87934136,0.9744034
-1.23212,-1.3774272,1.6026376,-0.5086893
-1.2587415,-1.2880989,-0.56678903,1.8527727
-1.4970751,0.41868576,-0.8571581,1.535601
-0.50634754,2.320971,-0.7401393,-1.069403
-1.9726645,0.3222216,0.6310091,-1.1806661
1.0799896,-0.30786115,0.28794658,0.9246391
0.4135776,-2.118928,1.0763245,1.9076209
-0.1466858,1.1530534,-0.69642353,-1.0726779
-0.830282,0.4851238,1.2419605,1.4362582
0.11572833,-0.031432785,-0.12185636,-0.23372859
0.87702036,-1.1090639,-1.0131067,-0.5549145
2.1210701,0.49016297,1.462301,-0.7642888
0.83469856,2.3140435,-1.765025,1.09383
-1.1056418,1.8306596,1.8164189,-0.95391685
0.14241599,0.49501288,0.09388255,0.19494225
0.12189699,0.067172326,-1.2879558,1.7798076
-1.2266597,0.08882421,-0.5142411,0.22619319
0.7119988,1.4438347,1.1066384,-0.53519726
-0.028100837,1.8842001,-1.1340163,1.2691787
0.06807282,-1.0479517,1.8226913,-0.8157957
-1.1178836,-1.9376494,-0.5836125,-0.8638127
1.3395739,-1.0987782,-1.0580783,-0.60279495
-2.1622157,0.08030849,-0.1716983,0.8940235
1.0297849,1.0268865,0.023685958,-1.9952552
-1.6408385,1.3959969,1.1055309,1.1977305
-1.0464947,0.061367646,-0.8944973,2.1801407
-0.4264911,2.0525918,-0.13148049,1.1699337
-1.0142039,-1.2443513,0.664848,-0.060848475
0.118425295,0.6380956,0.06253653,1.6507717
-1.0085495,0.38777363,0.055333756,0.51708406
-0.75582683,0.63254744,1.548041,1.5000889
0.45699728,-1.9672807,-0.66273665,0.29268754
-1.727334,0.0035836177,1.2772049,-0.5672745
0.42720923,-0.6082714,-0.042300247,-0.8205084
0.19567503,-1.0162889,0.58629584,-0.74591017
-0.5339855,0.99013513,-1.4589068,-0.5121445
0.0019203677,-1.4351296,-0.27205807,-0.55511373
-1.0688778,-0.9828469,0.29606554,0.5478079
0.8322507,-1.7123349,-1.8926558,0.9406352
-0.87140924,0.24120921,1.4676131,-0.7263963
-1.2835038,0.53364956,-0.7635954,0.8915677
-0.4990679,-0.28354365,1.2561107,0.5276815
0.2769526,1.3398216,1.496535,-1.4399217
-0.14450328,-1.6598867,-0.68230855,-1.9837341
1.6014297,-0.36899334,-2.0843055,1.0462928
1.2802088,-0.1821211,-0.3681061,-1.8763036
-0.915128,-1.1148056,-0.024276642,0.4773704
1.7160423,-0.7088142,0.16232172,-1.8232473
-0.34522536,2.0409653,0.09797032,0.4061585
-1.1869118,-1.7649109,1.7853502,1.4650613
0.7465073,-0.13671812,-0.83064526,-0.35372552
0.34450394,-0.2245634,-0.1996349,-0.53040224
1.7408208,-0.31896353,0.4400378,-0.57488364
-0.081189856,1.0497906,-1.1611651,0.08629824
0.14201239,-1.4006234,0.2351503,-1.6501235
-0.78935534,-0.65452904,1.3201115,0.32072917
0.6935652,-0.33732805,0.5283205,0.23775508
-2.4434285,0.1711442,0.14023554,0.785741
0.054838564,1.1950623,1.0281895,0.48259684
-1.5559366,-1.167284,-0.94932497,0.37060586
-0.61558664,-1.8549467,-2.3944988,-2.0632985
1.7494999,1.3258902,-0.30827236,1.0608364
1.425818,1.8406981,1.5390499,-0.4318245
0.12662272,1.1081214,-2.0059505,-0.05057718
-0.021161882,-1.6040183,-2.4982479,-2.2036898
-0.34233317,-0.1533233,0.2641631,-0.2893757
0.25261456,0.4267968,2.948629,-1.1160077
-0.46391806,0.6021617,0.5240874,1.7624822
1.0653014,-0.5757084,-1.1144258,0.74523336
0.787982,-1.2382473,0.4678336,0.73736626
1.3100011,1.0986383,0.6699917,0.72546566
-1.6568666,0.5513959,-1.5252686,-0.06858331
1.4029406,-0.6628785,0.72816336,-0.1744994
0.55736744,-0.64729285,0.41513157,1.8616956
-0.22020157,2.3144581,0.4699545,-0.6131671
-0.8889184,-1.5865365,0.72537935,0.45816642
0.82595325,-0.24730325,1.0045938,0.13664906
-0.9517367,-2.6123667,0.8555915,-0.4000659
1.2742277,-2.1370585,-0.8969277,1.3244085
1.0819241,0.3552449,0.8031134,0.06390735
-1.4889631,-0.38446778,0.01556771,1.0200353
0.055130705,-1.6325139,-0.5579544,0.0070933225
0.27624717,-0.26738766,-1.0773957,1.0679278
0.62197524,-2.2696083,-0.9219877,1.3607552
0.64780146,0.14950384,-0.08133091,-0.0948216
-1.1633277,-1.8303634,-1.2005758,0.8326976
0.8639954,-0.20245397,0.23897797,-0.978983
0.5062656,-1.1666809,1.678698,0.71049243
1.1934497,1.0465243,0.49247393,-1.2575233
0.59704775,-1.6921263,0.49653348,-2.0484896
0.43256485,-1.6736801,-1.5842055,-0.873558
1.2922001,-1.1234622,3.5802743,1.5650773
-0.18641378,-1.0462381,0.07208732,-1.2832704
-0.8074358,1.4468815,0.09903517,0.7719597
1.8519499,-0.6232619,2.7372856,-0.3820805
-1.6780164,-0.7456227,-1.682504,0.6440833
-0.66072947,1.6778454,0.90628093,1.4597377
-1.0039934,-1.7177304,-0.5955277,1.5563964
-0.37252483,0.32329097,1.5682142,0.123568624
-0.17448637,0.8614175,-0.29622957,-1.0350177
0.49601328,-1.4600853,0.9894676,1.0999634
0.285482,1.1626474,-1.3765455,0.6107552
-1.1895962,0.33449206,0.9684363,0.46788493
-0.35228485,-0.69003624,0.57330984,-1.3511591
1.3170868,1.4338111,-1.5243297,-0.6394327
-1.2736639,-2.2033587,0.23247585,1.0088662
-1.624795,0.4018069,-0.9072211,-0.41978782
0.25662294,-1.5673765,-0.13492692,-0.4466537
0.8869809,-0.21710953,-0.13208902,-0.63246083
0.49664584,-0.90282637,1.1976788,0.93062586
2.1117399,-1.3363701,-1.5084441,-0.22865947
0.23182383,0.2269658,-1.9160614,0.18058619
1.4588747,0.37541258,1.8210279,0.1396392
-0.8926347,0.6035863,-1.4599948,0.14784035
0.45564997,-0.8592631,0.905187,-0.020231673
-0.45914385,1.0034202,-0.2834762,-0.59904754
-0.8277317,-1.2408855,-0.23505601,-0.04429018
0.44772735,1.4937104,1.0441544,-0.23272866
-1.5993016,1.1463933,1.1820242,-2.2716024
0.7302228,0.6516598,-0.31354025,-0.95126903
1.6264334,-0.8416014,0.2317393,0.46310598
-1.3580884,0.17100528,0.48039675,2.5091624
-0.13639925,-0.8389295,2.4791875,-1.0397488
1.0853914,1.5176488,2.2698777,-0.25148493
-0.6689329,-0.577677,1.1084692,0.8702099
-0.22924703,0.26787746,1.7207534,-0.27256146
0.20978679,1.5834173,0.8342243,-1.8977352
-1.4464307,-1.4673407,0.5468683,-0.90681875
2.004537,-0.1335211,-0.804839,-1.5326031
-0.2967022,-1.3782241,-0.52897704,-0.2708348
0.69025725,0.52875763,-2.0595798,-0.9994279
0.048727043,0.74781036,-0.7399678,0.46577263
-1.4040273,-2.5588925,-1.6314216,0.09877436
-0.09569508,-0.8375594,0.04033433,-1.2650021
-1.4673856,0.013339393,1.7530601,0.38630143
0.6987079,0.32776508,-1.1632882,1.7029675
0.5177347,-1.1959735,-1.2633209,-1.2695686
-0.731691,0.39792898,-0.3389691,-0.99637985
0.09829028,0.9029292,0.22148062,0.018151557
-1.4151708,-0.37308708,0.53783834,-1.5223594
-0.965027,-1.4532009,-0.7814985,-0.83245534
-0.52170056,0.74528396,-0.4257862,-0.12257579
-0.68007165,-0.41060954,0.0024135483,0.2401132
-1.812968,1.7601724,-1.0860655,-0.5208171
-0.16685346,0.1903549,0.6420269,0.4993021
-0.107671484,0.8658879,1.0873245,-1.5204643
-1.204759,-1.1228571,1.476774,1.1531782
-1.3692806,-0.452816,0.68064994,-0.6008999
-0.6900492,0.332929,-1.3541908,0.43103242
0.49707744,-1.2844794,1.1328058,-1.0490457
0.66483164,1.4440764,-0.67756337,1.1684554
1.7705383,0.74785495,0.66196984,-2.1946619
-1.088809,-0.0706218,0.08344198,-2.6239693
-0.36776197,1.4513922,0.62434095,0.6292511
1.5923927,-0.7162543,-0.83221847,1.5754609
-0.810193,1.5069232,1.054371,-0.14829494
-2.880235,-0.83410364,0.5509936,-0.19206272
-0.3727496,-0.6127477,-0.21314707,-2.03277
-0.3987428,0.0032501062,-0.015740337,-1.8218242
0.22001608,-0.4051548,0.93257284,-1.8228595
0.49476162,-1.722509,1.0450584,-0.20095763
0.19800913,-1.1557006,0.7742632,-0.38376847
-0.9634655,-0.90599203,0.68488425,-1.0962358
-0.95957357,-0.12649404,1.6060712,-1.141108
-0.73953855,-0.14151771,2.345044,-0.731483
0.8398377,0.31473282,-0.74925405,-1.8194947
1.233952,0.8200416,-1.2780519,1.0438977
-0.21576366,-0.10092552,0.9222621,0.18674465
-0.28824177,1.3679996,1.5799015,0.13174586
-0.45959717,-0.8557346,1.2893848,-0.6250766
0.65536976,-1.2586799,1.043855,-0.5161376
1.2006787,-0.49250236,0.67987275,-0.4238528
0.9809374,1.4243691,-0.8110481,-1.1460737
0.7714452,-0.4313206,-0.4626291,-0.6468014
0.14049141,0.67289066,-0.690317,-0.023974206
0.74592865,0.6474044,0.74277717,-0.7765756
-0.54046744,0.6490136,-0.5927186,-0.70333195
-1.5174048,-0.05168327,-0.43892634,0.72530735
0.9045056,0.4179901,-1.1247184,0.9386603
0.647301,-0.8209688,1.5732754,-0.5766868
-0.5412038,2.568398,1.1862684,-0.17944777
1.1028091,-0.16430224,-0.003893141,1.3023486
0.40320703,0.22557063,-1.0622339,1.3617334
-0.6496141,1.7772884,-1.2734199,-0.7543967
-1.4507567,-0.73937255,-0.16763024,0.60842144
-0.6073342,0.66493297,1.2728833,-0.9321159
-1.0897685,0.8647223,-1.3136581,1.0635055
-0.2472316,-0.14606863,1.6327839,0.120490015
1.5762849,1.6987017,-2.5493002,1.7401081
-1.5637616,-0.25480235,0.5312447,-1.9833871
-0.34005693,0.05079909,-0.9427631,-0.6879406
-0.008215811,0.03823168,2.5778763,-2.0176075
0.14414482,0.8041089,0.3501519,0.09344998
-0.25700825,0.87450546,-2.423469,0.6404134
-0.42819732,-0.957191,-1.3795388,1.3935469
-0.65076613,0.7469151,1.1707784,-1.8090223
0.20771678,0.3963248,-0.02679577,-0.1701249
-1.150366,-0.6261435,-2.091736,0.31924105
1.655127,-1.1743128,-0.19237287,0.59749985
0.32508364,-2.2340214,-0.19783802,-0.021728883
1.1248574,0.6147573,-1.5304356,0.8324727
-0.1781532,2.3792188,-1.3126198,-0.9882771
1.1057333,0.99932337,-0.7652539,1.0849941
1.0466807,-0.14102626,-0.46859568,-0.9100281
-0.03114773,0.604917,-0.3826802,0.38576663
1.8325549,-0.8171348,-2.393909,-0.4276685
-1.8678588,-1.4514893,0.7203285,-0.37734362
1.3172227,2.0421846,0.63634527,1.0525366
-1.8334231,1.299403,0.9218095,0.05735562
1.5771273,1.134605,0.39986536,-0.20281014
0.547458,-0.7599391,-0.5875347,1.1518718
-0.53657496,1.7364855,0.102114536,-0.008577976
-0.30804133,-0.516067,-1.8847039,-0.44348073
-1.7671883,-0.089505665,-1.0057333,-1.4930646
0.91795576,-2.219811,-0.81809664,1.4064319
-1.0366194,-0.95811504,-0.15616468,-0.5234849
-1.285083,-1.3617358,1.5296752,-1.2495224
0.3318647,1.0199604,0.83714855,1.776604
-0.7370657,0.5666334,-0.9936357,0.8060982
1.1098166,0.9683531,-0.4913558,-0.052919753
-0.81891596,-1.2344408,-0.36660054,2.181499
-0.028023612,-1.3795065,0.3338176,-1.4932548
0.90986484,1.1428276,0.23549291,-0.3304488
-1.6015656,2.4324546,0.69646794,-2.6299975
1.3111323,-1.5832983,0.56898856,1.0781727
-1.9104369,0.5027356,-0.6862606,1.3065174
-0.120429054,1.9313855,-0.9314971,-0.99598044
2.0056245,-0.6423164,-0.40825284,0.012848165
1.1627938,2.598856,-0.64989054,0.1044741
0.2259948,0.70190686,0.1090992,-1.0909029
1.1918777,0.8647038,1.0195593,0.260984
-0.44963712,1.3792703,-0.34778774,0.49151114
0.31163353,-2.1681283,0.27968922,-0.8025287
0.38313305,-0.9701676,1.2208613,-1.982347
-0.30777633,-1.4174027,-0.412855,1.5523596
-0.50168955,1.2897491,-0.08580976,1.82556
1.860256,-1.0149368,-0.12558916,-1.5654985
-0.70681053,-0.34378448,-1.0896355,1.1555014
-0.28670788,-0.5499748,0.20261714,1.7918758
-0.22433975,-0.001571906,-0.32431835,-1.4698175
-0.22424027,0.5981053,0.38145572,0.52944505
1.4838904,1.23841,0.22980948,2.027287
-0.59345955,0.26898715,1.3887594,1.1981502
0.123450615,0.527729,0.5943413,-2.1630075
0.4189566,1.2299643,-1.5127461,-0.49205497
0.5891557,0.10787701,-0.06652055,0.34329107
0.8656488,0.37166545,-0.076106235,-0.4850286
0.28129366,0.38667294,-0.012722922,-2.4770927
0.28762197,0.60109824,-0.11034823,-1.3972259
2.2778273,-1.4065324,0.5819788,-2.4806075
0.26666582,-1.0646069,-0.60257185,-0.23498772
1.3696915,-0.5475429,0.2662354,-1.4134542
-0.36421478,-0.977966,1.5209857,-0.63395476
1.6991467,-0.96879447,0.13551272,-0.20547785
1.6625199,0.6281787,0.013060607,-1.5654539
-0.14786541,-1.4297894,-0.8908544,0.6780138
-1.0083377,0.14278923,0.56576216,0.41335517
1.267951,-2.3399866,-1.9817533,1.6216915
-1.4157306,0.8100184,-0.7705882,0.29607826
-1.3326616,-0.6457233,0.43791577,0.18162096
-0.9543748,0.58353037,0.94089407,0.099619955
1.2862633,-1.395736,0.38862026,0.2084631
-0.057225946,1.9460653,-1.0921485,0.63181764
-3.265866,-0.5592029,-0.37082964,0.8164311
-2.0018265,-0.50478494,-0.2580154,-0.18324539
-0.6327204,0.2680772,-0.4832541,-0.59810334
0.35195488,1.7993488,0.23013769,0.4076875
-0.026075276,0.6029556,1.1881218,0.27553013
0.7896388,0.9604279,0.17275764,-0.6620111
0.33198503,-2.367037,0.5133368,-1.003769
0.40053266,1.7872555,-0.19917712,1.2779943
0.20708908,-1.2461811,-0.2892647,-1.8449252
-1.0680804,-0.2332579,1.3020931,-0.28897262
-2.0061471,-0.80415297,1.8271757,0.45301443
-0.39752084,0.67253786,0.7262328,-1.3524843
-0.52789766,1.7845646,-0.1740525,-0.33585212
-1.2130287,-2.317356,-0.46704847,-1.6617229
-1.3828608,1.3999445,0.91662395,-1.1549613
0.20626275,1.4477196,-0.6333662,-0.9835018
-0.9456829,-0.099622905,-0.78694713,1.152566
0.6674884,-0.055458173,0.6438195,2.1185164
-1.0516107,0.13154396,-0.5059247,-0.34458512
-0.44296658,0.014167639,-0.0899608,-0.34242088
1.8196168,0.027294017,-1.7048512,-1.4779149
-0.5775588,0.7148167,2.105641,-1.4443134
-0.5602152,-1.9661914,-0.47029695,0.29434678
-0.6135732,0.25017372,-1.6734782,-0.8359251
-0.023617314,0.4699329,-0.33701316,3.232291
0.04220078,-0.5726102,0.2981361,0.81030184
0.83648515,1.2252822,-2.565888,-1.6344702
0.86472577,-0.40816855,0.8589414,0.42485887
-1.1781517,-0.17718562,0.9873989,-1.073946
1.1351677,0.0748307,0.3800092,0.6901883
-1.317075,2.4438298,-1.2109655,-0.69003826
-1.6193,-1.6054372,0.14204161,0.5278992
0.09297936,1.2972605,0.6685376,-0.9171812
2.138606,-0.72662944,2.0442648,-1.699615
0.9348304,-1.5792239,0.122025535,-0.3605258
-0.7341071,0.28685775,-0.78072023,-1.1424129
-1.1044267,-2.047305,-1.8905363,1.4669693
-0.672648,-1.3900284,0.1106802,0.26981187
3.0240157,2.1706147,1.1229818,-1.3439656
1.5039159,-0.9066616,-0.23570654,0.37757486
0.8783604,1.5466319,-0.7218242,2.1264315
0.6140947,0.88323724,-0.21078713,1.45554
1.0293818,0.21564916,0.27981606,1.6886363
0.73733556,-0.22314377,-0.83841676,-0.20319791
0.5068849,-0.6975767,2.553268,-0.33669278
-2.1213055,-0.92285776,0.59645617,-0.7083913
-0.7310838,-1.0808474,0.7579636,-0.6998344
1.7010214,1.3602297,-0.23074296,-1.0419462
0.2514937,-0.6440328,-0.14228539,-1.9247618
-1.9311215,-0.99262655,0.18889076,0.5662185
0.7899219,0.47489452,-1.3425734,0.10493017
0.64764816,-0.48362488,0.5466211,2.271115
0.61666715,1.2557366,0.79472446,0.273383
0.06962814,-1.4018638,0.68285984,2.359734
-0.2024855,0.4212329,-0.18372032,1.0332288
-1.2358571,0.50654244,0.8481001,0.9743685
-2.5324426,1.1374567,-1.1620601,-0.51278096
-0.006218153,-0.9681995,-0.049319502,-0.15755308
-0.9465306,-0.28262112,-0.7247401,-0.53665984
-0.45934123,-0.5729069,-0.8942888,1.0125668
-0.110801496,-0.66382766,-0.007868204,-1.8381433
-0.95359296,0.15286987,-1.3563427,0.98336774
0.022904424,-1.2614391,1.0958468,-0.002359322
0.1357751,0.9567865,1.3123908,1.6609389
-1.7984587,1.5530691,-0.44382295,-1.1466706
-0.84290975,1.2085651,-2.0413926,0.59308416
0.19955483,0.13151795,0.15444982,-2.0800037
-0.40715736,1.995747,0.5833341,-0.9172262
0.40336198,-0.5432714,1.1753081,-0.39488423
-1.0850685,-1.317301,1.3295003,-0.62869525
0.20842563,0.77087075,1.445879,-0.50306857
-1.1610973,-0.2629278,-0.6486566,0.21144822
0.83765304,-1.0419858,-1.0437915,0.94475466
1.0239512,-0.5621189,-0.93339723,-1.3442546
-0.12600414,1.3426901,1.2028918,0.87317586
-1.3865125,1.2659255,-0.6401464,-1.0114511
1.4751707,0.33756745,-1.0075482,-0.37025768
0.37869838,-0.030595573,0.20294854,-0.25060397
-0.44205698,-1.2100171,-2.2791069,-0.5114201
-1.471303,-0.15395325,-1.5213417,1.2906764
1.0200975,1.347829,0.11158939,-0.44141042
-0.6489158,2.2071457,0.22388083,0.13091408
1.2732083,0.2192201,1.3790536,0.097398475
0.12916403,1.1779215,-1.5495691,-0.17655192
0.9067479,0.7981691,1.5580652,-0.19136184
-0.21891513,0.68083435,-0.5672992,-1.2443521
-0.942751,0.1257829,-1.2483873,-0.36521858
1.3155646,-0.13703144,1.4859235,2.2768002
-0.11562874,0.0026246475,-0.122464396,-0.5083446
1.8823607,1.5841014,-0.62244827,-0.5207543
-0.57805115,-0.11884601,0.4976399,-1.316587
-0.9307763,-0.16643947,-0.9679582,0.4995689
-0.43841186,1.6004275,1.3183906,1.5238796
0.28500324,1.2158333,0.5352645,2.042644
1.5076667,0.83891714,0.15718174,-0.2573951
1.2715359,-1.4493703,0.36515677,-0.2845204
0.0939934,-0.7367974,-1.9017314,-0.3617126
2.0538201,-1.2182243,0.049354333,-0.42393908
0.20391996,-2.2903771,0.90639764,0.79755586
0.875477,-0.06818994,-0.11707581,0.6066788
-0.47997874,0.39938936,-2.3229342,-0.17795226
-1.2439895,-1.5354507,-0.23075302,-0.14529297
-0.17495733,0.6661025,-0.26925766,-1.4980391
-0.58975774,0.11534383,0.008595768,-0.30722088
-0.1956921,-0.65251017,1.0115349,0.28549388
0.06922652,0.645577,0.8563815,-0.7982227
0.822198,-0.79664505,0.6414352,-1.8128302
-2.1575885,-1.3199162,-0.4136575,-1.641696
1.8189523,-1.4814688,-0.510962,0.49118307
0.39212072,-0.019609556,1.1141858,-1.536793
-0.58235466,0.33620366,-1.9921514,-0.41300604
0.41426948,0.3563601,1.6510144,1.6331003
-0.13825502,0.2143357,-1.3581427,1.0735433
-0.50769114,-0.97308534,-1.6336001,-0.94245905
1.4161805,0.8232123,-0.026724774,-0.86501455
-2.1680121,-0.54688597,0.5669298,0.84126776
-1.2743008,1.708923,-0.81223226,1.4759268
1.965399,0.5973621,0.41663578,-0.8262857
-2.3276048,0.36725354,-2.195068,0.79630965
1.7764901,0.84936,1.7666435,1.0305176
-0.81168836,0.76226807,1.0918251,0.34128994
-0.63373536,-1.5598102,0.3053912,0.77176017
-1.268427,1.0035357,-0.260606,1.005709
-1.4530355,-0.54774255,-1.0662167,1.1666213
1.7942393,-1.319867,-0.52578557,-0.8113272
1.1840166,-0.42965037,1.8318697,-3.0215597
-0.9127125,-0.5940752,0.28683835,0.7600194
1.8508053,0.56506836,-0.24435416,0.582661
-0.73139983,-0.61286885,-0.43139848,-0.7086269
-0.005311714,-1.960406,0.6485865,0.6416076
-0.5415476,2.4629471,2.4522836,1.6926165
0.5358998,-1.1470101,-1.0112313,-0.91451275
1.2517478,0.4653993,-1.3138573,-0.2145663
-1.2594395,-2.5554261,0.92413455,0.114996925
-1.0572484,2.3292835,0.5975857,-1.7498361
-1.3821987,1.677837,-0.13862269,-0.14557429
-1.8971341,-0.25417224,-0.4291153,0.07078106
-1.3950877,-0.6612667,-1.0349389,1.082003
-0.5371353,0.5784137,1.4636015,-0.66418153
-1.0876563,0.15160473,0.7528715,1.5413213
-0.10322397,0.95069736,-0.68167144,-0.78902143
-2.6843073,0.67433786,0.21484978,1.0756683
-1.0275412,0.5745576,-0.3050874,-0.11960461
-1.2550851,1.1335821,-0.6867919,1.0212331
0.12587367,-0.7210831,-1.4187924,1.0152849
1.1277883,1.663699,1.2355741,0.8954283
-0.5809197,0.70258707,1.9696058,0.85822755
-0.7099101,-0.53755444,-1.8934355,-0.20334755
-1.4798399,-1.9546598,-0.103533976,-1.5592523
-0.32657206,-0.23436423,-0.41320798,0.94398946
-0.9108364,-0.31850553,1.1665316,0.37108892
1.2921909,0.029966641,-1.206672,-2.0353477
-1.5346789,-1.9809403,-2.0579057,0.010795224
-1.9253392,-0.3594485,-1.10575,-0.9295791
-1.0030633,-1.5519845,1.9236951,0.28949046
1.3296572,1.1969512,-1.537046,-0.10484275
0.7216027,0.07588584,-2.1384835,-1.3654647
-1.3371211,1.3927201,0.50386214,-0.88664865
-0.15462331,0.74343693,-1.075871,1.9164422
0.3983887,-1.3979871,-1.1100377,0.2230924
-0.41479167,-1.2698728,-0.18098725,0.79346013
-0.6285267,0.5152114,-1.9198816,-1.5817735
-0.66563284,-0.20433353,-1.1751941,-2.018508
-1.077772,0.47341067,1.6432781,-1.2205998
1.4677812,1.7166638,1.0981587,-0.004093619
-1.051481,0.7038429,1.8579086,-0.20691183
-0.64521295,-1.498398,-1.0655184,1.1477419
-2.7147639,-0.22344135,0.2252414,0.5281399
-0.4918869,-1.5072039,0.46914673,0.8867442
0.71910864,-2.260228,-1.0381314,-0.7070904
-0.046569552,1.1698054,1.5833337,-0.2323583
2.0748515,0.07888677,-0.7452889,-0.1527978
1.285087,1.2450296,0.38853973,1.0674392
-0.2852906,-0.47162965,1.8867115,0.13288361
-0.43249094,1.0949609,0.67815876,1.5993171
0.091661535,0.0013099187,0.7176037,-0.953599
1.2254742,1.0131372,-0.1304275,-0.98006064
0.4184303,1.8456749,-0.06293344,-0.9506073
1.6884705,-1.5560153,-0.6922584,-1.5367953
0.87890035,0.9962964,-0.74701643,0.26188293
-0.64532226,0.017357016,-0.7247393,-1.2113377
-2.350789,-0.3669702,-1.3641664,-0.31183243
0.8127411,0.4252793,0.013804138,-1.4570614
0.21407184,0.3467407,0.81552154,1.4598758
1.2026728,1.9145695,2.35073,1.2783653
-1.3672603,0.50773335,1.7588615,-1.0180523
1.2672799,0.28952533,1.4380903,-1.4038501
1.1242993,-1.1186937,-0.2402244,-0.36602253
1.6938869,-1.7292432,-1.1470972,-0.40689024
-0.3136766,0.77199394,-0.0075555295,-0.22187208
-0.5331305,-0.23557663,-1.067203,-0.5573851
-1.4040248,1.382676,-0.74803346,0.9547696
-1.6730257,-0.90516055,1.0664704,-0.49888414
-0.046334762,1.0345722,0.6689747,0.5107861
-0.31184408,0.8363385,1.6112291,0.34056056
-1.1275998,-0.541807,-0.15332171,-0.09457055
1.8834714,0.8065905,2.195145,-0.3578422
0.6070378,-1.1212729,0.066323005,-0.99048823
1.9232198,0.19854233,-0.48094442,-0.78465354
-1.5038748,-1.5045321,0.6536934,1.7671549
-0.82376504,-0.29500836,0.014318603,-1.7707597
2.8266492,0.8776871,-0.9443987,-1.095542
0.49097908,-1.0770165,1.2618647,-1.0782001
1.283689,-2.086296,0.9667565,-0.48060435
1.6450285,1.069563,2.1144662,-0.22703691
0.45708832,-1.0997413,0.00077963097,-0.5186911
0.2778873,0.16471933,1.9764653,-0.8054891
1.155817,-0.82743937,-1.170101,-0.7751477
0.19640167,-0.6669314,-1.2444191,-1.7887475
1.8848324,-0.18052892,-2.1187687,1.791416
-0.35509354,0.680054,0.4034537,0.17319985
0.68213385,2.9950948,0.47251588,-0.7447239
-1.2486243,-2.828886,0.5424893,0.31239447
0.11058411,-0.28824088,1.0799382,-1.1211054
-0.71796966,0.3363628,-0.30318725,0.2713557
-1.7819723,0.9355469,1.5757074,0.96094507
-0.33917424,-1.4748589,0.94762105,-0.008209017
-0.7137693,-1.5237378,0.13731377,1.2110162
-0.8390982,-0.3285028,-0.6290761,-0.7050703
-2.6338902,0.7737773,0.86373866,-1.4218478
-0.39825484,0.27599832,-0.89742535,0.8509546
2.0954268,-0.23375006,0.75576633,-1.14666
0.88860476,0.098889165,-1.183398,0.9618919
-0.44611487,-0.5935927,0.48944622,0.44672364
1.4045569,0.652674,0.4139004,-0.39153373
-0.8646021,0.73458266,1.2050197,-0.24238434
-0.20613837,-0.3651099,-0.62799805,-1.3853892
1.6448675,-0.9397927,-0.8851186,-1.3774683
-0.6037203,-0.31567866,-0.054531105,-0.05592067
0.6745386,1.5349991,0.2988394,0.11339225
1.0116943,-0.15452604,-0.7810693,1.2092282
0.75595427,-0.70289284,-0.31599846,0.15512037
-1.1376522,1.4371338,-0.9646675,-0.26828018
1.6024005,-2.213425,-2.0256503,-2.0636716
-1.4398857,0.5452331,1.2202276,0.34924212
0.6695483,0.06983021,-0.13741292,-0.8965798
-0.21305346,-0.2907296,1.5753447,0.41586944
0.15494242,0.12858449,1.4066173,0.34474203
2.3009734,1.5586493,1.3688302,-0.15369695
0.5467633,1.5824248,0.1737701,-0.7913971
-1.2144276,0.61085707,0.8105479,1.1120125
1.0732019,1.3454803,-1.0269196,-0.5516466
-0.3459904,-1.836348,0.62279963,-0.15223958
-0.19010183,1.6339718,1.1906277,0.744486
0.84570426,-1.8002425,-0.50842655,-0.7923647
0.046999607,-1.2261934,-0.75842416,-0.71923
-1.3844355,0.38988996,-1.3298447,-1.3221372
-1.6691962,-0.09743987,1.2987907,-0.7624342
-0.30619985,-0.96194804,0.557488,-0.9394652
0.2876849,-2.0175571,0.1389445,2.946941
0.5137722,-0.8334676,-1.8821263,0.98618776
1.6897048,-0.90684634,2.0777743,1.8650506
-0.39237627,-1.1999403,0.99386317,1.1737454
0.50167215,0.008447762,-0.22911337,1.5506228
0.15532508,-0.73809075,-0.766869,-0.75396824
-1.1184412,0.39956468,-1.1031566,-1.0650046
-0.26015767,-2.2396066,-1.1247821,-0.8309863
-0.2994645,-0.57054317,1.3714751,-1.0695466
2.0157626,-0.8175305,-1.6346488,-1.2414485
0.3269522,1.4250723,1.4952984,-0.95429415
-0.8679016,-0.8193532,0.6969271,0.35119036
0.18108469,-0.81137025,-0.33344764,0.32116827
-0.8694387,-1.111422,-0.2516793,2.3793733
0.58977324,-0.69651,-1.0852921,1.4934272
1.9296198,0.678491,2.0010474,0.9146033
-1.2587625,2.5946221,-1.8095806,-0.3936072
-1.3691608,0.19413228,0.95220053,-1.7081203
-0.4044315,1.1948469,-0.2902649,1.6083679
0.99659425,0.990621,-1.4679497,-0.3620605
0.68265676,0.8911331,-0.31807828,0.08720146
1.8074085,-1.8426421,1.5081729,-0.52501535
-0.18998055,1.225717,2.1110632,0.45264024
0.43453044,-0.22505881,-1.4275162,-0.4144939
-1.0391471,1.4518813,-0.4741138,0.8274687
1.305261,-0.8274595,-1.7935672,-1.9360342
0.08204706,0.3302059,-0.11568848,-1.4872411
0.031942345,1.8174264,0.22358364,-0.1234183
0.03719818,2.6486099,-0.2978558,0.6255551
1.2393721,0.42707393,-0.49500662,-0.803507
1.7628536,0.01846128,0.81879276,-0.446229
-0.820775,0.039244678,-1.521982,-1.471819
-0.92865705,0.8322518,0.9070018,-1.8385106
-0.43795675,0.18512902,1.0962551,1.11567
1.3848735,0.80589,-1.349831,-0.75131583
-0.17810075,-0.52323663,-1.8076888,0.8840448
2.1482193,0.69829684,1.4770894,1.4589446
0.7203467,-0.47292534,0.3585788,-0.14700046
0.48232615,-0.76730514,-0.45018739,-0.03375754
-1.5500739,-1.6568947,1.282705,-1.69518
-1.2726201,-0.66790956,-1.6552831,-0.9509447
-1.9286386,0.70586115,1.1659145,0.0035303694
1.6121606,-0.5578015,-2.5831046,-0.4788839
-1.9829979,-1.1929214,-0.09025113,0.24511848
-0.67996114,1.090967,0.9999032,-0.42924857
-0.8999341,-1.1548356,0.15486255,0.92579615
-0.19456542,1.0349369,1.114712,-0.5666435
0.2837121,1.480839,0.46956193,-1.2396787
-1.733285,0.853299,-0.9766107,-0.4030772
-0.3376134,0.13407134,-0.95033604,-0.1643511
-0.8890031,0.7139282,0.8579699,-0.40580663
-0.483313,-0.40583226,1.6768401,-0.8029925
-1.8582277,-1.1607943,-0.6884095,-0.15021454
-2.985158,1.5274068,0.10255668,-1.0363545
-0.8635673,0.53203607,-0.92461365,-0.3547618
-2.027868,0.62335676,-1.069404,0.16409689
-0.063542895,0.10516261,-0.058625147,1.5835748
1.7019612,0.23539053,-0.6644869,-0.9468391
-1.0360582,-0.7855939,-2.13889,-0.4695135
-0.17571162,-2.1264236,0.80680585,-1.295834
0.86408925,2.129721,-0.24668458,-0.13745555
0.8494506,0.3539309,-0.44139493,1.6716596
-1.1832753,-0.83205396,0.65583414,-0.6819907
-0.90108645,-1.0354493,0.02007247,1.3750702
-0.4675049,-1.1867572,2.4246135,2.0084639
1.832996,0.969918,1.7375621,-0.63563496
-0.052453615,-0.4502695,-0.7750709,-1.2844715
1.2004025,0.25512528,-0.8450281,-0.04740928
1.0322083,1.1011691,-0.22300586,-0.70981747
0.7868132,0.32986182,-0.98860615,1.5647845
0.5357876,-1.6116899,-0.3584362,-1.6318128
-1.608089,0.048150778,0.501927,-0.58303475
-1.086057,-2.0786293,0.5742271,-0.09922085
1.023275,0.34442836,3.1796458,0.38953432
1.2130746,-0.5253399,-1.0182478,-2.7377303
1.8761625,1.1426998,-0.39430183,1.2421964
0.3956195,1.5095987,-0.8882869,1.2680488
-0.48901314,-0.6894786,-0.22200221,-0.042820405
0.6262719,0.53795135,-0.070882134,-0.53310066
1.2503154,1.0432925,0.58616143,2.649807
-0.34122863,-1.4287039,-0.67292607,-0.86331624
1.4668944,-0.2617749,1.1310939,0.87905014
-0.6499161,-1.3820612,0.6801668,1.237617
0.20306227,0.86428934,0.033008005,1.5002505
-0.19291003,-0.16534072,-1.1348197,-2.5331588
-0.51737,0.38307366,0.35611436,1.2344149
0.22473979,-1.0180608,-0.5699391,-1.1030724
0.5862645,0.5185584,0.9471474,0.8024661
-0.012746469,0.82155246,1.6946592,-0.19266659
0.40409938,-1.2617939,1.5657222,-0.7930102
0.75796175,0.44872162,-1.5373305,-1.8440467
-0.6234066,2.8991027,1.8943954,1.1404233
1.0728945,-0.8861566,0.9968201,-1.8045545
0.46988705,-0.28283623,0.53903466,-0.31857318
-1.2700027,1.2232456,1.239401,-0.61640257
-0.15419357,1.033167,0.57340246,0.3965753
-1.736434,0.4258789,0.35517916,0.97121626
-0.44291312,1.2704078,0.7452978,-0.2224406
-1.2352599,-1.0520909,0.9467298,0.38077977
1.9734532,1.9931971,1.0089054,0.624014
-2.0898714,-0.5125427,0.50471914,-0.057739653
-0.9183411,-0.70747274,0.0020588187,2.4165397
0.49990556,1.447813,-0.6121649,0.26388824
0.128621,-0.8620156,-1.1485331,-1.8119515
-0.7362643,-0.45843813,0.7638906,0.77926457
-1.3632827,-1.2016,-0.005494575,0.611104
-0.09824567,1.9169023,1.7049329,-1.0456734
-0.31383103,2.0525384,-0.57939154,0.15427387
0.57075495,0.5241652,0.9525977,1.3425342
-0.87520254,-0.9428267,-1.9640998,1.9407512
-1.2927876,-0.8125325,1.1048189,2.0063329
1.4977924,-0.94478464,2.5911481,0.2801569
1.27746,0.9225811,-0.11526796,-2.2025185
-0.508518,0.10703855,0.057114363,0.7499119
-1.7667062,-2.305525,-0.17745155,0.28087687
-0.8976449,0.88837427,-0.7225111,-0.6842082
0.027401896,-0.6432293,1.216803,0.100558236
1.4680078,1.4157937,-0.44360974,-1.2693418
1.7503022,-0.23774013,-0.90248525,-0.7713364
0.4057207,0.25356507,-0.59656847,0.95893025
0.7680068,-1.3928435,-0.9172519,0.7484728
1.4980516,0.6005069,0.788136,0.19840091
-0.3967807,1.728147,-2.0552528,-0.24652141
0.11187031,2.0677445,0.97690594,0.13902326
1.195972,-0.37289882,1.1258594,-0.58149916
0.66816425,-0.24347779,0.19222163,0.77416825
-0.62548983,-0.0693843,-0.3939502,-0.937576
-0.7623414,1.5758063,-1.9243803,-0.20553528
-0.1716975,-0.25180686,-1.247084,-0.31260204
-0.595677,0.33626086,-0.32693133,-0.3160195
-0.03075697,1.41846,-0.75029266,0.7621741
1.3874772,0.5966827,-0.42574066,0.15535958
1.036424,0.16713077,-0.1762695,0.7596421
-1.4671513,-0.053648684,0.7567314,0.7641215
1.2017125,-1.2668719,0.19007951,0.2726981
0.8523034,0.8662246,1.1291244,-0.04559697
1.3736626,-1.0642159,-0.41962016,1.3225523
-0.49474224,1.06084,1.4613318,0.44218558
1.7810519,-1.0524602,0.72455716,1.1115721
1.4539709,0.80725026,0.31526342,0.67660445
0.3474858,-2.0078294,-0.24881093,0.66582334
-0.8774117,-0.31719768,-0.81500787,0.16869746
0.32572418,-0.07192858,-1.1830542,-0.18908611
0.30845124,1.747557,0.6546702,0.43266279
-0.019673193,-0.707339,-0.8937529,-0.59704214
-1.0682231,-2.4117637,1.299668,0.7819442
-1.5413212,0.4959793,-1.1741517,-1.5735362
0.65754926,-0.8973697,-0.042667888,-1.5819472
-1.1063462,0.78121096,1.5558387,-0.21447667
1.274042,1.6642855,0.50591445,0.07640321
-1.2090367,1.7262261,-0.32753873,-0.44738314
-1.42515,-1.0785038,1.067957,0.87607425
0.4995625,0.38409665,1.1256553,1.5007455
-2.2402854,-0.17255773,1.01915,-1.14976
0.40988347,-0.031056913,0.25264376,-0.5368867
-0.5573333,0.08864208,0.33674037,-1.589161
-1.3870397,-0.07005052,0.1842811,-2.2268867
0.049401954,-1.5049111,0.9220425,-1.6767114
0.38043296,-1.1119409,-0.0092128515,0.65570235
1.5673602,1.1504165,0.7079779,0.383345
0.66566306,-0.86820877,-1.5333875,0.9933584
0.6958792,-0.85747236,-0.14314315,0.047617435
-1.321095,0.8436429,0.9515381,-1.8055888
-1.2205081,-0.45746878,1.2892035,-0.6750331
1.0898166,1.732934,-1.1500243,0.01220857
0.68911535,-0.06683425,1.4883811,0.72053087
-0.32627717,1.6832932,-1.9149699,0.33220634
-1.441735,0.6885041,0.68759876,0.63756466
-0.61598545,1.2317662,0.37764832,-1.5391192
-0.5865196,-0.46391612,0.913337,0.96760315
0.32341084,-0.33997762,-0.8912772,1.1754851
-0.36902288,0.026210163,1.3376145,-1.3413397
0.15685058,1.0397788,2.0240626,1.584868
-0.027232647,-0.14789909,1.2080727,0.7850048
-0.656722,0.39399424,-0.5244088,0.60688514
0.8155651,-0.6708849,-3.2903159,-0.3514805
1.41495,0.32465574,2.1750329,-1.4780157
-2.3129048,1.2770593,0.32689682,0.46098828
-0.3880072,1.3020754,0.30769995,-0.09897406
1.1464769,-0.90298563,-0.47148597,-0.61351925
-0.18876794,2.6282153,-1.5986696,-1.9797876
0.6741606,0.019652277,-0.019040944,1.5069479
0.22252256,-0.14815748,-0.8685543,-0.012461285
-0.8820032,-0.17236537,0.37898302,0.72694165
-0.25523475,0.55385673,-0.2902144,-1.6265081
-1.293382,0.5322197,-0.63778955,-0.8409279
0.84524256,0.29660177,0.3339006,-0.5321063
-1.0286806,-0.9651626,-0.4491999,1.3760617
-0.64975214,-1.3725283,-0.5500151,-1.116412
-1.3704672,1.2171979,-0.70418507,0.44192713
-0.8877401,-1.4141831,0.7683415,1.9442827
-1.0333601,-1.4828643,-0.16307518,-0.21091713
-1.2122371,0.37447104,2.3865812,-1.0929611
0.06516248,-0.8655054,0.5242337,1.2670962
0.5566928,0.18592954,1.4161931,1.5018111
-0.74763185,-1.0615343,-1.2466254,-0.79174155
-0.56052077,1.4057335,-0.6602068,0.10127369
1.0778137,-0.5039514,-0.6868729,0.7282637
-0.87155175,-0.5746704,0.17130208,0.7144728
0.56599927,-0.18788,-1.3043308,0.5454729
1.0783064,-0.5789513,0.50075084,-0.67501354
2.1066468,1.0641856,0.8495437,0.4465396
1.2379897,1.8696729,-1.8141968,1.2677702
-1.5133266,0.10184536,2.7292001,2.0543053
-2.504862,-2.3678718,-1.0065118,0.26228863
0.40976095,1.1614351,0.5441896,-0.2827755
0.08376899,-0.7727062,-1.9012376,-0.27012295
-0.38248995,-1.072028,-0.07025909,0.19537987
1.0500759,-0.5282394,-1.1584693,0.6094653
0.6709832,-1.8754125,0.6039297,1.9942822
0.54642856,-1.3576522,-0.35984254,-1.2281771
-1.4245201,0.8617564,0.65019876,1.5055583
-0.9701656,0.14391725,-0.09282594,0.8672989
-0.9968791,-0.9169287,1.1218175,1.611188
-1.6404306,-0.07458985,-0.8015846,0.99905825
1.4329816,0.5444054,0.67518026,-1.1936215
2.2580388,0.73978364,-1.262169,-0.3305615
-0.7466591,-1.1910362,0.07196116,-0.98098826
1.5358946,1.1880984,0.85775656,-0.32714272
-0.85298234,-0.58962,1.2425233,-0.019828297
0.5821369,0.1890037,1.3352022,-1.0666881
1.3911828,-0.6044405,-1.0058572,-0.08672831
-0.1563722,0.014102128,-1.3407813,-2.455104
0.6443514,-0.016701587,1.1654804,-2.4018273
-1.664509,-1.2115706,-1.5456924,1.3793765
-0.24667206,0.97963196,0.19195509,-1.0520238
-1.0169537,1.2868553,0.9997622,-0.6388511
1.6637086,2.7694614,0.13913262,1.1757213
1.1356819,0.8606747,1.273481,0.98494893
0.27418402,1.3007909,0.083427034,-2.0671132
-0.00023285119,1.728888,-1.4766648,0.4668453
-0.47681877,0.0059877317,0.17845535,0.71502334
-0.7477409,2.270829,-0.9680875,-0.07082539
1.1004932,0.5991564,-2.1087317,-1.3009416
-0.46889812,0.19281998,-0.5129383,-0.2165438
-0.13008599,0.8566301,-0.85074884,1.2943083
0.76130027,-0.99883497,0.7584266,0.35374597
0.8036693,-0.4383694,1.7037941,1.2745701
-1.1203078,-0.39536077,-0.6604603,1.5160888
1.3442572,-0.36274064,-0.99569744,0.9762191
1.7547808,-0.23082362,1.6345195,1.8507322
1.4490876,1.6736124,-0.8209395,-0.73361707
0.26468664,-1.8042803,2.1037824,0.6925043
-0.062243134,0.5632351,-0.478669,0.026121726
0.6148204,0.27786866,0.5007294,-0.87067485
-1.5202825,-0.3198119,-0.37128934,-0.12931752
0.008060008,-0.48876902,1.9592791,-1.112618
1.3350934,1.5060694,-1.5930245,-1.1988178
0.51540744,-0.7909475,1.158493,-1.0399688
0.78830266,-1.108849,0.47684634,2.5229292
1.2377763,1.7639437,0.3824878,-0.51681787
1.312388,-1.1197783,0.5064256,-1.6011527
-0.4082678,0.15694061,-1.9115715,-1.0158716
0.43425396,-0.75631434,0.31542027,0.36666968
0.66773576,0.07295291,0.7127234,0.9216979
-0.26780212,-0.013623438,-0.22397034,0.1750764
0.16421196,0.6500229,0.37305462,-1.1901677
-0.9816343,-0.9960865,-0.19729131,-1.9999632
-0.62505865,1.1006902,0.34333748,1.1579732
-0.614178,-1.6834236,0.041337736,0.9560714
-2.2608442,1.1445795,-1.0742121,-2.5860288
-0.08408132,-0.41506082,-0.4576156,0.5982443
-1.2825066,0.22464143,-2.363702,0.32617798
0.3621885,0.0027757531,-0.480505,1.27834
0.521435,-1.7141213,-0.14574547,-0.59458315
1.5545706,-0.5518088,0.17414452,-0.30205032
1.5992558,-0.010524931,-0.85507125,0.18637739
1.2515174,-1.0660759,-0.5153684,0.041080404
-0.84963375,-0.0052417177,0.35900173,-0.9255837
-0.91609704,-0.9879015,-0.84336215,-2.5814493
0.2812938,1.1190122,-0.24034633,0.9019035
-0.43412796,1.6291497,0.8726563,1.3870089
0.01707176,-1.7739909,0.100886226,-1.3523893
0.47937155,-1.2263086,0.29885852,0.9263288
-0.3856301,-1.3393172,1.7224537,1.1251149
-1.5185881,-0.87958986,-0.66409,-0.2123092
-1.6852027,1.3257757,-0.040176194,-0.2828948
0.5438829,-1.3361048,1.3825271,-0.3683517
0.08688216,-1.0507311,-0.6785613,1.7719605
1.8497066,-2.0341606,-1.190326,-0.5126998
-1.839762,0.9317894,0.14373782,-1.3796958
3.0117123,-0.7548082,-1.897435,1.0415238
-0.20170015,0.5449708,-1.0114032,-0.60161614
0.20904157,-0.10484428,-1.1151052,-1.001621
0.79013085,-0.88895,1.5029808,-1.3563557
-0.19446498,2.274943,-0.1095856,0.9145908
1.6363686,0.76313907,-0.31137896,0.32422993
-1.7605778,0.048921585,-2.312781,-1.009607
2.1151721,-0.046537157,0.14708415,1.290669
0.07391775,-1.9672679,1.3802992,1.4570609
0.37311122,0.24144346,-0.27918,0.5915154
0.56714153,0.8392778,-0.5641206,-0.66572785
0.48139298,0.9640615,0.13582493,1.6379074
0.7066234,1.6327342,-0.18548428,-0.47157842
0.84347427,1.905183,2.1960926,0.09566155
1.0568613,1.2343622,-2.2028675,1.2221671
-0.86398315,-2.1563635,0.42029986,-3.002259
1.059422,-1.0322801,-0.38111094,0.4589972
-0.29291978,-1.4125926,-1.1177422,-0.15426211
0.46933708,-1.4994757,-0.29313955,-0.24194057
-0.784202,0.7708762,0.7091022,-1.0111996
-0.69138724,1.1809536,1.266874,1.1459733
1.0110528,-1.159985,-2.1538017,-1.5424879
1.8336552,0.7396999,-1.118938,0.9082653
0.8152894,0.3902647,-1.3396945,-2.4711258
0.1006194,0.55685204,0.742126,0.66063267
-0.1486374,-0.8052535,0.55347264,0.26608503
1.7158216,-1.8997136,-0.4586322,-1.2414658
-0.2652341,1.1045142,1.2264092,-1.7954427
-1.3289028,1.017578,-0.5989712,0.5257925
-0.6208502,-0.1621049,1.9366122,0.9982501
-0.8841632,0.9009271,1.2069361,-0.21557613
1.0463349,0.43313992,-0.64372087,1.0892786
0.19503143,-1.5180387,0.035571877,0.23836073
2.0953145,-2.1003036,-0.8344589,1.1216968
1.6884121,-1.6044012,1.1786262,-1.0531399
0.7979091,-0.7405145,0.2810727,3.1286862
1.8316696,-1.5508512,-1.0747455,-0.046515368
1.2861986,-0.925466,-1.5937124,-0.21258944
1.0349398,0.33779567,0.17235573,0.06831687
-0.16180591,0.2938409,-2.0447104,-0.6391433
-1.2768872,-2.43184,-0.15054922,0.07397824
-0.25996256,-1.1935171,1.5168843,1.5933629
0.10172197,0.05263272,1.331378,0.6309689
0.038427692,0.18701783,-0.3492959,1.7571739
0.021979647,1.5806372,-0.7888737,-1.1273662
1.119528,-1.4581503,0.2371807,-0.013264431
0.68627465,0.11909328,-0.15140636,0.54607487
0.781536,-1.4485159,-0.59811157,0.12137956
0.46999004,1.3239943,-0.11197009,1.1270945
0.36874172,-1.2325194,-1.0497937,-0.95368046
-0.9858887,0.99349856,1.5120895,2.336022
0.9076878,1.0359378,2.807298,0.021928377
0.17503637,1.4311689,-0.45637676,-0.12573752
0.3682918,-0.97783715,-1.3220133,0.5946049
-1.5669516,-0.042910684,0.4792444,0.12720881
1.505432,-1.0335112,-1.4790511,-0.121145025
0.9575352,-0.20279305,0.8252022,-1.6211257
0.1294818,-1.1683681,0.39132357,0.97799605
-1.0354633,0.19443919,0.8510013,-0.6642159
-1.1174777,-2.202563,1.4617033,2.4327295
0.83055,0.1431458,0.830575,-1.9560906
-0.57690257,0.9136076,0.004331287,1.6869451
2.6869593,-0.33010042,-1.9144247,1.8163192
1.0346982,0.54710406,1.2275155,3.6870162
0.75556386,-0.3341333,0.31673965,0.71426904
1.0712757,1.1262704,1.3023238,-0.61164474
-0.24528937,-1.8621784,-0.67396235,1.9524331
2.646394,0.30251133,0.9726292,-1.4632632
-1.2288047,1.3060116,0.54753935,2.8522274
-1.3031338,0.57696307,2.6411145,0.84716856
-0.76467884,-0.3817651,0.41432,1.9723202
-0.21938421,0.66881067,-0.9088267,-0.6705273
-0.5048891,-0.13786459,0.30275884,-0.7351365
-1.2798582,-0.90771914,-0.124746405,0.44344616
1.2593355,0.100145854,1.8474023,-1.9889992
-0.52994204,-0.9765206,1.6784756,0.6225455
1.3682507,-1.2831426,0.9966793,-1.3928617
0.8214091,-2.3344052,1.1877149,-0.01429224
-1.7519865,-0.919986,2.7965317,0.5741089
1.3143212,-0.7811065,-1.1990678,-1.1443115
1.6564124,0.6660761,-0.91163534,0.9905225
1.2652856,-2.0828295,2.0115385,-0.9741743
0.806489,-0.34604457,-2.277858,-0.23401581
-0.018641919,-0.07293388,2.4834042,0.6875238
1.2966129,1.1182381,-0.122062355,0.68089867
0.650013,-0.29912347,-0.84382683,-0.8672153
-0.35887238,0.04984515,-1.5561072,-0.511895
-0.11699178,0.558923,-0.8385248,0.73937136
-0.9400554,0.7704911,-1.1421372,2.1237779
1.150077,0.54189616,-1.1243472,-0.16993225
-0.6319038,0.004937929,-0.09507222,-0.18630257
0.041633017,0.41829914,2.333772,0.7601621
-0.20111133,0.6881688,0.35473144,0.19917026
0.41964418,-0.7546886,1.1164296,0.67699015
0.59926087,-1.2734817,0.85918945,0.6658753
-1.4182642,-0.23103908,-0.08916401,-0.3076793
-0.86525553,-2.0500522,0.017761238,-0.17179242
1.282662,0.2182833,-0.9457008,1.600068
-0.5998072,-1.1875159,-0.5900514,-1.0175288
-0.7818957,-1.3883766,2.071551,0.87970716
0.73468375,0.86603194,0.75477064,0.3253971
-0.3717772,-0.08261524,0.8365442,2.0708463
-1.8204615,0.21695532,-0.3049005,1.0000448
-0.1171136,-1.1227869,-0.6770247,0.94933534
-0.30249277,0.9580851,0.9630939,0.2078472
-1.3223251,-0.0011587031,0.4905553,-0.4385889
-0.29106727,0.28264186,-0.13368526,1.875861
1.7722323,-0.27959383,-0.84971875,-1.7846804
1.6865039,-1.279669,0.13277727,0.019242855
0.34077832,0.86014354,-2.6017973,-0.63531035
0.49677065,-0.13698515,0.47307515,-1.0093374
1.5715617,1.8876048,1.0411043,-0.93542725
1.2619764,-0.62711823,0.09160795,0.4237165
0.4383329,-1.7876331,-0.72114176,0.66881007
2.033204,-0.5859396,1.0441227,1.1222498
0.44314572,-0.04682782,0.108724646,1.2545295
-0.5403999,-0.42133364,-0.49835166,0.55761737
-0.48270443,-0.5302085,1.3248208,-0.67062813
-1.8278227,-0.4544207,0.24857862,1.273366
0.6732416,1.8167135,-0.18941197,0.59081036
-0.31286463,0.3329826,0.13059188,-1.4673816
1.1362474,-0.19354643,1.4138064,1.3009968
-0.5118603,1.5918602,-0.6192436,0.6939759
-1.282077,0.44505972,-0.53830034,-0.46003672
1.276005,0.39477348,-0.65750325,1.2307026
1.6723098,1.7525733,1.271179,-1.0937238
0.08045142,0.7158823,-1.4996843,-1.0255713
0.25206798,0.8723183,1.1204369,0.38496986
-1.94378,-0.58340496,0.081116945,-1.2554864
1.8766085,-1.2478207,-1.9670132,-0.10696238
0.29332533,-0.4905713,0.6619915,1.0178341
1.474125,-1.2044451,-0.9182913,-0.565836
-1.8573933,1.286776,-1.4839247,-0.67868
0.08802865,0.25073782,0.6095423,1.4611487
-1.0655152,-1.538085,0.0094110295,-1.093796
-0.60405284,0.96673405,-1.0258857,-0.2481892
-0.64306116,0.44479534,2.963584,-0.9526826
1.5330795,-0.49297354,1.261993,1.4449388
-1.9164368,1.7717776,0.50367415,1.0002363
0.5435628,-1.0786456,0.25334957,-0.4508497
0.4671173,0.75074136,0.3176291,-0.08033875
-0.5789522,-1.3275152,-0.5716993,1.4195462
-1.6426598,2.004227,0.8585706,2.0410845
0.5559594,-0.07022723,0.09617205,0.375426
-1.1329678,0.5095606,1.5843186,0.85763675
1.2854655,1.083325,-1.7300636,1.6215743
1.0897298,-0.65151376,1.7944155,-1.1139826
-1.3432348,1.5384941,-0.3538316,-0.45490694
-0.04458062,-2.6069803,-1.4959872,1.2560031
-1.4952124,-1.2149547,0.058051568,-0.14104584
-1.0179181,0.82485056,1.4767383,-0.7883364
0.070387915,1.5984579,-0.80775386,0.70273286
-0.29157495,2.4807115,1.5479462,-1.7794874
0.7462529,-1.0289658,-0.66423476,0.9737256
0.39773604,-0.4116202,-0.4634963,-0.13596286
-1.7281605,-1.057864,-0.71866214,-2.239519
-2.1988997,-0.8806777,-0.6937691,1.0687261
1.0616578,0.6608125,1.2528838,0.2945807
-0.93334025,-0.53341484,0.2460416,-0.1510655
-1.8157129,-0.92659616,0.08809956,2.1062593
0.7417572,-1.3586576,-0.32683647,-0.982367
0.9524937,0.05105402,-0.020381542,-0.9541057
-0.0901595,-1.5364567,0.058062866,-2.0043721
-0.38987106,-0.42575,0.22159679,1.4816062
-0.086117625,1.8998766,0.83987874,-2.323068
-1.1239706,1.2159727,0.32573384,-1.0372467
-0.14070642,0.432772,0.47488955,0.9661546
0.36562085,1.8384689,1.0841098,-1.1603434
2.1430209,-0.64274067,0.1834685,1.0801667
2.136056,-0.5037804,-0.5814429,0.7488019
-1.5595495,-1.267,-0.045350593,-0.35389188
-0.075253695,-0.27408996,-0.15623878,0.50133926
-0.17561367,-0.49377778,-1.0899835,1.6690627
-0.07152014,-0.8317899,-0.3096322,-0.19519219
-0.99943054,-0.20994715,2.6421535,0.8903955
-0.5913478,1.8327175,1.659564,-1.3507215
0.7171251,-1.2785611,0.3944512,1.543369
-0.05325962,-0.9014518,-0.9103234,0.32790366
-0.86319625,-1.5118892,-0.5803376,-0.15793458
-1.5030506,0.44094917,-0.9785953,0.76284814
0.491138,0.64898646,0.9722382,0.41312054
-1.3365613,-0.14160821,0.89901674,0.8640037
2.0183635,-0.1657739,-0.39329332,-0.42337093
-0.001511529,-0.47294903,-0.51976866,1.4325334
-1.0954804,-1.5190749,0.47183973,-2.3405814
-0.12862986,-0.41984454,0.36686423,0.46098965
-1.5105621,1.9682986,-1.2107251,0.6645459
-0.037904337,-0.48823532,1.1240555,0.996849
-0.03761464,-0.15855908,0.015056061,-1.6212173
-0.17282842,0.24566495,0.30541486,-2.0185444
-0.09552716,-1.1531065,-0.40371948,-0.18070515
0.26663005,0.1862083,0.47225934,-1.29053
0.39431688,-0.8981215,-1.149079,-1.6825196
-0.0931433,-0.8445362,0.13157086,0.63549346
0.7548517,-0.2439265,0.5227331,-1.4576412
1.1958092,-1.6724471,-1.4150778,0.9143767
-0.15993007,0.3729599,-0.2174263,-0.8059868
0.9463377,0.14828832,-1.3375697,0.86431986
-0.5585148,0.64093214,-1.4568671,1.5782545
1.8154114,-0.8476172,0.80381733,1.5131441
-1.2227173,0.5779217,1.3936965,0.10753234
-0.3219408,2.1237373,-0.7852473,-1.3102007
-0.3891048,0.3235992,0.87241775,0.54276127
1.9132357,-0.56477475,-0.85693973,0.0215172
-0.27288738,0.30370155,-0.1672354,1.8692615
-1.5142739,-1.395036,0.39111647,-1.1333807
-0.5572672,-0.49832094,0.8792033,0.19551909
-1.6538012,0.21145147,-0.5837875,-2.1434422
2.4726915,0.853904,0.8113551,0.5712971
0.6887948,0.42674994,0.90267277,0.30698374
1.5299522,0.011613764,0.033118796,1.1138061
0.48415703,-1.699066,2.26826,-1.0050757
1.5257671,-0.5815074,0.8437589,0.57569903
1.9778997,1.000606,0.7242277,0.9521373
-0.88977295,-0.2998942,0.8033199,1.7210901
0.9541132,2.0393994,1.3941079,1.1788975
1.6354018,-0.37284657,2.2570908,-0.17274982
0.47477692,0.69944465,-1.8214447,-0.19618873
0.5197612,-0.7845234,-3.0887282,-0.3266829
-0.4268385,0.46886617,-0.06724527,-2.1425698
-0.35621172,-1.1423281,-2.2586977,-0.40488404
-0.9117806,0.7199838,-1.1879951,-0.24942267
0.6664092,-0.6095631,-0.19653921,1.4451182
-0.96155685,-0.09528025,0.057268877,-1.6170279
0.42601377,-1.515954,1.5330994,-0.22110027
0.47155336,0.9718954,0.37242886,1.2371373
-1.4649215,0.2888187,-1.1612859,-0.618797
-1.1489466,-0.558256,-1.0240436,1.2180463
0.59231573,-2.1350415,-0.1263649,1.8206087
-0.74092585,-1.777852,-0.9964657,-0.44333056
-0.70571,2.2639678,1.9247499,-0.8094772
-0.59448755,0.46772888,-0.9215147,0.55515176
0.07211502,1.5567772,-1.6462653,-0.8974412
1.2316995,0.8253752,-0.25871453,-0.056380335
-1.2987347,-0.47638753,-1.2968688,-0.9401579
0.3629238,1.4029082,0.20099086,0.17558408
2.0356874,-0.0069533125,-0.72284025,0.633236
1.1988618,-0.39861527,1.3483912,-1.1022942
-1.3891534,1.2350832,-0.5238114,0.35163173
0.33772385,-0.02416101,2.784849,1.0154212
0.482311,1.0436629,-0.42258847,1.8893334
-0.32762298,-0.98049015,0.72170025,0.20978722
-0.039605193,1.0963778,1.3713082,-0.7126305
-1.4293438,-1.5928493,-1.6582619,1.8090247
0.36269492,-1.5581745,1.0923314,-0.73633325
-0.73837125,-0.26573518,-1.6716069,0.15213332
-0.47204867,-0.88162285,-1.3727899,-1.3475595
0.014799626,0.43460622,-1.6961626,1.255137
-0.21360753,0.2860375,0.26295462,1.8221812
-0.77558464,-0.7340729,1.036847,0.58517027
0.6114748,-0.7901215,-0.52632254,0.2117953
0.020392,-1.5329098,1.1699781,0.62580067
1.7036853,-1.9422374,0.60677063,1.629534
0.7921339,1.8143587,-1.4449794,0.002878575
1.7108635,1.0883702,-0.81286365,0.68349755
0.70681816,-0.7518984,-0.18908821,-1.8015467
0.5935346,-0.21802852,-0.81346893,-0.026023468
-1.7725525,1.3448709,0.3977004,-2.4240434
0.6019329,-0.89293194,0.11531773,-0.0068719834
-0.73695576,-1.5284601,-0.67765373,-0.4354261
-1.6301172,0.00426598,-1.3570197,1.5427045
-1.0674202,0.51689035,0.8245736,-0.6298745
-1.047239,1.1444004,0.71348137,-1.2913013
0.5837567,0.6076007,0.87085825,0.74010336
-0.42303142,1.1910782,-0.6961927,0.76088643
-0.9878702,-1.4068922,-1.7178174,-1.2015136
-0.47939768,0.80535096,0.60747874,-0.6962991
-0.29008722,-1.2723395,-2.176932,0.9793845
-0.6465198,-1.0464232,0.8311189,-0.8783612
-0.3300314,-0.03429422,0.75625944,2.0039062
2.079254,0.22687088,1.476711,-1.1992018
1.5846238,-1.4578333,-1.3517151,1.5408919
-1.460575,-2.2665808,3.0538716,0.056885045
-1.9635898,-0.8661228,1.2148597,-0.1391075
1.9138119,-0.026323747,1.4777795,0.90020835
-0.6194363,0.45373842,-1.2908964,1.2827189
0.9941399,0.48952863,1.2472298,0.18109295
0.57634854,-0.18928978,-0.16212204,0.62936634
2.5591137,-0.7386444,0.8420582,-1.4253364
0.28478098,-0.69852847,0.96282655,-0.8922814
1.5233355,-0.7996487,0.47474444,-0.048187662
0.040087104,0.37326592,-0.29221815,0.15888384
1.6302813,0.23787174,-0.18207294,-0.48789012
0.11181984,-0.03504059,1.3658493,0.22015671
-0.042717095,0.21808365,0.67006695,-1.3752578
-0.05468613,-0.4025521,1.7003506,-0.5254789
0.4753792,0.789872,0.17992544,-2.017234
0.19939433,2.4135559,-1.3023312,0.15960959
-0.87961805,-0.3150645,1.3408905,-0.81639445
1.5563406,-0.70711595,-0.89831054,0.12771922
-1.3325932,0.24737653,-1.2348198,-1.9018368
0.2527181,-1.0846583,-0.9250112,-0.75167847
1.282514,0.12509486,-0.43403128,1.4800425
0.6850956,1.5660108,-1.3772718,-1.0395893
1.9077474,-0.9805775,-1.1120986,-1.02685
-0.5360922,-0.123571694,-0.9999719,1.0657266
0.35185307,-0.06289364,-0.14058667,-0.19355236
0.63551474,-0.30521196,0.9336664,-1.9486861
1.6762812,-1.8594666,-1.6701565,1.0257627
1.1638738,0.7064801,-0.10816559,-0.41627234
0.044968028,-0.24522096,-1.2281027,-0.043349236
0.83512414,2.1161878,0.10673215,-2.007618
1.6323826,-1.0553615,-0.059934586,-2.033141
1.1220769,0.7802108,-1.4102812,-0.5435828
-2.37999,-0.13887429,1.25801,-0.43635508
1.2439399,2.4970133,0.06424072,-1.5754659
-3.006389,1.0513202,-1.2784559,1.7493035
1.0651195,-0.33957413,0.71323776,1.4558707
-0.9242919,-0.31582308,0.811199,-1.9638283
1.1419027,-0.99675155,0.597942,0.09472179
-1.8193069,-0.910517,1.3587865,1.9841228
-1.3297501,0.73169357,-0.9747006,1.3095382
1.0534215,-2.2735147,-0.7175224,0.050334543
1.276576,-0.30662307,1.1523118,-1.0081922
-0.59325767,0.38524202,-1.7961195,0.9494751
-1.9440393,-1.0121264,1.6482817,0.51092535
-1.5970153,-1.7931763,-0.5169363,1.1298641
-0.42256027,0.00671042,0.43851417,0.3617223
-0.5222257,0.033887282,0.678671,1.4588357
-0.49001294,-0.40098932,1.2251041,-0.3004067
-0.8464553,-1.3200954,-0.0058040596,-1.0128127
-1.5316277,0.55567706,1.2552826,-0.11513681
-0.0024133418,-0.58584374,-0.27857697,2.0755835
0.7883826,0.170097,0.36259648,-0.91411865
-0.32726142,-1.8340768,1.4649923,0.5493118
-0.9341786,1.0778835,-0.72475696,1.3895785
-0.09884172,-0.6641182,-0.3360981,0.16596599
-0.00025794728,1.946794,0.48822287,0.6903152
0.40074703,-2.200021,-1.6003443,1.1884654
-1.0474093,0.19104463,-2.686609,-0.887428
-0.21960363,-0.20914067,-0.6656314,-0.68254924
0.9001989,-2.8343978,1.2273678,0.44918022
-0.7311934,0.89062554,-0.16803947,-0.83570975
-1.1679083,1.0285842,-1.7993319,1.2142599
-0.2445575,0.5267531,-1.3601961,-0.19501841
-0.6544723,-1.3736246,0.06117639,1.1434141
1.3191537,1.5140775,-0.98190594,2.957314
-1.6189388,2.0826886,0.8110377,1.654621
-0.024937108,1.6648873,1.9065531,-0.24848667
1.830837,-0.8635077,-1.069608,-0.8643904
0.67957073,0.6918863,-0.63283944,-1.5720174
-1.2355211,0.3852525,-1.3101596,0.74918604
-0.9957282,2.0736403,-1.944268,2.6401532
-0.21873978,-1.0693488,1.3152784,-0.016942693
-0.14956373,-0.6381873,-0.2954987,-0.40003154
-0.9029823,1.5700512,1.5165133,-1.6299742
-0.4874864,-0.018642554,1.6160545,2.1155763
0.40291628,0.09427131,0.45944932,-0.41279322
0.78861046,0.4085522,-1.6816485,-0.7953172
1.6857812,0.91254866,-0.2957506,1.1761934
1.0427922,-1.0317239,0.8411122,-0.41576102
0.08476656,-0.79668015,-0.43038264,0.9290305
-1.1695534,1.9886398,-0.17051813,1.3368025
-0.06618128,-1.682396,-0.80718386,1.189405
-0.24952689,0.25413388,-1.8623987,-0.7713228
0.74542695,-0.56433576,-0.19019125,-0.03453077
1.025428,1.3749187,-0.73331445,0.270578
1.286637,-0.6172207,0.2124631,-1.4862098
-1.4074359,-0.32428432,-1.2091888,1.0091184
-0.7375458,-0.8376454,1.5981011,-0.78014773
-2.2947102,0.40054217,-0.7333917,-1.6633716
-0.4083509,1.2603688,-0.3601471,-0.52951777
0.3412675,0.3094342,1.6844519,1.2328666
0.91785496,1.6734155,-0.5206706,1.6892964
-0.5132395,-1.2698499,2.87099,2.5779414
-0.21379878,-0.019339956,0.8698444,1.6919051
-0.86276186,-2.1184063,-1.0605701,-0.9174001
-0.035244968,1.5327562,-2.3273234,2.0945451
0.33391103,-0.6392168,-0.12431972,0.84228486
-0.10621403,0.87598574,-0.20722128,-1.2550374
-1.3124201,-0.37900665,-0.68780166,1.8565302
-2.1306787,1.4612374,-2.4135208,-1.0021816
-0.77133363,-0.9360137,-0.7673748,-0.26250646
1.0756079,-1.8422762,1.9259847,0.61491925
-1.5672822,0.15112697,1.4017164,0.15384157
0.009733146,-0.77086455,0.21406505,-0.36671707
-0.63430995,-1.1711059,-2.1550121,-0.435229
0.22953436,0.37325618,1.4847033,-1.8782736
0.74730366,-0.92893976,0.0009450287,0.864494
-0.45096865,-1.4151133,0.514227,0.34437022
0.4152471,-0.903148,-1.6617768,0.3058846
1.5091101,-0.685781,0.23632564,1.2016467
1.8415987,1.6281283,0.6029221,0.069859914
0.26806948,-0.9847612,1.6543224,-0.62372166
1.3372142,0.22532974,0.7345546,-1.2279512
-0.97938603,-1.5666984,-0.55410445,-1.1215603
-0.5435161,1.1478535,-1.1857514,-0.68610597
0.4838146,-0.36212474,-1.2603432,1.041605
-1.1481824,0.09949954,1.5822626,-0.61025697
1.5238903,-0.5623517,1.3761485,-0.4108225
-1.1373132,1.5182581,-1.11759,-1.0317048
1.3268058,-0.20608485,-1.7789543,-0.053675838
-1.5225717,-0.02492113,-0.51152116,-1.119613
-0.76361537,-0.9749646,1.1141307,-0.06739726
0.04462508,-0.4837818,-1.4227198,-0.440482
0.61951137,-0.74260163,-0.2904833,0.30326515
-0.29198885,1.2844324,0.7939718,0.6100626
-2.2548456,0.95301616,1.6419578,0.96559024
1.9276205,-2.1557684,0.9005951,0.60027826
1.2499692,1.3951292,-0.9556882,0.9828707
1.0062976,0.6396396,-0.77454245,0.31972158
1.341934,-1.4967804,0.787677,-1.4273344
0.6978988,-0.16241662,0.552037,0.614927
0.86320525,-1.1017191,0.99140424,1.4779701
1.6588391,-1.011426,1.2888855,0.026122315
0.08958323,0.56299,0.21045701,0.0165421
-0.7303107,0.598178,-0.8006098,0.49305773
-0.4557477,-1.5799254,-0.96295637,-1.5400182
-0.8399415,0.9632516,1.8587897,0.56182224
-1.3566977,-1.4989146,1.9348089,1.9865406
-1.1144273,0.38598752,-0.12923767,-1.0530981
-0.16465195,0.69148165,-0.05099362,0.5168073
1.508299,-0.04412912,-0.7793759,0.94946486
-1.0569179,-0.94846195,-0.25799796,0.6490923
-0.15194033,2.2440226,-1.0262496,-1.5080872
-0.50214225,-1.3333576,-1.0814352,-0.08579692
-1.8543116,0.5743361,0.046538714,-2.1998348
1.3895693,0.9335848,-1.3196713,-0.5160251
0.31661254,1.2732295,1.4493725,-1.7702576
0.5362337,0.62170565,-0.45261064,0.5024655
-0.7464219,-0.755312,1.350424,1.3361323
0.025074026,-1.6128248,2.259044,1.6875678
-0.77920115,-0.7062837,0.1496382,-1.4196527
-1.5690744,0.2804473,1.5430105,-2.2422988
-0.05510989,1.033558,0.98465335,-0.6108398
-0.16292068,-2.215901,0.7831429,1.8069613
1.2798648,-1.230426,0.73616195,0.5465996
1.8717864,-2.0574508,-0.12998937,0.61215407
0.70649326,-1.1169051,0.7341251,-1.5419691
-1.3542339,1.3119591,-0.6539217,1.5486102
-0.10435377,-0.42740622,1.495325,0.352637
-0.31305858,1.940938,-0.1661619,1.0621327
0.6003855,-0.8315655,-1.2692969,0.61465514
0.31840715,-1.7712647,0.72438407,-0.44602826
-0.23279095,0.25421077,0.49682894,0.1191421
0.30132827,-1.4868453,1.5965707,0.91907746
-1.0923363,1.8205241,-2.5667481,-1.3346806
-0.16315265,-1.279739,-0.10060313,-1.2434816
-0.15749095,0.34384382,0.9380297,-0.7178906
-0.27494818,0.9991327,-0.50685704,1.82803
-0.50317144,-0.5468797,0.2689191,1.0710434
0.641416,0.32307145,-2.2967148,-0.24780452
1.4110756,-0.38072154,0.014157941,1.6697111
0.6519663,0.2798197,-0.7701722,0.18702197
0.55593336,0.16626647,2.3295648,-0.32958138
0.05720663,0.55841,0.24580063,1.9543347
-0.7383729,1.0248631,-1.3041263,0.4734015
2.0351799,-0.0009204353,-1.6083392,0.9731999
-0.08974849,-0.964576,-1.9824756,1.6172816
0.6489041,-1.175047,1.8033326,0.23731472
1.7767627,0.76400673,-1.4570489,0.45092058
-0.7008465,0.59620136,1.2576418,-0.42356122
0.43662548,1.6297731,-2.1127443,-0.53338176
-0.79475987,-1.0817878,0.4029918,1.2176358
-0.56386495,-1.3196269,-0.02402991,2.2002308
0.7626254,-0.056945205,0.00023493964,0.14122204
0.7233539,0.66031295,0.7640539,0.13505022
-0.6456114,1.36567,0.78283215,0.11914098
1.6515009,0.6561525,-2.0012631,-1.487507
0.45220464,-0.42625928,-0.46448258,-0.27754912
-2.1197379,1.6964768,0.17251687,-2.4865568
-0.99297357,-0.6317519,1.8982166,1.0494244
0.35963514,-1.2747496,-0.26066083,-1.3359755
-1.3043572,-0.12579621,0.53394455,0.7674622
0.6047054,-0.073348135,1.0649273,1.8345993
-2.3939593,1.0407401,0.57158124,-1.3362862
-1.1582818,0.8652332,0.50951236,0.32214096
-0.66676027,0.91313344,0.5046209,-0.14058794
2.1010408,1.122963,-0.9354081,-1.6507186
-0.760568,-1.5210258,0.102616,-1.2307911
-1.6453878,-1.3093989,0.47585785,-1.4054877
0.9791213,-1.7464138,-0.71632606,0.78365093
-1.3627616,-1.6465411,-1.0830601,-1.0869188
-1.0747013,0.6691561,-0.048532173,-0.073280655
-1.6423669,-0.7850504,-1.4076588,0.4546849
1.4688878,0.032827716,0.12546864,0.18606418
1.0841427,0.47254303,1.3739947,0.69421715
-1.0643716,0.30527827,0.29923663,0.16529422
0.9164191,-0.36937675,-0.5066618,2.0414703
-0.9743157,-1.4477444,1.5207914,0.12099798
1.5738684,-0.121667735,-0.4670897,-0.42114726
0.7378355,0.12095035,1.4038249,0.72891694
-0.91551536,-0.60821515,-0.7990677,-1.3931372
-0.41063818,1.3791572,0.010153379,-1.0471045
1.1184418,1.2275423,-1.8389708,0.31228817
-1.2221895,0.21770729,0.9601561,-1.217742
-0.2357165,1.8140287,1.2346369,0.5567207
0.47703046,1.7620773,-0.7351781,1.7383763
-0.51436055,-0.2403238,-0.6334379,-0.056924276
-0.81561214,-0.9854216,-1.3142412,-2.4685524
0.079398796,-1.1581732,1.5404762,1.3301265
-0.46491206,0.815627,0.64020586,0.09068993
-1.2107037,0.96087265,0.73988444,-0.66604096
-0.5055863,-0.09465387,-1.8784066,1.285512
-1.1104527,0.38582388,1.0560051,0.38297963
-0.27329296,-0.41702816,-1.6808761,-0.46732697
0.4447867,-0.62852997,-0.8781932,-1.2682536
0.023024026,1.0379971,0.58886015,-0.80033785
1.0392873,1.2278291,0.2693911,-0.48615062
-0.8037963,-1.1417345,1.4611225,-0.72577935
-0.85580486,-1.4001176,0.88364524,0.37324575
0.86075807,1.61212,-1.0350096,1.6337715
1.8329147,-0.8295217,-0.035159633,-0.14039488
0.70050114,-0.26903006,0.6203747,0.32370865
-0.8538019,-0.6315782,0.002195453,-0.36028564
0.112942226,-1.1436974,-1.0089996,-2.0096972
-0.44959438,1.6668427,1.8638892,-2.3478842
0.8409912,-1.1439672,0.74875915,-1.6593541
0.10490296,0.31279394,1.1418011,-2.214831
-2.3643641,0.8441008,1.8694985,0.5683172
1.0758382,0.08832144,0.8245006,-1.9998332
-0.41914842,1.4997135,-0.48432252,-0.4008018
1.2358677,-0.35788494,1.0093483,1.1445956
-1.213713,0.663247,0.11082904,-0.40491983
1.4299606,-0.76580435,0.08714219,0.85572755
-0.68163645,1.0649779,-1.6778365,-1.9827943
0.25262058,1.0894698,-1.7578361,0.72492987
0.3732652,-1.7845937,-0.44079825,-0.42166436
-0.3201504,-0.44373602,-1.1984859,-0.01564779
0.13817275,-0.11970381,1.804371,-0.119370565
0.09941561,0.69353557,-0.37107584,1.3794857
0.31279725,0.12069,1.0289214,-0.36105123
1.217085,-1.1386197,-0.07650292,1.694236
-0.14636083,-1.0065944,-1.3303876,-0.7121598
-0.9163395,-0.19904733,0.7286679,-2.3321106
-1.0831505,-0.07708275,0.04548022,1.4224256
-0.08312986,0.060738605,0.5712427,-0.3171654
1.3128524,-0.6036425,1.0852966,0.1172815
-0.5992936,1.6155052,-0.3540076,-0.71325517
0.73325646,-0.7837951,1.4983658,-0.64041704
0.27749804,3.0252454,0.8831254,-0.011322091
0.9060313,0.04361157,0.658554,0.028748717
-0.14907603,-1.1965761,0.4883869,0.28318495
0.7487545,0.2332778,-1.4574412,0.42749023
0.2779808,1.2182335,-0.39275604,-0.25928494
1.9364531,-0.5043272,0.49838868,-1.7454709
2.0344348,1.0406836,-0.036066897,-1.573443
1.5724248,-1.6427175,1.4483676,1.418955
0.5490285,1.0642375,1.4661086,0.42046636
0.64408714,-0.4207222,-0.26968613,-0.18997121
-2.2445107,0.6523345,1.051631,0.10795301
0.9869033,1.302652,-0.4451939,1.5090796
-0.91486555,-0.23702048,1.0530276,-1.3799435
1.930544,-0.37991446,-0.5194234,-1.9739975
-0.21636821,1.7737423,0.50992453,1.0411958
1.5350751,0.06032546,-1.3130965,0.31358194
-0.3205674,1.8337969,1.2748537,0.08580097
2.1893141,0.92670655,-1.2949854,-0.9411847
-0.20812485,-0.1098882,0.12894821,0.6454989
-2.1787074,-0.9840674,-1.4829175,-0.7783005
-0.5564851,1.3298954,1.1837662,0.52625537
-0.7405825,0.07585257,-0.5107327,0.50190437
-1.582438,0.24787356,-0.4275496,0.6073208
-1.9906613,1.0790727,1.0160066,0.31806153
-0.09162439,0.108995825,-1.3840164,0.921696
-2.5920923,0.27504987,0.9019005,0.74005157
0.346804,0.32483003,-0.64639294,-1.9439107
0.094691455,0.022583073,0.80409306,-0.07173482
0.5267319,2.1205795,-1.484437,-0.86149174
-0.6719249,-0.90631515,0.15466084,0.913572
0.5620429,-0.42497727,0.039935976,2.1203692
-0.017030504,1.4092212,1.1233051,-0.4104754
0.7659851,-1.5065475,-1.8577163,-0.77260053
-1.7197473,-0.07396636,0.8813312,1.1431574
0.9172799,-2.2945845,-1.262084,-0.6947744
1.4253569,0.77687275,-0.05990166,0.35713506
-0.5916781,0.17120957,1.1096506,-1.265401
-0.74274564,0.32995862,-1.5965785,1.8681291
-2.1927702,-0.07886096,0.6467126,0.8470457
0.6635873,1.4627724,0.43255615,0.6523439
-0.26644653,0.20059818,0.035637468,-2.0018513
-1.2134969,-1.5483804,-0.10572793,0.45606798
0.7289898,-0.7583056,-1.800094,0.95678014
0.54657423,0.60212153,0.4877233,0.9443437
1.6776713,1.134216,2.2021787,1.7516358
0.8947296,1.429275,0.95263815,0.43401644
-1.0810246,-1.4449642,-0.27575007,-0.9920077
-1.0582482,-1.5156374,0.12803502,0.30789018
0.15079375,1.119339,-0.9375283,1.0082028
-0.22609241,-1.1491342,0.39059645,0.2905041
-2.39432,0.56775796,-1.6610368,-2.1481304
0.1968323,0.9526292,1.7477189,1.153561
-0.7556571,-1.5305977,1.4028696,0.0044161445
0.33138016,-0.32573846,0.9743101,1.2426671
1.4430265,0.085144415,-0.16458495,0.66082805
0.7964328,-0.81586,0.14045705,0.14065507
2.580358,-0.045874007,0.45554566,0.055669766
-1.3364522,-0.52227825,-0.05728151,-0.004658341
0.5059441,0.1737144,-0.4562612,-0.89772207
0.036961075,-1.2837887,0.032168306,0.061104063
1.9531169,0.24845007,-0.5343922,-1.1552875
-1.0634708,0.06935583,-1.2145267,0.07772336
-2.5929065,0.8940991,1.2505757,0.9957813
-1.6760011,-1.1102651,2.3530617,-1.5095193
0.6264716,-1.3560785,0.60891837,0.73119867
1.562978,1.0264046,-0.11441741,0.23183858
-1.6104169,1.849455,2.1517456,0.9244845
-0.0031449655,0.78544843,-0.57791924,-1.644376
1.0393615,-0.7470332,-1.319976,2.415287
-1.2322532,-0.42109436,-0.7340835,-1.9386158
0.8919145,-0.43960124,1.247414,-1.5450765
-0.07596609,2.3058774,-1.1965857,0.033056505
-1.0156116,0.11805639,-0.9167194,-0.038341213
-0.3595402,1.1950934,0.28673133,1.1777868
0.5286675,-0.25764808,1.0127708,-1.2018654
-0.17542501,-0.38820854,-0.21485505,1.3738123
2.0151708,0.96833843,-0.025458971,0.6975047
-0.36049628,-0.64217776,-1.012021,-1.4662211
0.00029160315,0.6292962,0.31147555,-0.54002
-1.5649071,0.6270146,-0.9328646,-0.14831558
0.21663198,0.48109686,-0.5551949,0.8301337
0.7805061,1.0260848,1.0684843,-1.4050007
1.2396557,-1.2655842,0.24585709,0.9523047
-0.83066547,0.4960926,-1.2060477,-0.5167483
0.07437444,1.3765155,-0.65247774,1.3348564
0.06318697,2.068449,-1.7978097,0.9752489
1.2128782,0.770781,0.6989133,0.6819988
-1.1535028,0.66187197,-0.9973399,-0.570793
1.195116,0.97588646,1.340042,1.7215984
2.1178126,-1.7408295,0.87113386,-0.15380107
-0.3160445,-0.5879834,0.5389476,0.090844095
1.5850676,-0.9894335,0.765866,0.008261985
0.8752631,-0.47930315,-1.9952202,0.8204061
0.5619877,-1.1672311,0.6719094,0.28206423
0.55273247,1.6526333,2.4425497,-0.111057766
0.30640882,1.1047467,-0.46404928,-0.18361591
-0.11219402,-0.30595806,-0.7043507,-0.9700796
-0.6542632,-1.4961345,-0.29997998,0.45813543
-1.1936489,0.39162517,-1.6198437,0.53481716
-0.8466027,1.6285301,0.9127412,-0.025044465
-1.2094857,1.0690106,0.20761773,0.4442587
-0.34096056,0.93060124,-1.6097851,1.3044906
1.1721578,-0.90163904,0.94030726,1.7021854
-0.7448164,1.3078312,1.5775547,-1.4022596
0.52232134,-0.46322623,0.35582712,2.0981877
0.1536216,1.330738,-1.5554816,0.64614016
1.439365,-2.3463926,1.4731895,-0.0380369
0.8559825,-0.28334153,-1.4055941,-1.5655785
-1.0397414,-1.0315703,-0.36791092,0.8092313
0.29553583,0.61941206,-0.32622358,-0.45641187
0.3822245,0.80933005,-0.2702317,1.3353341
0.56336236,-0.24401413,1.9407794,-1.0686402
-0.1049544,1.1732253,1.793269,0.006001265
-0.53085846,0.15274009,0.37178236,1.5719244
0.7881467,-2.256649,-0.88680106,-0.63047975
-0.5524346,1.1483208,-1.3299408,0.02760147
1.6908597,1.6094713,1.0719768,1.0369954
-0.3216566,-0.7116608,0.70860076,1.2938384
1.1150637,0.0592476,0.15628943,-1.0554701
1.804453,-0.6092489,-1.0858091,-1.626471
0.6576699,-2.7075698,0.8395812,-0.6267644
1.0815456,-0.9630671,-1.6715871,0.93290293
1.3526907,-1.9029194,0.32184413,-0.38060126
1.0663843,-0.9088936,-0.18434057,-0.43456352
-0.45450583,0.0234027,1.4563454,-0.21337494
0.7306464,2.4177878,0.8914376,0.67094404
-0.79010254,-1.5628793,0.36556438,-0.2244366
1.3575531,0.46394303,0.8446357,-1.3215473
0.24432603,-0.4082619,1.9556865,-1.1708268
1.8312669,0.60338,-0.4941933,-0.12779249
0.5509529,-0.7885527,-0.27502114,1.4137541
-1.4804893,0.55483824,0.74120426,-1.0577193
2.6233797,-1.5520554,0.8960416,1.1363548
-1.1719553,-0.42863446,1.122663,0.061364435
2.151902,1.7664547,-0.5753634,0.0109681925
-2.0765796,1.7593893,0.17522778,-0.8160792
0.39060813,1.5392276,0.06671278,-0.7041314
0.55803156,-1.0558487,-1.1229281,0.66913676
0.75693697,2.1380904,-0.5352354,1.5092431
-0.32750636,1.1893839,-0.042072684,0.5662214
0.70365137,0.6123875,0.63306916,-1.1159934
0.13891383,0.042451702,1.2010554,0.7226722
-0.186109,-0.3366826,-1.3850232,-0.2729758
-1.667762,-1.5076878,0.26121533,-0.10716942
-0.75652665,0.9581621,1.5245628,-1.48809
-2.8283107,-0.999796,0.76045775,-0.93522036
1.6064731,2.1956556,-1.5857335,-1.2115911
0.24366231,1.8432288,-0.7209206,-0.5517997
0.4042313,2.3440683,-0.31132722,0.6319259
-0.38476142,-0.13613491,0.7687782,1.2011482
1.822038,-0.5938932,-2.3270414,0.055170037
0.98347574,-0.77899367,-0.71107024,-0.5836042
0.41615537,-1.2723229,0.021694375,0.8310361
1.2937912,2.380569,1.5378,0.6334503
0.04958418,-0.9214561,1.3506691,0.0028202033
2.449968,-0.20207824,2.0380511,0.58222735
0.31869644,-1.0030545,-0.11460854,-0.87902683
0.5681188,-0.104532585,0.9305882,-1.7223475
0.09246375,0.5991566,1.7066317,-0.75016207
1.0212914,0.5771861,-0.46231955,0.8915568
-0.19703084,0.5131595,-1.3488786,0.29887787
0.92637557,-0.04567277,0.9186721,0.23753478
-0.19009267,-0.7932004,-0.85662985,-0.24941663
-0.34637398,-2.6365135,1.091484,-1.1984404
1.4693024,0.12338847,-1.2898338,0.0014176868
-1.3118408,1.2635964,1.218069,0.3788957
-0.9758319,1.6285837,-0.3490786,0.78602076
-0.51540184,-0.96297264,-1.1341081,0.25712577
0.609946,-0.4544515,-1.8551457,-1.9746183
-1.763842,1.0038483,-1.3264328,-1.5155
-1.0618616,-0.18325096,-0.12668398,0.5791929
-1.2795551,-0.101458386,-1.6909038,-1.0065739
-0.15348138,-0.35116193,0.89006776,-0.15146138
-0.49583212,-0.19766833,-1.1312026,0.9049521
-0.36049867,-0.15134524,0.60957015,-0.2896345
-0.78687155,0.578464,0.616938,1.7359812
0.3865988,-0.21740133,0.9412853,-1.257874
0.19261342,0.10480852,1.1326783,-1.984563
1.8150163,2.3863375,0.19290088,2.0503764
0.51953703,-0.111175336,0.3275852,0.9368333
0.2157175,-0.7838146,-1.6782309,1.5811992
0.804663,-0.588436,-0.2656253,-2.751921
0.9305713,1.1437311,0.4803208,0.003682169
-1.3706211,0.12455971,0.78367597,-0.39567548
0.890552,0.87933666,-1.8165507,0.91407454
-0.21813945,-0.6766613,-1.5539694,-1.027821
0.7503499,-0.9500564,0.12797111,0.42301574
1.2785443,0.27011776,0.8547776,0.6791066
0.2583641,-0.08577352,1.1017004,-0.54646915
0.020333743,0.07344553,1.0513346,-1.539952
-1.2073753,-1.414912,-0.44134605,-1.0571414
1.858526,0.33076152,1.1589309,-0.5565857
-0.08075347,-0.2752212,1.0060716,-1.8930323
-0.16547018,-0.39363062,1.9236665,1.6122494
0.62190914,0.67913586,0.7250922,0.32200247
-1.1658934,-0.3714236,-0.14438052,0.21017846
1.498637,-0.6021721,-2.581513,0.4930953
-0.5585145,-0.35447526,-1.3509,1.6298194
0.09234328,0.068378866,-1.2473465,1.7179049
1.7856425,1.242905,-0.616766,0.5688316
-1.466235,-0.13149646,1.2302183,-0.85172397
0.9800429,1.2336518,-0.12937683,0.6633063
-0.72333753,-1.102214,1.4539933,1.0929446
-0.93519145,0.52316386,-0.18099493,-2.294074
2.4955654,-1.8332983,0.5972589,1.114164
1.1185722,1.1396397,0.5199753,1.3969609
0.18054253,0.081732325,2.433774,-1.2152363
-0.27741614,-1.7456527,0.3231679,-1.2053983
-0.6407529,-1.062994,-0.2670108,-1.2643595
1.3695968,0.92927474,0.21982051,1.3295782
-0.3443381,2.09356,-1.4642953,-0.3602761
1.124395,-0.35074317,1.6271704,1.1756233
-1.3076946,0.15689903,-0.6804807,-0.67713636
-2.066546,-0.77874863,1.3588833,-1.1057446
-0.14370516,-0.18879952,0.24006678,0.5674029
-1.0412247,-0.31416053,0.43484274,-0.8289003
-0.6977029,-0.8467168,-0.4796036,1.4835317
1.7465457,0.43707418,-0.9104994,0.9889922
-0.65464824,-0.7787879,-0.87142134,1.4897044
0.6055305,0.103311725,-1.0538713,0.2488704
1.3948761,0.115072034,-1.5701522,0.775553
1.0384078,1.2523453,-0.9584416,-0.06740864
-0.74278057,-0.6408167,0.06373765,0.78140485
0.14769752,0.5019815,-1.0323367,-0.5837106
1.0027517,-0.50826335,-0.3529564,-0.6297462
0.40237376,1.898683,0.55841637,-0.043676168
0.51590806,0.2546979,0.7160759,-0.35950008
-1.6015933,0.56149423,-1.2188839,0.6172707
-0.12696607,1.0021058,-0.5545939,-0.78046215
1.2325727,1.5493034,-1.531769,1.528645
1.0834407,-1.1777002,-1.7486048,0.36319107
2.2267356,0.21142408,-1.9899948,1.6335071
-0.31111676,-1.1793365,0.63731194,1.4505817
2.1225917,0.4410776,-0.9820366,-0.6305732
-0.18768266,1.362991,1.9842529,-0.63791585
-0.3248652,-0.55959624,-0.62406236,0.9444515
-0.2873465,-0.3317928,0.7116267,-0.045041513
-0.5213261,0.13176794,1.0374974,0.6192364
-0.8451233,1.2197057,-0.38834456,0.94095796
-1.0051891,-0.39051065,-2.0222366,0.8863662
-0.015603571,1.2108604,-3.378095,-0.052941624
0.003822624,0.99414444,0.49626455,-0.15975145
1.5105388,2.2278266,1.3586373,-1.1641331
-1.0539862,-1.0088365,1.3798558,-0.18478572
-0.33548594,0.63173896,0.8838906,0.66004133
0.13251592,-0.0014411706,0.16154177,-1.7438025
-0.83524567,0.3317571,-0.36123836,-0.056288365
-1.7959241,0.6557344,0.44815594,1.6679343
-0.12593491,1.9376925,-0.3187902,-0.26513937
0.67966026,-0.9784829,1.0569786,1.646434
1.9250203,0.7311224,1.291949,0.84547174
0.25829494,-0.13961196,0.90656364,-1.5263559
0.92490625,0.4021217,-0.06972854,-0.36693674
0.50892234,-0.81329733,1.0617194,1.5189054
0.62658495,-2.1723647,-0.17789683,0.3078
0.42956558,-1.494429,1.3387408,0.51884675
0.9301534,2.7755995,-1.1309811,0.1187897
-1.6565106,-1.5634636,-0.14992586,0.54132247
-0.50915104,-0.5988611,-1.0911005,-0.54871124
-0.31624636,-0.0118553415,1.6244613,0.63241273
-1.2077562,0.42887998,-1.2902298,0.9052816
1.064112,1.342523,-0.49587908,-0.697267
-1.4531881,0.07823339,1.6960788,-1.0141535
1.4326788,1.186145,0.57199585,-0.51109874
-1.374835,0.8489183,0.36342713,1.339253
-0.8713951,0.8574274,-1.816235,-0.56963974
-0.53047925,0.44217652,1.1010698,1.3172481
2.3251514,-2.5480225,-0.20156543,-0.50144666
1.5148638,-1.1628109,1.7982687,-0.38905367
1.9854085,1.9531928,0.46678793,-1.1598918
-0.6933137,0.8561221,-0.25095668,-1.0720195
1.3746165,-1.6459273,0.9480343,-0.41395187
2.3688445,0.06426732,0.7633121,-0.5722344
-0.6528272,-0.021134324,-1.5468225,0.31125578
-0.86098063,1.0770581,0.67496747,0.36767426
-0.31007153,-0.675554,0.29578474,0.45158046
-0.3165877,1.0531167,-0.6514325,0.10254311
0.43627006,-0.19088735,0.8388987,0.36214688
0.4387468,-0.06545252,1.5683427,0.8622606
0.9525528,1.968485,-1.2483943,-0.23211744
0.117335334,-1.0415854,-0.34301805,1.4854076
1.8397688,-0.49104047,-0.42824098,1.0370224
1.5331447,0.81260085,1.1490207,1.554242
-1.6257365,-1.2235508,-0.6255153,-0.6941032
1.8654301,0.30165288,-2.1242843,-1.6110315
1.632536,-0.11820121,0.3379547,-0.5043431
-0.71382266,-0.76984364,-0.8682768,-0.84156924
-0.39933342,-1.7928193,-0.53118324,-0.15546486
0.33933085,1.1248128,-0.17946343,1.2600803
-1.5285271,-0.2569653,-1.6963756,-0.4765241
1.4730924,-1.5074209,0.59876484,2.782828
-0.5601533,-1.338272,-0.07393141,0.6727697
0.83783376,-2.0030766,1.2830002,-0.6831184
0.17837466,0.7031604,-0.47236675,1.0361466
0.5904519,0.49522313,-1.0720422,-0.09666808
1.01014,1.4005783,0.31479767,0.82735026
0.586055,-0.89294446,0.9096111,-0.955908
-1.0233245,1.3573917,-1.5118523,-0.6082695
1.2180191,0.56102234,0.40873137,1.0720367
0.16896747,-0.45026144,0.3706996,1.8567204
-0.14857075,1.0064551,-0.65128255,0.8389835
-0.6788923,-1.0660533,-2.3946452,-1.4063683
0.3242527,-0.63924,2.0872836,-1.8944094
-0.37510905,-2.042949,0.1113236,1.3448647
0.9879,1.4205437,-0.019158825,-1.3803011
-1.3420573,1.2604903,-0.4140172,-1.3443264
-1.6076444,-1.2660236,1.2363611,2.3092673
1.7272145,0.104075484,0.43322128,-0.8718209
0.33554292,1.4939404,0.6469103,-0.0685055
-1.8500745,0.87414837,-1.2581654,-0.39479634
-0.85052073,-0.6216731,-0.21538608,-0.84062195
0.15526828,0.7020043,0.7110455,-0.8730472
-0.45888433,-1.6564195,-0.551913,-0.9960896
0.69596326,-1.259858,1.197824,-0.57867324
1.7660127,0.73388565,-1.0184922,0.47600555
-0.10281949,1.1334081,-0.16830117,-1.2826935
0.32866874,-0.8070098,0.04013863,-0.47244924
1.6845815,-0.8631551,-1.2043172,1.5454031
-0.5158561,0.87313145,1.1156751,-0.54651666
0.8538402,0.9296912,0.56602645,-0.58301604
-1.7868447,-1.4175532,1.0940189,-2.5824184
-0.16417755,-0.11512912,1.8120915,1.7949656
2.150067,1.5525984,-1.336992,0.083062336
-0.083437,-2.2648568,-0.8298754,-0.2367581
0.99277794,0.6389864,-1.5171779,0.22255662
1.5709823,0.9842536,1.1728886,-0.7942182
0.50584877,0.93934625,1.3763939,0.51614535
-1.0139836,-0.04409898,-1.1071478,0.61798054
0.091542505,1.4259679,-0.5662811,0.47303316
-1.26689,0.19415309,-1.3266066,-0.89532715
-0.7214424,0.5877317,-0.20815957,-0.08343384
-2.015,-2.2138314,1.8350291,1.5472702
1.9103767,1.026978,-0.41014034,-0.995035
-0.87018234,-1.2862527,-1.6217328,1.4878247
-0.38524744,1.0699992,1.2108736,-0.2274163
-1.1303676,-0.81822133,-1.3394496,1.2755765
0.60050994,-1.285755,0.7219383,-0.5609796
-1.4852645,-1.0142962,-0.35785672,0.02111678
1.8339636,2.1750054,1.0302768,1.7327871
0.51291037,-0.7609134,1.7738279,0.37789878
1.364896,-0.5212359,1.2112195,0.8636898
-0.060614396,-0.23902659,0.9116429,-1.296612
0.9893787,-0.4647049,1.2504798,1.807158
-1.5899291,-1.3744019,-0.6575,-0.08650771
1.0943382,2.3520687,1.0506873,-0.08484957
0.7228844,-0.69930226,0.8267262,-0.9632934
0.7050486,-0.8050998,0.087371916,0.41517523
-0.04263026,-0.89691013,-0.67318374,-0.77597255
-2.5097442,1.1710377,0.54381275,1.7761512
0.068204954,-0.856816,1.8250548,0.60155994
0.5556413,0.683289,1.4360733,-1.3065481
-0.16900444,-0.41815978,1.1013949,1.1417912
2.3354623,-0.41386986,1.4566339,-1.7550066
-1.466984,0.72990817,-0.8294204,0.25144857
-2.012895,-1.9789428,1.4707981,-1.464489
-0.9579008,0.24642059,-1.2352704,-0.19199763
0.89939773,0.23584804,1.2303809,-0.6978345
2.424107,-1.1982536,0.31706595,-0.08171515
0.8865667,1.2223693,-1.333934,-1.8026701
1.0103972,0.4626941,0.40860122,-0.324333
-0.37294027,-0.58106405,0.43637228,0.73425967
-1.7203217,-1.2835183,0.91389805,0.71539795
-0.26449227,-1.0370901,-0.538708,1.2930211
1.3611284,-1.4867965,0.40740466,-0.43940574
0.32374147,-1.2243512,0.26998296,0.028370133
-1.7440422,-1.2888203,-1.9012958,0.17949769
0.12495803,0.13530412,0.8077077,-0.9743368
-1.199456,0.93645877,0.44512966,0.0886078
-0.4904898,-0.087705575,0.82905304,0.31882694
0.04613158,-0.5917095,0.47987652,-0.04970844
0.8524182,0.85585576,0.5765011,1.0935374
-0.25210047,-0.33902797,-1.0463214,0.5143312
1.3468595,-1.5594234,0.33570975,-0.23432636
-0.8078748,-1.2578454,-0.43427172,-1.0501443
-0.1683897,0.92350423,-0.8325567,-0.55194694
-1.0251906,0.32846934,-1.5983573,0.513522
-0.84044653,0.9864661,0.6021977,-0.581472
-1.5937488,0.13837767,-0.32931277,0.73167837
1.3388032,2.0004773,0.61267495,0.5473902
-1.0314027,1.0740426,0.63512695,-0.26951116
0.19518802,0.37652138,2.3967478,2.3924637
-1.6431165,-0.17799142,0.8595939,-0.70201176
-1.2239892,-0.60078347,1.2227453,0.040131975
-0.8256009,-0.26800886,-1.071534,0.9372783
-0.88640463,-1.4693347,0.0033221932,2.5187473
1.2155715,0.5084135,0.61742043,-0.25647542
-1.2621462,0.15605691,2.5713437,-1.680154
1.1623846,-0.28155124,-0.72123224,-1.2398049
-0.5053396,0.9088807,0.08613674,-1.2517359
-0.71217704,-1.1162131,-0.68617445,-0.5493312
-1.4648359,-0.19889636,-0.65499246,1.3944088
1.1950681,0.38069326,-2.6796324,0.09706594
0.042175993,0.871604,-0.8574437,1.0436469
