0,1,2,3
-0.0074280575,-0.8535992,0.72558624,1.0151812
-0.6751667,-0.14566003,0.42659745,-0.39857897
0.9624091,-0.98025304,-0.583128,0.91198874
0.34878182,0.15177628,-0.41840932,1.1730636
0.06779943,0.44654533,-0.16096151,0.2685726
-0.8605182,-0.44430873,-0.2729405,-1.166168
1.0783268,-0.03054876,0.18435082,0.12396085
-0.7773119,0.27045283,0.09166368,0.118948035
-0.8123526,-0.79851687,0.5408314,-0.28312942
0.61322445,0.21713232,0.0026640962,0.6118286
0.21921723,-0.17735222,-0.57095796,-1.9480852
0.40398794,-0.24817345,0.99320215,-1.1283927
-1.3303138,-0.99534994,0.3133868,-0.70818704
0.6223462,-0.94317406,-0.56419164,-0.4470988
-0.48933625,0.0908409,-0.37597835,-0.3409375
-0.2445024,0.41738874,1.6608852,-0.44379762
-0.3698276,-0.5185257,-0.6030057,-0.46012208
-0.35160795,-0.12484777,-0.117755026,-1.1257143
0.592404,-0.1992977,-1.4682001,-0.38703966
0.7792677,-0.27867502,0.22672486,2.4384968
0.33687612,0.48304036,-0.6754887,-0.22397329
0.44516984,1.188877,-0.24285223,-0.13980028
0.21646625,0.41096202,-1.0024319,0.1450153
-0.44824204,-0.33447108,-1.3509048,-0.45911378
1.368551,-0.92591554,-1.0041451,-0.6603382
0.08887078,1.5633354,-0.049988046,-0.40565157
0.8042219,-0.48609474,-0.5981605,1.0570074
0.12389571,-1.1009218,0.23013672,0.63263774
-0.51683277,0.19063935,-0.2595667,-0.08511981
-0.0599211,0.7866835,1.1892827,0.48142794
0.5762473,-0.5187633,0.6248883,1.412229
-0.5011143,-0.5070441,0.050656874,0.093118094
0.77123326,-0.1734514,-1.5271267,0.38128313
-0.55063415,-1.5315654,1.063867,-0.124289855
0.33343506,-0.9737209,1.4201701,-1.4801337
-0.706728,0.52860516,-0.45328197,-0.9322734
0.9517079,0.4647984,0.15787531,-0.30992624
-1.1655493,-0.9072567,-1.6626745,0.2166212
-0.8518017,0.60058963,-0.13935564,0.35194296
1.2301528,-0.78799593,-0.20347077,-0.6818696
-0.11166322,1.2661957,-0.75791526,0.7929178
1.5872422,-0.91841334,-0.37605414,0.19974124
0.21839635,-0.8659976,-0.3691445,-1.3815584
0.23956032,1.1817616,0.5232037,-0.7927184
-0.026993228,1.0823355,-0.052645214,0.87737733
-1.1897742,1.0081282,0.9993197,-0.5102962
-0.043990783,-1.2964108,0.8485176,-0.8813977
-0.5630484,-0.79763603,-0.729747,-0.34579098
-0.31682253,0.41197532,0.47289482,0.027508767
0.23333395,0.23777266,-0.47000694,1.0340263
0.40588674,-0.46149725,0.27251044,-0.4659135
1.5182858,0.9826595,0.20575036,0.3381562
0.47411337,-0.6225534,0.3192626,0.1644853
-0.82756484,-1.3911914,0.2539747,-1.8766888
0.653561,-0.8815467,0.2457193,-0.0006770835
-1.6842108,0.97898173,-0.046685606,0.8236605
0.15031044,0.32160035,0.09010098,1.9012071
-1.1759442,-0.03182562,0.6250921,0.025708733
0.29501384,0.3946545,0.048325036,-1.3096074
-0.19120896,1.2255915,0.08805622,-0.20768473
-0.3095089,1.2124985,1.3812172,-0.5333131
-0.49125504,-0.3217182,0.2100202,0.21023893
0.34575754,0.26678863,0.37849987,-1.0169513
-1.9350519,-0.36149582,-0.117835954,-0.73015964
0.0808946,1.024871,2.6769662,1.367946
0.31864813,-0.061389837,0.636392,-0.6197951
1.5597769,-0.1614766,0.68148553,-0.20763552
-0.1294122,-1.3331655,0.73246723,-0.40465552
-0.95228434,-0.64399433,-0.32555497,0.28198966
-0.17860077,0.42631394,0.55656606,-0.59648377
0.27144894,-1.4693966,-1.630432,-0.41138384
-1.9487151,-0.16218041,-0.0005995672,1.0590936
-0.5320566,-0.26943886,0.2612529,0.19261025
-1.2457705,0.2795179,0.27252862,0.8952596
0.88060266,0.8200698,0.08847786,-0.83831465
0.6891579,-0.627149,-0.13851967,-0.79244053
0.38916844,-0.5751499,0.06671469,-0.6399501
0.8757841,-2.0592237,-0.38396412,0.48951203
0.03792955,-0.49650016,-1.2965896,-1.79153
1.2074966,-1.0893232,-0.5727486,1.7663741
0.63888717,-0.25335997,0.12968096,-0.68639576
-1.699868,1.0548012,1.8506763,0.040787753
-0.35447618,-0.5901482,0.0013158625,-1.2908607
-0.8092194,-1.3916107,-1.2461658,0.66320235
0.16727711,-0.2801602,0.60284644,0.31230664
0.54797363,-0.2604908,0.3535645,0.20451015
0.78148806,-0.908347,-0.09914342,1.4162868
-0.47218132,-0.12432897,0.60180324,0.41554755
-0.944137,-0.52768004,0.88754886,1.8701795
0.34124085,-0.6348683,0.58129287,-0.57609683
0.3446762,0.020022184,1.7188603,-0.4338088
-0.14812686,0.18405922,0.6171668,0.33463287
0.86710596,-0.7228622,-0.17907032,-0.26821402
-0.6689978,-1.2292405,-0.7698637,-0.2979891
-1.5196291,-1.3543652,-0.67123026,0.5311787
-0.7412392,0.642287,-0.32065997,-1.3722351
0.211276,1.5901359,-0.35568905,-0.93596196
-0.10139555,0.69858176,0.16673207,0.3268573
-0.8489789,-0.09919533,-0.38197628,-0.364805
0.9851406,0.9233201,0.42550954,0.2518043
0.400713,1.2384907,-0.15125217,-1.0112435
0.51578766,-0.17178248,1.7874908,-0.8978575
0.506313,-1.2720504,0.15649426,-0.17537998
0.8066084,0.48874086,0.44002575,0.45170915
0.4481253,0.5328569,0.40143585,0.9491555
1.664703,-0.31002283,-1.0702943,-0.085795216
-0.58103114,1.0411346,0.060839795,0.06340199
1.5860534,-0.11880723,0.3723574,-0.95076346
0.13923457,0.4747112,1.6262088,0.27660346
0.018522657,1.0665396,-0.25602564,-0.09620415
0.49085286,1.5218776,-0.3847283,0.32988143
0.19140202,-0.22012858,0.16579409,0.3564601
-1.3526717,0.22379936,-0.1496546,-0.91591984
-1.5226886,0.18391328,-0.16264023,-1.241603
-1.5015249,-0.1265027,-0.5974426,-0.28309488
-1.2368982,-0.7385316,-1.0442,-0.83255345
-0.12450808,-0.44240215,0.024594871,-0.12687404
0.24422964,-0.9092761,0.21639684,0.5530066
-0.3657006,0.9033213,-0.1973468,-0.29848522
0.3938234,0.015706427,-0.8505234,0.5755168
-0.23798175,0.63373464,-0.2898186,1.2141925
0.80875653,1.1167804,-0.71814376,0.12765244
-0.07432833,1.0208055,0.40960363,1.0236706
-1.7506478,2.724605,0.6505128,0.3516822
-1.4279689,-0.69774294,-0.6234941,-1.0605074
-0.09581269,-0.06471643,-0.048406776,0.11894928
-0.49335983,-0.25356463,-0.72392106,1.2387378
1.0081979,0.4168491,0.9966081,0.024050197
0.12001201,-0.22537456,1.013707,-0.45655128
-0.13452187,0.22998546,0.58764654,0.39603612
1.6527979,0.3494839,-0.34635735,-0.007970538
-0.05458664,0.651311,-0.64359206,-0.9295867
0.58810693,-1.1759719,-0.3047931,0.33969006
-0.19569455,0.84174645,1.6678534,-0.5000606
-0.24549454,0.9917029,0.019890783,3.002601
0.15741946,0.683686,-0.384396,-0.06132803
0.085274264,0.20137379,0.2860891,-1.1056786
0.45333132,-0.0034430728,1.5359048,0.70007986
0.6654089,0.5703233,0.43698436,0.96002585
-0.36495796,0.47624946,0.7834029,-0.34764513
0.32983217,0.3796425,-0.57338357,-0.15542717
1.0395728,0.9010814,-0.13168754,-0.30124298
0.7443368,0.017955847,0.019490605,-0.44838613
0.31089255,0.658489,-0.9778066,-1.1732335
0.6678871,0.43104875,0.6344635,-0.5717602
-0.23904933,0.56100804,0.061060704,0.50893044
2.4027205,0.26811367,1.0982536,0.58087265
0.06266965,0.021373639,-0.5832023,0.65987897
1.4217106,0.03328597,-0.35383642,0.113109715
-0.56507695,0.05117801,-2.4771636,0.43336987
-0.14885189,-1.3310324,-0.61554664,0.43781677
0.62863225,0.64694625,0.27957115,-0.6830948
-0.77485305,1.9376588,-0.6650817,0.12119995
0.18005899,0.78349715,0.3750664,-1.0254622
0.273894,-1.8242131,0.6451869,-0.76530635
-0.46350846,0.1899564,0.820996,0.3202464
-0.9991492,-1.2567236,0.5533885,-0.36506903
0.773101,0.07491388,0.44732612,0.21272807
0.44237092,0.23831853,0.47754827,-1.598214
-1.5105878,0.06363696,-0.44303122,0.55865663
-1.1317842,0.23234132,-0.42186347,-0.32917506
-0.6807127,0.2479331,-0.58829725,-1.0854098
0.011311373,-1.4925698,-0.30347764,0.19166405
0.54484415,-2.3573043,-1.0576094,2.0066457
1.2690955,-0.15301237,0.02643257,1.0953988
-1.0175217,0.75258344,0.1728653,0.36938682
1.2043858,-1.8176817,0.46407107,0.35791263
-0.6421194,0.33874708,0.746116,0.6901151
0.5319853,0.33580318,-0.7567549,-0.19757716
1.4864286,-0.23262614,-0.50686157,-0.7213146
-0.23718557,0.7608614,-1.6765656,-0.8115536
-0.03716529,0.39579582,-1.0261967,1.0764737
1.1937895,0.26229316,1.428259,-0.44472313
-0.20031194,-0.7005654,-0.30351844,-1.0744016
-0.0011485651,-1.5115618,-0.8939698,0.53129774
0.46704778,0.1923195,-0.54419667,-2.131325
-0.107521035,0.39464185,-0.7618817,0.06557481
-0.16195753,-0.40007305,1.3049744,0.22611384
-0.29981574,0.85074687,-1.2999665,-0.028631825
-2.4114792,-0.61371106,-0.18848385,0.039466612
-1.5657153,1.060702,0.35390952,0.39206904
-0.88605946,1.3647017,0.72836876,0.45160767
0.9223647,-0.67664,-0.661862,-0.2396325
0.8681964,-0.96108663,0.74021304,-0.41100806
1.9477161,-1.2675211,-0.49962637,-1.136373
0.24891081,-1.7194524,-0.5195046,-0.4984315
0.19743156,0.64835364,-0.3787599,0.6096727
0.8318051,-0.7495984,-0.8034827,0.6701766
0.14420487,-1.4568313,-0.06796766,-1.3897543
0.07394209,-0.55121785,0.5442958,-1.2282679
0.05700016,-0.2723345,-0.9116842,-0.5257204
0.42003018,-0.6444991,1.1015291,-0.08610424
-1.7960509,-0.6433531,-1.366149,0.5141618
-1.8587384,1.4358143,-0.4778877,-0.36084384
-0.79201436,0.47445157,1.1546344,0.33435664
-0.38770625,1.8290696,2.0464456,-0.9571487
1.7808877,-1.2702668,-0.23102687,0.0066610426
2.1972983,-0.74716514,-0.2494184,0.05157078
0.23563151,-0.5101364,-0.96190816,1.2346958
0.28200343,0.25933835,-0.06996914,0.08291284
-0.23688538,1.1085128,-0.35698885,-0.75759155
0.75008,-0.31315547,0.44908866,0.1907456
-0.5906805,0.6023064,-1.5253435,0.6190098
-0.76293087,-0.0065522725,1.4632121,1.2522963
-0.27089548,-0.3967273,-0.06977007,-0.47219625
0.67458326,-1.3605449,0.7280521,-0.3133122
0.68107474,-1.046666,0.18080348,0.49054638
-1.5083132,-1.2092565,-1.0111084,1.549252
0.52646494,-0.38019508,0.65538687,-1.2756016
-0.648213,0.325784,0.28142345,-0.2891586
-0.7717397,1.9586467,0.87078166,-0.45985022
0.41447526,0.42985445,-0.69892025,-0.2054244
1.016809,0.37414104,-0.056408655,0.31651595
-0.19586891,0.75070083,1.4120362,0.9988524
-0.6131908,0.7904448,-0.5544353,0.1483747
0.93192935,-1.7455579,-0.54796904,-0.5494854
-0.98179,1.0990119,-0.049868926,0.29939514
1.1747528,0.78722155,-0.86434615,0.8362367
-1.5743353,0.6587978,-0.13196465,-0.10121696
-0.24332744,0.889261,-0.002855867,0.66015726
-0.8697426,-1.1251974,0.2515,0.53775084
-1.5843623,2.6942835,-1.0910763,-0.3388823
0.034858048,0.58209455,0.40260088,0.055617195
-0.8711019,-0.055350915,1.2615262,0.7297685
-0.5029993,1.0702028,-0.103265196,0.5428114
0.5722446,-0.526786,-1.7177389,0.089060895
-0.7447819,0.5552201,0.13893932,-0.80486697
1.0121293,0.13545828,0.19665308,-0.44445425
0.76210684,-0.48147947,-0.5898869,1.0068632
-0.28693473,1.3244464,0.49899048,0.6356367
1.0725285,-1.2323226,0.27361032,1.1080685
-0.69579154,0.56495816,0.39378765,0.31911224
1.8509368,-0.7843931,-0.703958,-0.3469564
0.65962213,-0.51464856,0.41872835,0.36088854
1.5028309,1.5087049,-0.28062922,-0.18774901
0.9366321,0.8187847,-2.0241077,1.8724966
1.0008464,-1.6456243,0.17190897,-0.6880208
-0.8271532,1.41721,-0.20538668,0.42634374
1.8753817,-0.8035044,-0.049167406,0.016698835
-0.91679,-0.015332388,-0.42766064,-0.761202
1.3347925,-0.059229914,-0.377202,0.2546984
1.3213397,-0.48438492,0.98240113,-0.80723107
-1.1890701,-0.15933986,0.2755987,0.5556721
1.1000901,0.25982198,0.28254527,-0.06545057
-0.8059003,-0.5108342,-0.9213359,1.6098466
-1.8982002,0.4895642,-0.2973603,-0.5930476
0.67277366,-0.8369961,-0.06694403,-0.11905678
-0.50329775,1.81451,0.096292205,1.5989621
0.8606127,0.49777213,0.6168004,-0.55107456
-2.3732903,-0.29296055,0.029181443,-1.597095
0.20798276,-1.0422695,-0.18714364,-0.4957014
-0.4180064,-0.096075445,0.90343344,-0.2632266
-0.7782015,0.1033638,-0.9241791,0.38947415
0.24887335,-1.4938587,0.21241239,-0.9986838
0.946135,0.8051102,0.88171756,-0.5070935
0.9263318,0.74838895,0.10296958,-0.07573439
0.7390496,0.070773065,0.5468859,-0.22302811
-0.009040815,-0.46898082,-1.2908849,-0.39910367
-0.7631767,0.35983506,1.3098745,0.45419762
-0.35386515,-0.11476039,-0.23749563,0.5035493
-0.32319847,1.0262054,-0.016013082,-0.19064333
-1.5968779,0.24409333,0.0865813,0.039448053
1.5464666,0.71437305,1.806164,0.6971869
0.8676886,-0.80795425,-0.37503344,0.40920585
-1.4759401,0.15436377,0.57644475,0.29009122
-1.0815151,2.0993304,0.31470042,-0.25435215
-0.47665423,-0.13127697,-0.5864436,-0.8497335
0.93707794,1.8128607,-0.26785228,1.5540179
-0.041891713,0.10242362,-1.2360165,0.49006167
-0.3394624,0.4272265,1.4665498,0.89122593
2.224417,-0.032852657,-0.15357074,0.47952536
-0.59450364,0.7279346,-0.17351583,-1.2591288
-0.51636016,1.3577926,-0.6298756,0.66954833
-1.1248407,1.7980729,-0.20531784,1.8698376
0.5395669,-0.7242313,0.64826226,-0.7168548
-0.9867241,0.41787687,0.0288535,1.6209455
-0.9111515,-0.30532175,-0.6370394,0.18792862
0.7133039,-0.028386682,0.15658858,-0.007266428
-0.6621374,0.27275598,-0.7424037,0.05005895
-0.54103994,-0.28610727,0.47304973,-0.64350533
-2.8680782,-0.67167854,0.8457945,1.412226
-0.33969092,0.49284708,0.9388341,1.480948
-0.47596997,1.2328497,-0.86891764,-1.0245208
0.4038767,0.6239759,0.9275985,-1.1977293
-1.249818,-0.64530385,0.28308505,0.8608234
-0.39501628,-0.028942605,-0.13305922,-0.030824633
0.22012901,-1.0663464,0.49212766,-0.27873302
1.54446,0.18667069,1.1059542,-0.2818027
0.37880278,0.6592813,-1.1539211,0.7311084
-0.09627741,-0.27728388,1.3811957,1.3327334
0.7596157,0.94849795,-0.5186248,0.18558449
-0.37451324,-0.8159647,-1.1539266,0.0031939216
-0.9119074,0.0070265913,0.6221516,1.4489115
1.5458665,-0.84283656,1.5821495,1.0489813
0.14176421,-1.9938587,-0.2143602,-1.3602943
1.1039722,-1.017644,-0.8390139,0.4845989
-0.0023220044,0.799658,0.5081244,1.6892949
0.71873355,0.5953384,-0.9061453,-0.059564568
0.1259111,-1.1246524,0.81255066,0.8101118
0.63217217,-0.036679283,-1.1715876,1.0315119
-0.26571128,-0.14014295,0.8062122,-0.04829428
0.81736577,-0.7583925,0.65931183,-0.05295783
-0.7590384,-1.4490911,-0.8628072,-1.2074416
1.2928512,0.028475247,1.3432251,0.03141381
-0.37005866,0.2609238,-1.6179103,1.0977372
1.0406259,-0.18572628,-0.6238132,0.69268835
-0.37288678,0.3295407,0.6247452,-0.41283032
1.2538449,-0.59422755,1.3943101,-0.4925136
0.24833405,-0.86904126,-0.93651927,-0.37342322
-0.20468338,-0.01343596,-1.2479321,-0.03846964
0.04069768,-0.8487599,0.12092898,-0.04437501
-0.37140393,-0.5259792,-1.235497,0.12104533
-0.15997733,-0.73809856,1.1860557,-0.8326829
1.1441562,0.71238184,-0.26954994,1.0687473
-0.16434534,0.10666599,-0.2607387,0.45347664
0.13857701,1.9837716,1.1495332,0.6126479
0.86492777,0.72646976,-0.7809565,0.23627406
1.2358071,0.88479406,-0.4684842,0.10294037
0.563172,-1.5246441,0.010723671,-1.4874662
1.7305787,0.47265595,-0.07931208,0.15092172
-0.70726085,0.61090344,-0.5142419,-0.71922547
0.94401646,0.94860893,-0.316824,0.95817935
-1.5722846,-0.95892215,0.7739878,-1.2369418
0.32807574,-0.61012757,-1.2185875,0.658813
0.039132245,-0.52325225,0.056860723,0.55513334
-0.4989331,0.008936447,0.8099519,-0.17051654
0.71074855,-0.77887636,-1.2061508,-1.07413
0.7992487,-1.4322532,-0.46533814,-0.38085476
-0.10262495,-0.07068956,-0.28446695,0.30089745
0.06337732,1.0767589,1.2108338,0.7829315
-0.5965618,0.94525087,0.033308543,-0.54694104
-1.9158025,0.006502289,-2.2872949,0.25590032
0.9800795,0.5524106,0.17271748,-1.6028227
-0.724722,-1.1199136,-0.51522523,-0.38241187
-0.1724504,-0.6040054,-0.5057285,0.69262636
-0.79661745,0.37954065,-0.9664966,-1.9893692
-1.0416484,-0.093775734,-0.76774144,-0.7038315
1.4445918,0.93072736,-1.102758,-0.5163079
-0.50549716,0.34122115,0.2527649,-0.092686
-0.6512616,-0.81633484,0.064894095,0.4803211
-0.29500216,0.6693389,-0.5174792,-1.6422445
-0.5489493,0.25831288,-0.35451746,1.0909873
-0.9385124,-0.2704092,0.53144157,-1.7657158
-1.4130125,0.2450709,-0.7851818,1.227793
0.15621686,-0.6032626,-0.6531188,-0.42737663
-1.2481319,-0.7606398,0.3129448,-0.23434505
-0.7194275,-0.01813968,1.7168705,-0.90311223
1.2297237,0.49630892,-1.7860901,0.6864136
0.9774465,0.11901283,-0.320571,0.10349442
1.362887,-0.66225564,-0.6798997,-0.7725417
-0.787878,-0.27166215,1.1461728,-1.6589168
-1.743956,-0.19359042,0.29072347,-1.658336
-0.3314815,0.14561082,-0.56192034,0.3312289
0.19290045,-0.95305425,-0.6480652,-1.1367115
0.5602816,-0.6118603,-0.973251,0.16993387
0.28778175,-1.8083794,0.59974885,-1.0679508
-0.73927855,-0.6543321,0.029820716,-0.33445576
0.46688235,0.47195634,0.51686317,0.083685264
-1.5350205,0.30153605,0.5310111,0.30415767
0.40919358,-0.018420205,-1.0074673,1.2841263
0.50405765,1.1747941,-0.84599847,-0.0403507
0.11767609,0.42372373,-0.49659923,-1.4198973
-0.8209068,-2.2857487,0.30015877,-0.4184722
0.52943414,1.7412964,-0.70042115,-0.7818973
-0.7488672,-0.005726352,0.23288874,-0.44013643
-0.27954122,1.1055514,1.7697368,0.4127372
1.5577595,-0.08668479,-0.2648937,0.68485147
-0.46692425,0.060350355,-0.95802677,0.73720616
1.0197377,-0.9916083,-0.23062332,-0.35860097
0.08942196,-0.40151107,0.42559817,-0.89437443
-1.8181698,-0.21941853,0.1870867,-0.77934194
-0.29127133,-0.81691456,0.33164108,-0.7451952
0.094039,0.7144931,0.057067502,-0.6987423
0.687593,0.6062381,1.0145352,0.51734936
0.2499178,0.56613433,0.9070924,-0.8577588
-0.03251903,-0.88820225,0.86094433,-2.0366354
1.3863747,-2.5223935,0.27397498,0.296792
-0.3258849,-0.032392476,-0.5714315,0.9149453
-0.6625735,0.23079422,-0.17365538,-0.39753357
0.68775535,0.41529268,-0.12822907,0.116051205
-1.1298432,-0.1292067,-0.1552989,-0.078541405
-0.07038948,-0.14270353,0.11856156,0.99239963
-0.34724697,-0.9591803,0.04427168,1.0828366
0.95117575,0.4323587,0.28554726,0.19257547
-0.61812335,-1.2181201,0.029360829,-0.52305424
-0.59392834,0.435537,0.021456718,-0.12824112
0.65144026,-0.017757624,0.06644943,0.63170624
0.029006813,-0.08584657,0.31728324,-0.42277697
0.8722514,1.2047504,-0.17690568,-0.11925947
0.14166431,0.31216142,-0.63027793,0.6167252
-2.1696372,1.0839509,-0.33347362,-0.93138117
0.8458158,1.1034439,-0.90937907,-0.6471435
-0.99641246,0.5352026,-0.23761144,0.53703326
-0.11342764,0.8315093,0.979361,1.0886707
0.54092675,-0.014916948,-0.3942003,1.1443866
0.085296646,0.6773238,-0.48694342,-0.21318719
1.579785,0.4951068,-0.34095883,0.4876586
1.54062,0.01989473,-1.6200604,0.62270355
1.2281888,0.80819696,0.7325921,-0.95480794
0.27890155,-0.1089489,0.38292164,0.46224484
-0.38383663,0.07393631,-0.74573517,-0.6741265
-0.21269031,0.9478772,-0.42323834,-0.5004492
0.30205765,-0.57531905,-0.17891812,-1.0111945
0.2524313,0.39784363,-0.07017056,1.0028422
0.49013287,0.25545388,1.0311555,1.1428672
-0.107865706,-0.5717628,-1.0857605,0.33731374
0.56827307,0.7105312,-0.6419031,1.2602478
-1.0892159,-0.7279059,-0.3339144,-0.3584518
-0.60286653,-0.99333286,-0.37081844,0.5621951
-1.4468293,-0.31912512,-0.27382833,-0.020344857
1.2932433,-0.32991716,-0.40524966,0.37699214
-1.2733057,1.4546525,-0.94222414,0.15650614
0.45017624,0.21438414,1.1134094,1.3092617
0.96292585,-2.0680487,1.1157438,-0.015037239
-1.36,1.7405953,-1.0234061,-0.06169956
1.3447798,0.32852295,0.11922061,0.6599929
0.552704,-0.71347046,0.5492133,-0.93350345
0.0048150485,0.4878064,1.1209955,-2.0843718
0.69191104,0.4677904,0.8520754,-1.318112
0.9756151,0.3775872,0.17546675,0.5768579
0.16256374,1.5062796,-0.9263896,0.80190414
-1.8073788,1.2361809,-0.5156676,0.6570508
0.04104063,0.024292558,1.5893826,0.13819608
0.76002944,0.62579286,0.61314636,0.68925905
0.74460655,-0.28434443,0.44749743,0.22818218
1.3079851,-1.2317767,-0.21101873,-0.7307647
-0.5438738,1.0247267,-0.09493398,-0.4171072
0.75372374,-0.66522807,0.32998177,0.44826263
-1.2306775,1.8218067,-0.81227165,-0.96619725
0.64888513,-1.259463,-0.82583225,0.7073458
-0.89154714,0.51017785,-1.5443964,-0.7425505
-0.980034,0.21266763,-0.27754608,0.7260013
-0.4613023,-0.6495773,1.0647793,1.0437057
-0.33398816,-0.38406402,0.8460253,0.11594221
-0.84086627,-0.60523635,-0.23671156,-0.8246989
-0.67652243,-0.38414675,-0.17509767,-0.2763352
-2.0793207,-0.18270656,0.23564105,1.1270121
0.805663,-1.4163011,0.24024783,0.56185615
0.6260588,-0.8876455,-0.8227723,-0.49186447
0.74859995,-1.2099113,0.89009297,0.7743156
1.1463158,-0.799656,-0.0019197075,-0.84329826
-0.59051824,1.2917327,-0.031985402,-0.11738683
0.6426222,-1.3757527,-0.78063804,-0.036250874
0.68890953,-1.3841158,0.13387576,0.76436436
-0.8474169,0.18878476,0.61864185,-0.8943559
0.40367338,0.13839142,-0.19883107,1.2418846
-0.81641096,-1.1732613,1.2469243,-1.1130632
1.1368378,0.2143781,0.68447196,1.2658664
0.07444021,0.5038817,-0.028608331,1.34481
0.114920735,0.0030705002,0.3729098,0.2716152
0.80882996,-1.2142229,0.6511381,-0.65900856
1.1332679,-2.1978707,-0.37664744,0.27704173
-0.870771,1.1757902,0.36344507,0.01597022
0.9344864,-0.85026217,-0.2844153,0.45505068
-1.649801,-0.47365886,-0.062696636,0.63305986
-0.75676394,1.3625022,0.30971017,0.22932623
0.71370065,0.45455846,0.98073936,0.6262264
0.4039393,0.72936904,0.4361303,-0.7890125
0.21640483,-0.03840895,2.3178043,0.017831553
0.6441508,-1.1993643,0.23647992,-0.1343555
-0.12723951,1.1595464,0.32258323,-1.7820048
0.19765119,-0.48158228,0.35931903,1.2484833
-0.9004624,1.8045838,0.7706489,-2.418422
-1.4689927,0.46621668,-0.76602054,0.23716874
1.0226516,0.26409242,0.28302187,0.24335393
-0.23071435,-0.26772997,-1.1905842,-1.1171526
-0.2601314,-0.20836301,0.49115694,0.25176844
0.10736361,-0.75396127,1.4081446,0.11552758
1.1988246,-2.0392814,-0.77311385,1.0497962
-0.3943939,0.6908811,-0.9530098,0.9100438
0.6352323,-1.2316166,0.24661809,-0.34476742
-1.1275845,1.2116691,-0.598568,-1.000135
-1.9769949,0.7281509,-0.13011442,-1.7516537
-1.0153979,0.32507497,0.67746705,0.5465328
1.0732825,-0.24177083,1.0494857,-0.6018537
1.285387,-0.5631325,0.54097533,-0.41844058
0.9436288,-1.0901742,-0.06311321,-0.58609104
1.7845361,0.13137355,-0.7738292,0.30285874
1.2225943,0.3052412,1.674479,-0.95152813
0.56008893,-1.1083767,-1.0075084,-0.8608651
1.1691953,-0.7198637,0.7382294,0.25498047
0.34379995,0.14361408,-0.49538484,-0.9582876
-1.7510684,1.164561,-0.27465805,0.5794106
1.3987176,0.25481167,1.1825686,-2.0111442
1.6367166,0.5706561,-0.00081854546,-0.5995433
-1.6022811,0.26548493,1.6626889,0.32092872
1.1561852,-0.823238,-0.19074449,-0.21487282
-1.5628895,-0.83967924,-0.3179623,0.49598268
1.1153014,-0.07148051,-0.021026913,0.45928854
0.8686369,-2.349775,-1.1413229,1.1742862
0.016914776,3.2913213,0.13118029,-1.8511426
-0.22639303,1.1889224,-0.31853127,0.64543766
-0.09674159,0.83015054,-0.103564866,-0.7732171
-0.026470752,0.11232804,-0.3287021,0.2061991
0.19358335,0.029146107,-0.0018707013,-1.198169
-0.12552787,-0.6204854,0.4001933,0.34947252
-1.4448795,0.17571881,0.7353462,1.0007948
1.5077195,-0.901508,0.69020694,-0.81576014
0.49565676,0.37239614,-0.38130754,-0.15070203
-0.6980653,1.0904775,1.2412344,2.3889115
-1.5759914,-0.4213642,-0.23255779,-0.49606654
0.73605984,1.7734754,-1.1061656,0.95875
0.3463137,1.246968,-0.03255027,0.028225888
0.9287721,0.95072776,-0.47050422,0.33550385
-0.7247762,-1.1762335,-0.7056902,0.33718678
0.014839519,1.6391834,0.16694519,1.2373406
0.8173803,-0.14224319,-0.42006558,-0.12381573
-1.3833153,1.1599915,1.2210097,0.32822487
0.21236752,-1.2197287,0.61848843,-0.068300515
-0.24064937,0.15943202,-1.6717503,-1.2548715
1.380488,1.1723249,-0.80807716,-0.5673796
-0.4575167,0.70072585,-0.5404503,-0.9305005
0.20726986,1.3580481,-0.37668794,0.19496377
-0.6417088,0.40582776,0.5306517,0.5170006
-0.22300032,-0.84204584,0.91033274,-0.3831477
0.3136945,-0.45001894,0.35180125,-0.13106345
0.7651285,0.3796352,-0.071326815,-0.9181973
-0.020793406,1.8319198,0.41868207,1.3152868
0.51598907,-0.23767507,-0.24590671,-0.9328889
-0.47549573,0.24136491,-1.2104949,2.2667885
-0.26892868,-1.6361749,1.0976297,-2.055528
-0.9182823,-1.533169,0.06792419,0.7671202
-0.13600111,0.7821433,-0.2985002,-0.72897226
1.1711158,-0.4729758,0.9398566,-0.16856125
-0.30473816,1.3396035,-0.34715953,0.6459235
1.1360974,0.15622292,0.84909874,-0.03830697
-0.14702569,0.9184609,-0.5680525,0.31092897
0.8045388,1.7479075,-0.5242075,0.61255985
0.19476578,0.43762106,-0.534722,0.900178
-0.77743906,0.34948152,0.51112074,-0.33959448
1.0345062,-0.1026101,0.5316537,1.1399375
0.875517,-0.6470673,2.281297,0.8206003
0.21839555,-0.08905042,0.03399647,-0.1326603
1.1058582,-0.56086415,-0.8611977,0.4239424
-0.35866666,-0.15307808,0.904249,0.45544937
1.0450867,0.37350556,-0.478313,-1.2219023
1.009461,0.6439925,1.6980077,0.7376698
-0.5034892,0.47944012,0.5732233,1.4855351
0.9765489,-1.3566797,-0.5973524,-0.25246578
0.879952,0.39277196,1.4640546,0.27946645
1.0571619,-0.56206566,-0.9446031,0.7594742
-1.0659446,0.47262472,-1.3488562,-0.87205875
-0.27843225,-0.35434788,-0.28940308,-0.62590903
-0.46359468,0.6567004,-0.30752295,1.0089402
-0.7778939,0.9227942,0.49787295,1.1575637
0.5614071,-0.16049306,-0.3661011,-0.04746725
0.7686711,0.2314264,1.6257001,-0.2477948
0.59823567,0.8588157,-0.009837885,1.0928663
-1.0677072,0.5651469,-0.19127147,-0.1972064
-0.95451564,-1.4689453,-0.56358504,-0.15939014
-1.0571139,0.042757597,-1.1938858,-0.7939914
-1.1893907,0.08008286,-0.026484273,-0.6691381
-1.4050413,-0.5308466,0.35508448,0.16639188
0.05657296,-0.36532608,-1.0636429,0.92593265
0.69224876,-0.26486275,-1.1443269,1.2167381
-0.12252472,0.8143178,-0.64702535,0.9833103
-1.0543852,1.1243749,-0.21539749,1.0380381
1.0939958,-0.6793965,-0.7768283,-0.02040958
-1.1371096,0.21406655,-0.03638505,0.76620007
0.7451508,0.5937454,-1.2685245,0.13997266
-0.63820016,-0.5245569,-0.91941357,-0.36528474
0.067180306,0.8715788,-0.31824124,0.72116774
1.6261454,-0.95398176,-0.77149856,0.4142168
0.24911265,-0.052135687,0.22085726,1.082165
-1.1064285,0.6242247,0.07533788,1.0250682
0.22463217,0.87368166,-1.6314925,-1.2603313
0.45254293,-1.3345283,-0.5177431,0.92915183
1.2123452,0.18735087,-0.39415026,-0.5810456
-0.1499926,-1.4038006,-0.84292233,-0.49384522
0.69468766,2.0843925,-1.4316348,-1.2407048
-0.02899573,0.32107463,-0.9997446,-1.27111
-0.1957265,0.997735,-0.42634487,0.2311817
0.86403894,-0.013513072,-1.2011585,0.008994619
-1.2322074,-1.27678,0.30906963,-0.65074456
0.8119986,-0.7004085,-1.1707096,-0.7958692
-0.46085754,-0.006534434,0.25267458,-0.5123933
0.24870144,-1.0105472,-0.07696693,-0.49646333
1.0881888,-1.1506977,-1.075246,0.16149406
-0.13623294,0.6190736,0.0671804,0.967718
-0.29957184,-0.29779896,0.25223705,-0.50186354
0.16800934,0.2073995,-0.40125337,0.16964526
-1.3856093,-0.024683129,-0.34953287,-0.1477228
-0.06825719,0.5775626,0.029390307,1.7762908
0.968784,-0.68118244,0.31044328,0.11161521
0.08374869,-0.2740146,-0.3836382,-1.1872253
-1.2767395,-0.31709442,-2.4944077,-1.251165
0.056098737,0.18811786,0.24602255,1.7406043
1.2723346,-0.7557957,0.20946059,-1.2412121
0.50038856,1.1868854,0.5913079,-0.5324481
0.7882829,0.36573976,0.6938634,0.5822676
1.8293091,-0.8708496,0.47287843,-0.23768815
-0.17814691,0.33147508,-1.0402068,1.2512327
0.4684364,0.66424674,-1.5362086,-0.15407418
-0.77949005,0.3300161,-0.33647054,-0.5864847
0.24674098,0.10393261,-0.6970776,0.7762447
-0.4715943,-0.13615465,0.13172139,0.23005754
1.0478604,-0.17376985,0.65661263,-1.990619
0.1428752,-1.3673339,-0.21730912,0.23777018
0.470886,0.45858848,0.81351084,0.7026987
1.0898699,-0.9066398,-0.5967053,1.4200423
-0.21858908,-1.2986072,0.18511476,-0.12219256
-0.18758525,1.3183318,-0.8458589,0.00883859
0.39876255,-1.4598234,0.4486661,1.5154812
-0.6396121,0.10757736,0.12883617,-1.3162822
-0.45530656,1.0467507,0.2703432,1.0886528
0.90804636,-1.0264745,0.15619129,-1.0754944
-0.13393512,-0.8506721,-1.1306688,0.42769146
-0.5075898,-1.3092,2.0430286,-0.50574666
-0.19663239,-0.5468633,0.32700664,0.6652397
-0.47710705,0.9002501,0.40800908,-1.2116158
-0.89098006,-0.9317602,0.13251835,0.47482932
-0.40826344,0.29235935,-1.1273323,-0.40654993
-0.91272545,0.057333738,-1.5278697,2.0879793
-1.4026014,0.5557991,-0.3567593,0.0500245
0.86732405,-1.4855617,1.936189,0.32277712
-0.0032816443,0.51044923,0.61912984,0.90474826
-0.91318583,0.27155542,-0.46142736,0.26717666
1.3483647,-1.1094322,-0.9371784,-0.3104624
-0.78802717,0.48902044,-0.23683523,-0.30981272
-1.2959982,-0.3169911,2.4067953,-0.32946646
-0.2581914,-0.03908894,-0.43643382,1.8940076
-0.1345638,0.1742646,1.2487987,1.3196585
0.29831615,-0.33362716,0.552574,-1.253173
0.11024351,0.633789,0.08853957,-1.2663809
-0.41883332,0.67123926,0.75614136,-0.09383173
1.1783588,-0.48985037,-0.5660024,-1.2039849
-0.66138214,-0.7837725,0.0019910403,-0.035305355
-1.3534017,-0.032255083,-0.9858083,-0.08283629
0.49055585,-0.18428655,0.16037922,-0.27007896
-0.5293163,0.881768,1.1353849,0.27914232
1.4357297,0.6384762,1.1149168,0.64269423
-1.6149907,-0.14464287,-0.3636865,0.47707194
0.26258639,-1.1987826,0.51133454,-0.034746636
0.27206418,0.15650582,0.9642846,-1.0089638
1.2572373,1.2534236,-1.0098641,0.21474111
0.03175103,-0.95817953,0.018677954,-0.3549018
0.91997874,-1.3067708,0.3976479,-1.2652512
0.043107867,-0.06819516,1.3523511,-0.56223255
-0.07984585,-0.7474456,0.6306629,-0.5137745
0.3713182,-0.755792,-1.7390326,0.8501814
1.7354476,0.41662794,-0.982235,0.87516224
-0.10804089,0.2716952,-0.012055488,-0.73566496
0.46248087,-0.06586253,0.5986316,0.69987345
0.32126728,-0.004051842,-1.0464153,0.12122505
0.31407273,-1.6763444,1.3331416,0.061081227
-0.7472697,0.75262815,0.38403067,1.3923471
-0.73617613,-0.84534717,1.4598476,0.775871
1.4857205,0.0050360593,-0.16570035,-0.39362004
0.3571294,0.36675045,-0.075197704,-0.54312634
-0.2701768,-0.47417054,0.54023063,-0.07435146
0.709616,-0.47806066,0.7694554,-0.029096948
-2.055407,-0.19289045,-0.50875163,0.029664885
-0.24415173,0.532476,0.64064467,0.024244979
0.77553886,-0.9096617,-1.0531794,0.22695756
-0.5640392,0.397829,-0.9404969,-0.33345678
0.41985476,-0.64176154,-0.78121656,-1.0313779
0.032265212,-0.27909395,0.09908446,1.3196244
0.23555762,1.686669,-1.5925329,-1.0902954
0.25971526,0.9561288,0.6687397,-1.0983456
0.48210928,-0.005428834,0.17599468,1.1812375
1.2715911,1.5688039,-0.13920659,-0.1951091
-0.19459662,0.23207559,0.40737158,-1.3893795
0.42150775,-2.2553608,0.94946414,0.043425426
0.36360008,-0.63522935,1.3513354,0.15813458
0.47594503,-0.7130497,-0.24176578,0.045929756
0.74974936,-0.25196564,-0.44592816,-0.8593908
-0.65312946,1.3475578,0.96513605,1.153645
0.46501505,0.26272842,1.3428538,0.61152714
-1.4388163,-0.53087014,-0.05784004,0.7791974
0.051456034,-1.9909575,-0.039379645,0.5527633
0.091857105,0.26395184,1.5236729,1.339347
0.45848435,-0.94790834,-0.88911796,-0.3171842
-0.06775815,-0.8098152,-0.24740434,-0.2772673
0.13043748,0.22628157,0.704939,0.60980666
0.96958476,0.3210671,1.0420846,-0.618386
-1.4953011,0.36383262,-0.78566945,-0.6268549
-0.92174673,-0.10434329,-0.023327265,0.3404551
1.5810838,-0.058079485,-0.20514916,-1.0223833
0.7527904,-0.2680703,-1.0935812,0.89384115
1.0623499,-0.5202884,-1.0464723,-1.2862562
0.03552768,-0.14412674,0.8840736,-0.6511154
0.16429703,0.476235,0.34628862,1.1116672
1.0768634,-0.5801169,1.1472847,-1.0762409
0.12165248,0.5656866,1.8724782,-0.9279451
-1.0565524,-0.06679295,-0.23603201,-0.7192106
0.27238995,-0.17183585,-1.1095871,-1.0836322
-0.08954194,-0.258809,0.3745211,-0.38673684
-0.2778298,-1.5819737,0.8151865,-0.74929446
0.76761067,0.112388946,-1.1528908,-0.33557183
0.7145751,0.88526005,-0.8102295,-0.5469014
-1.2882935,0.34239703,-0.9722687,-0.4510248
-2.4487047,0.80949897,0.636446,-0.17510413
2.1959977,-2.1512651,0.27274075,0.12643546
2.4946427,0.7741463,0.97695434,0.118478954
-1.8625163,-0.4017362,1.2311591,0.78517634
-0.63850826,1.6992332,0.019433666,-0.6735792
0.09811977,-0.47741446,1.3165108,-0.700371
1.0890943,0.9537352,-0.7520739,0.12003257
0.44162583,-0.018617675,-0.99467045,-0.0063251243
0.7173052,0.19288824,0.7650617,-0.71084934
-0.2784788,-0.54329294,-0.5269422,0.22115117
-1.2225406,-0.13916689,0.54059553,0.51561666
1.3668923,-0.8585313,-0.7981654,-1.6470761
2.1333272,0.31903127,0.08457363,0.16565968
1.3104812,-0.37962067,-0.004400879,0.2819307
1.5637407,1.8327544,0.92138463,-0.23791917
0.6226461,-1.5909907,0.41017476,0.8539044
-0.5838619,1.0800282,0.64533377,0.6187676
1.2250146,-1.5346763,0.2878305,0.7339901
-1.252159,2.4146347,0.6893716,-0.970822
-0.47620764,0.68094736,0.39950538,0.2917361
-0.48870033,-0.6948509,0.17594196,-0.014780798
1.0109228,0.54872644,-0.34634957,0.39819688
-0.39655095,-1.5376675,-0.93485534,-1.9595891
0.22291072,-0.105544485,-0.4412994,-0.95695007
-1.1442672,0.05142781,-0.23517208,-0.23177674
1.0229043,-1.0116687,0.4800056,-0.20946793
-1.5375028,1.7748613,-0.30181587,-0.009839878
1.2450583,-1.6924018,0.11816788,0.072159916
1.7286829,0.9820516,0.3548255,0.3713849
0.40826264,-0.38371533,1.5400681,-0.4343178
0.4987252,-1.4295973,-0.30140048,0.83974725
-0.8402711,1.0531901,-0.8194393,0.42917013
1.5563905,-0.5288142,-1.5449961,-0.251964
0.66822743,0.9633777,0.036467064,0.10685893
0.35418367,0.057934444,-0.5086777,0.7241498
-1.2981987,-1.3959794,1.1585562,1.7271298
0.6422562,0.058593243,-0.081827044,-0.8161811
0.59161574,-0.8606229,1.32449,0.25905955
-0.9698911,0.92528933,0.5748605,-0.74550676
0.8706977,-0.7952446,-1.4006821,-1.5121989
0.6850186,-1.7683091,0.7060474,-1.1119144
-0.7671324,1.1989325,1.8354623,-0.18510601
1.1014055,-1.6696869,1.6874677,-0.35628825
-0.51855755,1.7326055,-0.62697697,0.08398626
1.6521271,1.6663737,0.12278917,0.55174255
-1.6535615,-1.4209884,0.23490958,0.765839
2.1919987,0.92260844,0.29057562,-1.0695264
0.38628748,0.7098065,-1.6914681,-0.1765765
-0.09687738,0.7625644,0.9993451,-0.040690105
1.3115836,-1.3839172,0.3560354,0.7713699
0.65030134,-0.6496022,-1.7296942,-0.5429624
0.77983296,-1.0065784,0.5463173,0.7804935
2.0870678,1.7871065,-1.4468714,0.5092051
-0.5609386,1.3459375,-0.6917698,-0.20877802
0.82077754,-1.1725595,-1.2093217,0.3156593
-0.39279935,0.6030377,-0.19280782,0.029889267
-1.1924298,-0.6687476,0.59043336,-2.9739792
-0.34403434,1.270482,-0.07293618,0.81901276
-1.556597,-1.0367236,0.2685007,1.0902716
0.16034831,0.36692634,0.49906883,-0.57599044
1.6491904,0.08113151,-0.3685612,-0.83370066
-0.54416335,0.8790863,-0.18271871,0.43335736
0.6507566,-1.8354993,-0.025923196,0.44039786
-0.81605965,1.2853862,-0.24060227,-0.17674267
0.6372938,-0.74223036,-0.7319155,-0.45643845
1.143726,-1.606516,0.56535333,0.07477933
1.1763442,0.17555565,0.83319306,0.481782
0.52277255,-0.027102685,0.47812182,-0.65691924
-0.62272257,0.6357083,0.3930975,-0.18506694
-1.2358989,1.3664616,1.7286209,0.22820334
1.3055443,-0.4119833,2.0509412,-0.67718154
1.1863216,-1.1843461,-0.9276605,0.3504301
-0.6016431,1.5298749,0.9244039,-0.79022545
0.45965222,-0.37601492,-0.34607747,0.17955431
-1.494619,1.2915053,-0.92474186,-0.53834987
2.0380106,-1.5046648,-1.3482481,-0.5294861
-1.0057656,-0.33919725,0.35885465,0.900412
0.70273787,0.19214773,0.5219417,-0.2480388
0.593879,-0.96100026,0.6163861,-0.38155583
0.44911093,-1.2976981,0.7600666,0.12786797
-1.2407249,0.06259384,-0.33817092,-0.27297398
0.8379783,-0.14705476,0.4957063,0.5348247
1.1645788,-1.6796216,0.653291,0.81788486
2.4491324,-0.89650375,0.5531082,0.04693562
-0.78337485,0.33247042,-0.036376707,0.30877808
0.056225415,-0.7607619,-0.8381622,-0.340929
0.8914075,-0.6891961,-0.07999729,0.03666326
-1.2910029,0.6325473,0.06174094,0.6346247
1.2623782,0.3795317,0.21054187,-2.0979433
0.54894876,0.3502419,0.685002,0.68387187
-0.57617384,-0.23770946,-1.1507896,0.7620854
-0.27170202,0.06570237,1.4456016,0.27388495
-0.3511621,-1.219215,-0.9875004,-0.4693188
-0.69675195,-1.4861864,0.20259641,-0.061341263
-0.7637997,1.2780265,-0.03214388,-1.2579886
-0.9269301,-2.0397067,1.2721813,0.30649975
-1.0234654,1.8903093,-0.2791542,-0.10036197
-0.53051955,0.051866114,0.9106531,0.5111818
-0.35596785,-0.67492914,-0.75674784,0.13279602
0.15119693,-0.5308955,-0.74804604,0.3862357
0.5628075,-1.3269227,0.82109237,-0.48012233
-1.042268,2.4065428,-1.5300955,-0.09739022
1.0482166,-0.8045785,-0.34191388,-0.8996599
0.71548885,0.33343723,-0.8703259,1.187931
0.65084535,0.6998149,-0.22358799,1.0867953
0.61651397,-0.0757175,0.09016959,-1.4332362
-0.5228401,-0.92656803,1.3979793,1.2590654
0.6985148,1.1986544,0.26094463,-0.5709382
-0.99957013,-0.034075215,0.8370127,-1.6647887
1.2035637,0.47181368,1.6311888,-0.9407469
0.43769923,-1.2363225,-0.8607125,-0.79926497
0.24186148,1.2670132,-0.762815,0.21100086
-0.3372917,0.13192782,-0.43667853,-0.14509876
1.1953602,-1.189955,-0.19725507,1.553243
1.8509831,-0.2342333,-0.7649213,0.8430661
-1.5126456,-0.53295213,0.7485874,0.28897455
0.5543573,-1.133479,-0.5848665,-0.07825105
0.4661639,-0.33361197,-0.4878707,0.5452646
-0.3807896,0.32970032,0.2454306,0.016358955
1.8725367,-0.653882,-0.3847883,0.7903827
-0.72942996,0.8646915,-0.53358215,0.80264217
-0.5838417,0.51665074,-0.12398082,0.09517227
-0.023788184,0.44328767,0.35827073,1.1486013
0.31764847,0.72160107,0.6039021,0.40622398
0.09176549,1.2268064,-0.018349372,1.3328925
-0.8388937,-0.098878674,-0.8876465,-1.7651312
0.026138533,1.0437086,-0.88402957,-0.019210346
0.5590714,-1.0396557,0.62098193,0.55494094
-0.25762975,-0.081203066,-1.0556942,0.9510838
-1.2425168,-0.30723095,0.57358766,0.1532224
0.12482411,-0.35383224,0.33693117,-1.1512008
0.4023193,-2.3319466,-0.52135247,-0.003266891
-0.94762444,-1.8940755,-1.1981658,-0.26579607
1.4486524,-1.7794613,0.43855247,0.033526886
1.6675137,-0.34174827,-1.0265269,0.9088461
-0.03541664,0.91042566,-1.6685939,-1.6321912
1.3954484,0.058852673,-1.6650827,-0.7949267
-0.25127852,0.54081327,-1.4492346,-1.259925
1.4414095,0.06779437,-0.098291084,0.3846985
0.7550551,1.1527172,0.15276039,-1.7397768
-0.74381495,0.84483147,-0.6775655,-0.26812083
1.0135391,0.24617417,1.233824,-0.40076706
1.3589504,-0.59500635,-0.6220744,0.5657999
-0.21602428,-2.0908945,-1.4091451,-1.0424862
-0.24826348,0.04410655,0.3809985,-0.07704088
0.16922134,0.3867712,-0.9510423,0.39216438
0.9131664,-0.53849673,0.5591495,-1.4782548
-1.2309173,0.8189356,-1.2770429,0.27383798
-0.029235275,0.8880694,0.5505421,-1.4710374
-0.6770025,-0.019349793,0.7378015,-0.3221412
1.0800635,-0.6319744,0.534654,-0.8204869
0.5984662,0.5368567,-0.38910604,-0.98019063
-0.48880962,-0.39256343,1.3551544,-1.1203946
0.28615353,0.020553129,1.1851728,-0.44593585
-0.22251536,-0.37886274,0.04816254,-0.27776232
0.927682,-1.6096259,-0.9509788,-1.1066563
-0.4275935,0.121246114,0.9137944,-0.6610785
0.9884716,-0.26764172,0.728394,-1.027734
-1.793241,-1.1164471,-0.40382114,0.45609325
-1.1126785,0.49280223,0.24054857,-0.4944391
0.9555809,1.0088189,0.10074757,-0.7891075
0.49095958,-0.29648677,-0.39914724,0.86900556
1.307789,-0.35283118,0.6751009,0.41480303
-0.63173145,-1.2308401,-0.38739845,-0.10300057
0.13371053,0.43467918,0.4550294,0.11878571
0.6144846,0.7149589,0.6713921,-0.6205935
0.9329403,-1.0634087,0.31815055,0.30298585
1.7054526,-0.046853,0.89869183,0.79770136
-0.7523782,1.0339087,-0.6628192,-0.81609166
0.16839086,-0.44435516,-0.7753232,0.73406225
-0.9913304,-0.21764491,-0.30694306,0.60723424
0.87240875,0.62162185,0.07207521,0.924083
-0.137791,0.6224227,1.429967,-0.103556156
-0.03900374,-0.022968804,0.51524925,-1.2126131
0.474082,0.38027585,-1.3166808,-1.1843032
-1.4622729,0.07761521,-0.33957356,0.25941378
0.11858966,0.94598836,0.82735485,-0.44301015
0.15688442,0.10796568,-0.384012,-1.2539482
0.80171597,1.1341499,0.04520459,0.044000152
-1.6652234,-0.24565232,-0.20201679,-0.0922411
-0.9843993,-0.7166273,-0.38973933,0.11217761
-0.6007257,-1.2915198,1.0432508,0.25553516
-0.55166495,1.1026505,-0.21260509,0.68869156
0.10639849,-0.40600917,0.755005,-1.1088148
-0.017593384,-0.23607484,1.038135,-1.3056087
-0.24526551,1.2563629,1.2987256,0.10500463
0.1051687,0.20803094,-0.36447763,-0.0009806581
-0.66523397,-0.11055016,0.6772039,-0.63020957
0.14006358,-1.3766047,-0.03851669,0.32681808
-0.16234572,0.3453194,0.9042669,-0.18150634
-0.060046185,-0.16481225,-1.1036983,-0.111022815
1.0491623,2.2307496,0.017173758,0.5400948
1.737084,0.031177502,-0.40300894,-0.7221079
-0.41263112,1.0499682,-0.59289706,-1.5039163
0.590318,0.6522088,0.06610323,0.634245
-0.53029287,0.612614,1.4197782,0.32893714
1.1051137,0.37337244,-1.2211199,1.8820919
0.64423865,0.52554625,-1.5916374,0.023162117
0.5057116,1.2054276,0.5831173,-1.2169607
0.5108766,-1.6762741,-0.21529643,0.51448655
-0.842892,-0.709466,-0.30321077,-0.41264078
-0.70106965,1.2648824,1.5890905,0.4102826
0.022221336,-0.021303443,-1.5099894,0.8274571
-0.20544767,1.3990415,0.29162022,0.24750346
0.3014963,0.14899911,0.24354196,-0.9438304
0.716913,0.3586327,0.057753086,-0.11116178
0.34831706,-0.43710643,0.37885275,1.4577464
0.55852586,0.6348187,1.4537051,-0.14582752
0.43059805,-0.7669601,-0.8351282,0.36467698
-1.0905294,0.3623287,0.27516633,0.011511363
0.32560313,-0.38833895,0.014672431,0.48568803
-0.68106043,-0.57365614,0.39580473,1.3136542
0.05651773,-0.1746916,0.6575764,0.92273635
-0.43227938,1.0553555,0.7948193,1.009786
0.55306745,1.0939722,-1.1027106,-0.2234953
-0.16145101,0.54904616,-0.012341507,-0.19216457
0.7741129,-0.7128614,-0.85555553,-0.2744704
-1.0484164,0.26835832,0.0879249,-0.30986142
-1.5355495,0.041510493,-0.029926479,0.79517144
-0.4474349,-0.9630331,-0.38596445,0.9484951
0.009622681,0.9910053,-0.9521068,0.26426512
-0.23261969,0.8509996,-1.2621166,-1.4076946
0.4375575,-0.12513013,-0.22682135,0.57240814
0.976273,-0.045047518,-0.48402274,2.6010463
-0.40081915,0.7911256,1.448704,0.15589628
1.1523442,-1.0853288,0.6861848,-0.053965945
-0.25078484,0.050266672,0.1571283,1.8338485
0.14664528,0.3996997,-0.7061681,0.9415336
0.39777648,-0.8838776,-0.5622071,-0.15180285
-0.633421,0.79485244,0.9658846,0.4747821
-0.5974814,-1.8414663,-0.30071726,0.90448
-0.896173,2.041398,-1.2452655,1.5197611
-0.10331311,0.53799367,-0.07552812,0.29569566
-0.58919597,-0.1447844,-0.51923126,-0.056870937
1.3485576,-1.6797819,-0.49951148,0.53028464
-1.578274,0.79864013,-1.1970345,0.5846678
-0.42841288,-0.7647588,-0.037972942,1.9598278
-0.7517126,-0.10353576,-0.55523664,0.07680838
-0.40222007,0.99291426,1.934114,1.5383043
0.056693245,-0.026402539,0.57773733,1.001626
0.41562572,-1.6623033,0.4826991,-0.832305
-0.30345172,-0.058234688,1.7695032,-0.31225494
-0.28198415,-1.2104464,0.5109411,-0.5805156
0.08657189,0.4532421,-0.9050808,0.59875786
-0.9531218,-0.7588865,-0.9546926,0.7523152
0.37213004,-0.7312124,-0.73273754,-0.20619181
-0.1877629,1.0181204,0.4071607,-0.053718504
0.16670296,-0.85831,-0.3273018,0.4374059
0.7149481,0.5064444,-1.1496744,-1.1054837
0.003887992,0.09644136,-0.34400347,1.9941218
0.55229723,-0.70155674,-0.24922171,-0.015367813
0.5866272,0.01593032,1.1547964,-1.4160627
-0.31473118,-0.30747077,0.6295327,-0.6941694
0.5994932,1.5345414,-1.4027606,0.21674043
-0.0224093,-0.8836621,-0.08374509,1.0080578
1.1335924,-1.299826,0.9456824,-0.07899184
-0.12776473,0.10664753,1.4388404,0.47840363
-0.10199336,0.5832695,-0.294975,1.7620374
-1.8628262,0.1474215,1.3060205,0.009349018
-0.65666413,0.6785121,-1.2520329,0.024112852
0.7614208,-0.3120798,0.14307785,-0.0064123054
-1.0998464,1.4287543,-0.045678668,0.54681814
0.6427723,-0.8315837,0.29352787,-1.0667316
0.3020845,0.821865,-1.0305138,-0.3873036
-0.40454534,0.67319345,-0.18705575,-0.5869698
0.1271721,1.3656943,-0.39751095,1.1001353
0.47803727,-1.3267522,-0.63449645,-0.6787847
0.10499295,0.7813512,0.4495442,1.3672874
0.36862352,-1.2769778,-0.8144447,0.7231496
-0.84608215,-0.575301,0.56323165,-1.5172116
0.1383264,0.040205926,-0.11491831,-0.21487235
1.4769515,-0.17470342,-0.1208916,-0.31070143
0.32753882,1.8849093,0.07493269,-0.45164612
-0.3202282,0.3181161,0.017829796,0.9418791
-0.2425278,0.10829346,0.37978783,0.25732625
1.091284,-0.616707,-0.64515686,0.5149944
0.6123169,-0.258952,0.36064357,0.33670422
0.2330595,-0.27432323,-0.71484023,-0.81645924
0.39805442,0.42308703,1.8062639,-0.027356083
0.16334648,0.023597948,1.74423,2.4302123
-1.8974516,0.40578642,0.88436365,-1.4348677
1.8309498,1.5313294,0.248247,-0.75258565
-0.2774932,-0.36813426,-0.41054755,-1.3633056
1.8195535,-1.3693451,-1.4831008,-0.7343791
-0.8989776,-0.08613325,-0.5165326,1.7123723
-1.1635305,0.4541266,0.76903147,-0.5576292
0.69141287,-0.5897056,0.2612672,-0.3009307
-0.6305891,0.27464935,-0.24112977,-0.5835054
2.2015321,-0.8974045,0.5671662,-0.3838761
0.18787153,0.57563835,1.2466141,1.1900821
1.0790765,0.548741,-1.2258948,-0.7840728
-1.1766026,0.18271522,-1.1709554,0.15753302
1.0298446,-0.44012234,1.7526509,0.7773534
-1.0901132,1.1963323,-1.3247988,-0.54395777
-1.2740567,-0.2912903,-0.63647014,-0.038603954
0.9167015,-0.40240023,-0.8802271,0.3990761
-0.494934,-0.31091768,0.19104078,-0.7337215
1.5371999,1.0556742,0.95840234,-0.5535077
1.7090613,-0.37183112,-1.536198,0.12149776
0.45549175,-0.6005604,-0.26435605,1.1970992
0.98664695,-1.2366983,-1.5618289,-1.6761535
-0.7325945,1.2622062,0.6098155,0.9728841
-0.90704674,0.63169295,-1.6258023,-0.21438162
1.4107696,0.03969142,0.001498898,0.23214714
-1.0112123,-0.6564077,-0.11400602,-1.1027241
0.096633255,0.04433678,0.052210838,-0.2532084
-0.15057258,-0.51977164,-0.28231177,-0.16665408
1.2223904,0.399478,-0.4803648,0.75853723
1.2051756,0.3146068,0.4599748,-0.34508917
0.5488485,0.3160447,-0.061976995,-0.64270747
0.67484134,1.3736733,-0.5977993,0.46524498
-0.8330587,0.33147135,0.031097304,-0.29482627
-0.9333657,0.87474376,1.8379289,1.4988127
1.7361257,2.2807088,1.3460711,-0.2179801
0.7700954,-2.6941576,-0.2322642,-0.26916984
-0.5523456,1.1048896,-0.6688786,0.47115916
-2.121403,1.4049696,0.3268459,1.6189728
0.49497703,-0.97775394,1.1887348,-1.3438107
1.0343094,-0.53194773,0.2537852,0.71353835
0.9419023,1.0889924,-0.11842162,0.4552399
-0.13698247,-1.471058,0.4261109,1.3841468
0.66083974,1.4033511,-0.28804356,0.15737572
0.44910574,0.9252794,1.7434546,1.64293
-0.66271794,-0.944539,0.020276017,1.0757649
-1.9045346,-0.3021101,-1.726346,0.46637508
0.6261488,-1.1352787,0.8849046,-0.45346153
-0.8731991,1.5308394,-0.3711834,0.40167242
0.5483054,-1.4548172,0.24838239,-0.04882177
-0.59430957,1.6707832,0.5018958,-0.78025985
0.9655172,-1.6403495,-1.2781508,0.7557344
-0.4271541,1.3800033,0.29514,0.39539272
-1.897392,1.2406276,0.42336547,-0.5787632
2.6562831,0.4603778,0.45420375,0.796497
-0.18558319,-0.37645757,0.10815379,0.0485849
0.06347733,-0.6961383,-0.7307019,-0.06705113
-0.23050214,0.25856206,-0.26327077,0.82636434
-1.0853424,-0.5177653,0.66014534,1.430233
2.1660006,0.8194328,0.7214676,0.11141233
-2.0364666,-0.30532208,-0.7559027,0.6674551
-0.7401674,1.2156901,-0.5154277,-0.7562765
-0.48458883,1.2337689,0.54122037,0.87248194
0.3606868,-0.80338234,0.2169605,0.46794617
0.38449296,-0.6953672,-0.33375,-2.8984442
0.5409055,-1.5026759,-0.4717389,0.47443718
0.57770836,-0.8973747,0.85737675,-0.29033545
-1.0461197,-0.45892593,-0.68388194,-0.31024003
0.32759815,0.48314774,-1.0762674,-0.8244401
-0.57369953,0.16551608,-0.3055188,-0.21149541
2.2681808,-1.1625535,-0.43307653,-0.64451003
-0.7110564,0.6671548,-1.101474,-1.144954
1.0155493,-1.402342,0.30333954,-0.5618845
-0.2838466,0.91862345,-1.0514418,-1.2699493
0.7752647,-1.0850111,-0.7590234,-0.8465773
-0.66325223,0.7312317,2.1614935,-0.58289534
0.6728958,-1.7855563,0.020601531,-0.9584183
-1.4183383,1.2296202,1.3113449,1.6019366
-1.8626038,-0.9192765,0.3343894,1.389716
0.40365085,-0.72104484,0.263315,-1.4867319
0.23154168,1.5176578,-0.6149156,0.7091581
-0.6957291,0.9780003,0.1596635,0.7701472
-0.52834636,0.79875946,-0.08938786,0.20443448
1.0538895,-1.5230298,-0.10799941,-1.3199625
-0.62828565,1.3440877,0.61030287,0.025329066
1.1080768,-1.7312083,-0.4768103,0.61091226
-0.3781423,0.6613635,0.20861356,0.14087763
-0.8287086,1.5036836,0.34651574,-0.015441536
1.295384,0.10712143,0.0015162752,-1.1745518
-0.6254275,0.6094887,0.40004498,0.8576463
0.39792863,-0.19593745,0.5275106,-0.30605954
-1.9947072,-0.47756696,-0.42779297,-0.5002644
0.63652426,-1.038123,0.4588037,-0.83861804
-1.8741688,-0.32979313,-0.7019212,0.21377487
-1.0751389,1.0171921,-0.9712259,-1.669856
0.8206929,-1.6984999,-0.35419992,0.040685803
-1.5266881,0.023570722,0.18505019,0.9612127
0.74694663,0.22017027,-1.7727686,-1.6489663
-1.0343024,0.5755237,-0.4857776,0.9875233
-0.62053,-0.318896,0.027114265,0.26328033
-1.2664467,-0.32216105,0.15807982,0.7453727
-0.7249045,0.5310261,-0.815459,-0.6236269
0.75400954,-0.8842832,-1.3918166,-0.17452815
-1.7599614,-0.21130219,-1.1512659,-1.5221349
1.5965124,0.4748312,0.6852391,0.104793936
0.6445118,-0.53069896,-0.17470513,-0.4836314
-0.32941237,1.1576705,-1.827761,0.7247723
0.82059544,-0.46807837,-0.26467264,-0.6787349
-0.9380039,1.9015981,-1.5971063,0.85263234
-1.2773435,-0.94826823,-0.62500024,0.05367711
-0.5190278,0.7899646,0.16496785,0.13583733
1.3065797,-0.6935184,-0.44719025,-0.86981857
-1.9063619,-0.46712464,-0.40270543,-0.60261995
-0.59720653,0.2116518,-0.087249324,-1.0115459
-2.325242,-0.3844801,-0.36252812,-2.0251312
-0.5100152,0.8836194,1.0166619,-0.09715762
-0.38463697,-0.74317616,-0.39424405,0.27656195
-0.28013945,0.5377173,-0.43609172,0.92261124
-0.1651108,-0.35924232,-0.56713444,-1.0857861
0.7597301,0.57729334,0.6182542,0.3532571
-1.987363,0.024179336,-0.13442183,-1.4220809
0.72920984,-0.11827834,-0.3221652,1.14396
-0.13848689,0.5684564,-0.5898056,-0.03342472
0.1277474,0.59923536,-0.46040487,-0.60991555
-0.8295291,1.5767779,0.090235226,2.7092361
-0.006400303,0.015473166,0.8414483,-0.8189245
1.3064958,0.4105533,-0.70251375,1.352575
-0.7289925,-0.25777456,1.048276,-2.4763985
0.42051488,0.1267906,-0.32923198,1.3864833
0.06192008,0.13675517,-0.8547932,-0.054510638
1.5517977,-0.6146073,0.27197188,-0.92028344
1.131052,-0.43066448,-0.6091446,1.2953107
-0.596552,0.02122057,0.6607381,-0.54863375
-0.075203985,0.6391268,0.5860326,0.74628425
0.102006495,-0.652927,-0.32956868,0.99442565
0.31186152,-0.04344229,-0.20202856,1.0608437
-0.46378043,-1.1104434,-2.0586114,-0.6452102
-0.41997108,-0.40807822,-1.703203,-0.32897112
-0.3887858,0.010244031,0.7429573,1.6454976
-1.2211246,1.1805762,-0.6981698,-1.0334113
-0.81618685,-0.8713069,0.62377125,-0.10649442
-0.10008918,0.24015339,1.7070038,-1.1018795
-0.13900942,0.72456044,-0.77794087,0.43637687
-0.6002032,-0.03436452,0.56398195,-0.20935977
-1.2021033,-1.0817634,-1.1203699,0.43292165
0.010359822,1.0999683,1.1820873,2.0317538
-0.0229333,-0.63866824,1.308568,0.16431434
-0.16636775,-0.17602588,0.4533204,-0.4710922
-0.49307925,-0.3515565,0.45500845,0.6924075
-1.0549315,0.8137603,-2.0564108,0.6868562
-1.4343288,-0.4982114,0.004961908,0.105244294
-0.83799464,-0.3272607,-0.66264635,-0.6360789
0.57903695,-0.43925273,0.029201075,-0.29487193
1.3116089,-0.26439247,0.6716791,-0.09596049
0.008935075,0.5789861,0.45037824,1.2208291
-1.9659314,-0.81199795,0.10768771,-0.791683
0.30444056,-1.4004366,0.51752466,1.2849638
-0.60442764,0.57604283,-1.1158246,1.0425248
0.6240218,0.0063910806,0.3292735,1.1472518
0.12614512,-0.24829738,-0.9546226,-1.2555656
-0.6981342,1.7826223,0.1975873,-1.49957
-0.7777825,-0.2256011,0.43242982,-0.048106596
-0.34925804,-0.92259747,-0.763976,0.60458404
1.6786528,-0.58996576,1.7375772,-0.14362954
-0.24477687,0.3589044,0.076384395,-0.20740263
-0.41923493,0.35010353,0.67959493,-2.2561812
-0.20138109,0.0766282,0.62882054,-1.8899032
1.8575168,0.24283756,0.43724275,0.5964895
2.4281461,-0.60597783,0.041755497,0.36132428
-0.28247762,-0.022911927,0.54393107,0.5579914
0.19790685,-0.25510314,-1.2995735,-1.3895755
-1.6731092,0.06532893,-0.46822774,-0.109975465
-0.78408194,0.5449983,0.63228106,-0.24481125
-0.9280607,0.108539276,0.3928711,-1.8054069
0.9359505,-0.39560565,-0.1442786,-0.6703439
0.40412208,1.0330404,-0.15139812,0.049265906
0.08353944,-0.62721366,0.050088037,-0.49461895
0.56425875,-1.3429873,-0.5237007,1.050051
1.3855361,0.87463176,-0.9793302,0.63175327
-0.268027,0.2958821,0.523654,-1.0881107
-0.8748041,1.2498779,-0.010248325,0.0031323843
0.40885383,2.2589874,-1.0186636,1.1123787
-0.40636837,0.19603077,0.39595783,-0.9877745
-0.61151236,-0.33452252,0.5292086,-1.7179977
0.37793118,-0.7502267,0.28269556,-1.3213509
0.9149557,-0.9655058,1.5909996,-0.17302397
0.73901707,-0.21456422,0.97364384,1.6270196
-1.281086,0.8893661,0.6915565,0.8634171
-0.8671148,1.2171198,0.052074682,-0.19880979
-1.3284793,-1.2836955,-1.0251198,-0.8535836
0.41529712,-0.6175662,-0.7588142,2.0354147
0.36434445,-0.86495,0.6581216,-0.675097
-1.6533655,0.25973022,-0.028952522,0.25902185
-0.91046023,-0.09209918,-0.038741823,-0.10867727
-1.3920966,-0.6854278,0.73779845,0.5155706
0.56818753,-0.23926087,-0.38890994,0.7419069
0.6421899,0.51452506,-0.65436983,-1.3818555
-0.3931012,0.15253663,0.17088616,1.2386428
0.30780515,0.18032697,-0.1007556,-1.4353477
-0.17704448,1.1883676,0.011434743,0.2534825
0.07825551,-1.2968642,1.7022927,-1.1147573
-0.2105395,-0.11251489,1.0320741,0.911231
-0.74510485,-0.37742504,1.938417,-1.275906
0.22936665,0.7927758,-0.97877455,0.2501129
1.1158291,-1.8893216,0.0932181,-0.5344223
0.39700314,-0.78141165,-0.8122869,-0.570541
0.8069078,-0.64642674,-0.5322386,-0.19019586
0.081126586,1.1119487,0.23994456,-0.55206025
0.6976529,0.12346098,0.7764017,0.68316925
0.71182525,-0.19858946,1.0612156,-0.008306466
0.6574283,-0.96474236,-0.06744748,0.64635324
-0.21160977,0.66749686,0.2789859,0.124367155
-1.1122727,0.32136282,1.1140424,-0.3593975
-1.23775,1.0060048,-0.6876122,-0.520324
0.15440063,0.37263313,-0.02311615,-1.5596001
0.12996127,-0.14237732,0.37518498,-0.13647701
-0.80937463,0.56987214,1.7156247,-0.78609234
1.7278609,0.0903391,0.11291061,-0.20764707
1.866928,0.3961033,2.3469658,-0.42296433
-1.8272262,-0.3503613,0.8495496,-1.1898336
-0.0487245,1.526718,-0.05215259,-0.40648216
-0.13136634,0.049024336,0.2547745,-0.18069132
-0.5800285,1.1738914,-0.0042817257,0.5104634
0.11527133,-1.2962357,-0.25207037,-1.5508952
-0.49303457,-0.2529664,0.07013931,-1.252323
-1.1515684,-0.059515618,-1.1860298,-0.5627288
-0.15373372,0.7988896,0.1117466,-0.37314793
1.4315753,0.95651615,-0.036984857,-0.19196905
-0.7463312,0.92743695,-0.1871516,-0.054152247
-0.11710015,-0.17155911,0.96045595,0.5982904
0.046109483,-0.7343344,1.2351335,0.6807969
0.48405865,0.74823827,-0.9956505,-0.9415792
-0.9695767,-0.5054959,-0.062230136,0.25143886
-1.2419465,0.9046222,0.3103918,1.0219293
0.63579905,-0.44341183,0.3605134,-0.26091933
1.1294832,1.5430046,2.0193686,-1.3491457
1.5380733,-0.9970441,-0.03164013,-0.097691305
0.23893565,-0.07416498,-1.9001677,1.4439529
-1.2612635,0.042247888,-0.5910793,0.84182954
1.419061,-0.754616,-0.3166469,-0.58616006
0.32772806,0.3106163,-0.9003542,-0.8942153
-0.25452852,-0.14114127,-0.53458154,-0.8713892
0.9540668,-1.3014171,-0.48979047,0.27497494
0.8227231,-0.17313154,-0.2620542,0.33997026
-0.1699908,-0.46807444,-0.97167134,0.20343052
0.56474227,-1.2188398,0.63869244,-1.0539399
-0.5008733,-0.7894995,1.0164421,-0.45873374
-1.0262895,0.68993074,0.1793409,-0.07064819
-0.8661242,0.09605819,-0.73665905,0.44394612
-1.4351525,0.3695592,-0.0023826833,-0.56511384
-0.9121649,-0.013809127,0.3261609,-0.42435938
-0.1537658,-0.50914395,-0.45982626,-0.09960772
0.89880127,-0.6103642,0.44987002,1.4484966
-0.054920007,-0.5756286,-0.53107333,0.21292949
-0.072507285,-0.18611692,1.635055,0.22463425
-1.0864927,0.6478931,-0.30360907,2.185881
-0.53844506,-0.43096843,1.3554227,0.22381023
-0.17850584,-0.752875,0.517261,0.79595846
-0.5623043,1.4907333,-2.5580492,0.26262435
-0.21123652,1.1987983,0.81204176,-0.1390861
-0.37662327,-0.6120561,1.9385519,0.85654414
-0.27056533,0.9997263,0.930947,0.26572987
0.18979676,0.846308,-0.25571448,-0.43148378
-1.8203009,-0.5069004,-1.5144664,1.0322168
-0.510851,1.1932218,0.67549497,-0.2636391
-0.14310211,-0.45339948,0.5360426,-2.1523845
-1.8562391,0.045768123,0.8453228,0.54881775
0.70961684,0.175128,-2.2620606,-1.5395479
0.24805014,-0.87803084,-0.6155513,0.074498504
-1.411544,0.26437357,0.6194717,-0.7287108
-1.694349,0.8613569,0.65373796,0.28452998
0.87207377,-0.42045972,0.33381397,-0.37571558
0.4217697,0.5431736,-0.1242327,1.8979831
-0.5254345,0.06257545,-0.7673894,0.71380866
-0.5648023,0.019208878,-0.13265234,-1.6715908
0.42814016,-1.1785799,-0.0878317,-0.6593742
1.039389,-0.5455913,0.42984805,-1.15838
0.3433803,0.054714993,-2.3880396,0.055107422
-1.4098186,0.59672284,1.1318011,-0.6135989
0.27347842,-1.6658759,0.7823559,-0.22000477
0.46024898,0.107994385,-1.752536,-0.750435
-0.18633054,-2.129361,-0.5285019,0.6678403
0.6404972,-1.1788415,-0.6087108,0.0734337
1.2620957,0.67597884,-0.40412864,-0.57859766
1.3949683,0.35866874,0.09690769,0.430667
-0.76476586,0.3237223,0.95981693,-0.46021962
0.702247,-1.377555,1.0352324,0.26421076
-0.84829235,0.8924321,-1.6686075,0.5700483
-0.54738677,-0.9399071,-0.045996007,-0.27097982
0.23535104,-0.43409884,-0.060902946,-0.36944398
-0.39768702,0.3151566,0.21363318,0.3826588
0.07514777,-0.91062194,-0.70562094,-0.43133566
1.1844542,0.58660793,-0.8471403,0.49487218
0.8385139,1.059661,-0.32339886,0.0062120967
0.75461406,0.29312912,1.0988297,-0.13993981
0.41316178,-0.23349874,-0.7991853,-0.91260225
0.18363757,0.13564189,0.8994519,-2.768596
0.4658947,-0.9238413,1.2793988,0.5673054
0.9102537,-0.56311405,1.1840813,-0.13916591
0.42142376,0.5178478,-1.0059866,0.94390965
0.6418937,-0.0034875576,-0.75224113,-0.41235325
1.8850762,0.23544484,0.5448878,-1.7953522
-0.3721497,-0.58788973,0.7385871,0.6130212
-1.2737968,0.048240233,-0.771265,-1.0908735
-0.59581125,1.3783358,0.7099628,-1.1901674
-0.7571744,1.0124024,-1.3385397,0.47148705
0.15012594,1.5650374,2.1036386,1.5147158
-0.97163343,-0.6368553,0.7673507,1.3685851
-1.7610084,-0.33026046,1.1909893,-0.05619673
-1.3632492,0.29241237,-0.45316952,-0.6787078
0.32462007,-0.12768072,-0.11247677,0.3828648
-0.5335578,1.4005845,-0.5264361,0.32939267
-0.83319736,0.41780117,-0.31545386,-0.6831929
0.53359306,0.002975931,0.13384123,-0.62348944
0.45322073,0.64786357,0.8049441,-0.37136084
0.31353053,0.53925574,-0.21343929,1.2167174
0.89751345,1.0193533,1.4165162,-0.23376043
-0.31448153,-0.21634969,-0.15516809,0.4095256
-0.9631271,0.27187654,-0.601263,-0.60260063
-0.4917947,0.023205416,0.614651,-0.35528284
-0.57209945,0.6301872,-0.5366647,0.2732932
1.5641689,0.7863319,-0.06443107,-0.36821687
-0.5218449,0.2581036,0.4289083,0.28763437
-1.5438483,-0.06851508,-0.28804862,2.0931978
1.474804,-1.1506275,-2.4520526,-0.40520784
-1.2080634,0.6686813,1.3252293,0.11900889
-0.90584314,1.0419133,0.25636232,0.014015854
-1.6261693,0.68427104,0.2930626,0.67287326
-0.52873427,0.38438743,0.2999938,0.5480173
-0.5516429,0.24006806,0.22310565,-0.17715251
-0.5103955,0.34596103,0.22436652,-0.62040263
-0.19688787,-0.66870785,0.2402122,0.8174674
-0.11796729,0.18574294,0.31865388,-0.24782953
-1.2424335,0.73610944,-0.68623924,0.6431441
0.27067724,-0.32694617,0.4482239,0.4310666
-1.2847223,-0.7233602,1.4247468,-0.7516786
1.3437822,0.29571444,-0.7199622,0.13906422
-0.7805706,1.3450826,-0.15257497,-0.5645603
0.38522294,-0.59945893,-0.1949081,-0.5258046
0.46176302,-1.0015932,-0.82644683,0.71171045
0.5369483,-1.2864591,-0.62405306,-1.2199671
0.964185,0.76362175,-0.21978526,-1.1714472
-0.8970164,-1.6880144,0.8832092,0.43804124
-1.0025152,-0.57262677,2.094407,-1.3712791
0.61455464,1.0358771,0.31758082,0.36989903
-0.31154388,0.27414867,0.7922698,-0.0669874
-1.0246786,1.0039123,-0.54326296,-2.491914
0.9702394,-0.41614428,0.26529118,-0.37864348
0.49433646,-0.7344911,-1.2317461,0.5463356
0.6959847,-0.6754485,0.7383982,-0.19004741
1.2763234,-0.4379699,-0.9497437,0.49230072
0.48176417,-0.4135878,0.101906925,1.3621261
0.7857621,-1.5067692,-1.4368027,0.46107617
-1.1486766,1.8546565,0.58955425,1.7593669
-0.5789897,1.1508131,0.68251383,-0.8202438
1.5446901,-1.7789358,0.50355524,0.46622834
0.7333044,-1.1526204,-0.10663743,0.0027361212
1.0320805,-2.0778167,0.18436936,-0.7659998
-0.9200934,0.9508641,0.06693638,-1.6674732
0.7820092,-0.07485705,-0.5696123,-0.67592686
0.88717026,-0.42096168,0.59580016,0.77414596
-1.1906861,0.19060771,-0.99636537,-1.4173834
-0.4597352,1.364066,-0.5791913,0.77969927
0.707904,1.1739012,0.3641602,1.1764914
1.2743869,-1.8829883,-0.030375047,0.27569455
0.2721975,0.349288,0.044169765,-0.7621196
0.2539752,-0.6510959,0.44461295,0.37912622
-0.87701154,1.2584108,0.9534867,0.41176224
2.5950985,1.3241456,0.14446054,-0.65864944
0.5958358,-1.6060443,-1.5709412,0.13326654
-0.9323267,1.232756,-0.61011106,0.4159918
-0.4236013,0.6510365,0.44843355,-0.04391689
-0.8589777,1.5823745,0.29523712,0.7927495
-0.5259468,1.2174463,-0.15912013,-1.1802348
-0.70687526,1.0139775,0.5488492,-0.22856438
-0.26246434,0.42329952,-0.00852705,0.5457426
1.4666427,-1.3157783,1.1949332,0.6550569
0.17343467,-0.5614606,0.09575392,-1.0097494
0.016664632,-0.6528746,0.07199534,-0.4505297
-0.1585003,0.019676141,0.40866268,0.2758148
0.7759732,1.0357461,1.3602793,-1.1468215
-1.5887542,0.76164234,-0.5197274,-0.6481873
-0.9718177,-1.3527454,1.2366493,-1.2967277
0.64226764,-0.56906885,-0.51574343,0.12068883
0.58222896,-1.3695264,-1.548335,0.83528584
-0.40588218,0.98079634,0.99242353,0.4473376
0.21327752,-1.2275689,0.06646369,-0.14959683
-0.61240035,1.8438901,0.42753887,0.04798011
0.51881135,-1.3403159,-1.0890332,0.32743984
-0.8242804,0.8577336,0.5184936,0.116579466
0.8007376,-0.022232572,-0.9512444,0.16081658
1.4187378,-0.74213094,1.1839181,0.99868053
-0.24387117,-0.08557265,-0.8108354,0.5164124
-0.5299869,0.36627874,0.17149588,0.25716066
0.6706214,0.085493274,-0.8330644,0.84291303
-1.0624243,-0.14251447,1.8168107,-1.0874727
-0.46019176,0.38527417,0.533186,0.28654182
1.289234,-1.3471276,-0.62765205,-1.8406942
1.0663432,-1.2142019,2.0910137,-0.9031653
-1.5921965,0.7944674,1.1750861,-0.5863506
1.1828771,-0.40639162,-0.80248463,-0.13478538
0.63449264,-1.3648112,0.98800886,0.73830926
0.8967361,-1.476829,-0.34404662,-0.26757115
-2.202462,-0.0021677664,1.3595505,0.7161725
0.3442783,1.1832107,-1.253542,-0.56898034
-0.22677465,0.6519077,-0.773254,1.654915
0.12797196,1.4401923,-0.4813971,0.3939512
1.0880536,-0.7883191,1.2552701,-0.08729639
-0.073528334,0.27291423,0.25436953,0.35303128
-0.37903047,0.8797229,-0.25736877,-0.28875685
-1.1511552,0.67730165,0.28179777,-0.36828288
-0.7576303,0.73565084,0.45582917,0.6317091
-0.80451655,1.4073529,0.4536073,-0.99639887
-1.0696193,0.3034565,-1.1480976,0.7473435
-0.53592324,0.6627653,0.5417112,1.481873
-1.2391728,1.4585681,1.0384845,-0.44853348
-1.2774403,-1.7957458,0.12227842,-0.14237428
0.33620396,0.33037192,0.47763246,-0.31129262
0.86560994,-0.99739707,-1.3510219,0.8550039
-1.3644531,0.15119933,-0.5201494,0.70881796
0.55196863,0.38014624,0.24945582,0.03092667
1.5789524,-1.1888397,0.6193604,0.10028457
-1.1653197,0.8997274,-0.62971956,-0.7501518
-0.8883474,-0.23742524,0.57116365,-0.7381116
1.4815285,0.08739211,1.3593549,-1.7224495
-0.8144984,0.6641454,-0.8564712,-1.5336075
-1.674978,-0.408573,-0.9205338,1.3113389
0.2691594,-0.32968345,0.1802589,1.3107173
0.14069325,0.33740854,0.8405013,0.5136933
0.021994734,0.6839359,0.30945548,-0.19216825
0.43552065,-0.96723247,-1.2352747,-0.11068731
-0.33048066,0.7983426,0.98828596,-0.2520038
-0.13571876,0.045606777,-0.7477087,0.47966468
0.091807716,-0.44318187,-0.070039816,-0.08841402
-0.37074658,1.3326519,0.5953545,0.63484377
-0.14203954,1.8100446,0.5718917,0.27266735
-0.80913615,1.3441424,-0.56721157,1.6747867
0.006435611,0.69063437,-0.26636663,-0.13613386
-2.7191756,-0.030370519,-0.9669422,-0.8581606
-0.14742889,0.46398976,-0.9654105,-0.29678273
0.83196396,-0.43174258,0.0009945905,-0.5185067
-1.0781293,-1.0427552,0.47961754,0.82694304
0.44185272,-0.18018919,-0.39198864,0.11255575
0.19353841,-1.3462121,-0.6781105,0.5976317
0.092042916,0.6458487,0.46508688,1.5613874
-1.0815784,-0.053337958,0.29165497,-0.19592492
0.3686961,0.81954354,2.522604,0.507256
0.69975877,1.1086766,-0.11277265,0.12978126
1.8813184,0.20042926,-0.26679057,-0.1636088
-0.44762045,0.22870661,1.3567369,0.10191
1.62671,0.6362988,-1.0054108,0.41938305
1.6640192,0.6413188,-0.32239467,0.07089404
1.7394083,-0.33050412,0.37901148,-1.1822681
0.45336285,-0.5679522,0.7360065,0.9011996
0.3034255,-1.021933,-0.026780779,-0.63484955
0.06505299,0.17720628,-0.088692054,1.1007951
1.5935578,-0.41353062,0.40121374,0.20771424
0.1409173,0.39348575,-0.5427568,1.8124484
-1.0703831,0.19241016,0.46024185,-0.90271485
0.33696094,1.2943175,-0.43859336,-0.3038137
-0.07937393,0.6999387,-0.25192475,0.75792724
-0.3642565,0.12423533,-0.745612,0.031572215
-0.033042196,-0.8703777,1.6279234,0.35941774
-0.262731,-0.2824622,-0.95438886,1.047316
-0.8426579,0.6437134,0.532216,-1.7276905
0.17134446,-1.1036729,0.12648788,-0.15242152
0.09631745,0.8674169,1.6406897,1.3550775
0.15446618,1.4094298,0.47430643,-0.09117677
1.429123,1.1159406,0.08387089,-0.4625905
-1.0950358,-0.842435,-0.7144894,-0.09284594
-0.07944641,0.7286344,0.097427,0.10737228
0.549425,0.6511733,-0.5163609,0.41169992
0.11827432,-0.6893476,-0.5953659,-1.0138938
0.68588114,-0.28838205,0.5400396,-0.57696354
-0.3468455,-0.06537189,0.11142151,0.23953211
1.040865,-0.078276284,0.760252,-0.52359617
-1.0406675,0.23958655,-0.5621741,-0.09886733
0.20319729,-0.2880337,1.737383,0.6839671
-0.44280675,-0.31710097,-0.46981204,0.08322028
0.32274732,-0.6345936,-0.3370915,-0.33644095
0.102353595,0.595845,-0.19003052,-0.37811184
0.54348224,-0.20925796,1.2208645,0.8672357
0.6521328,0.23226762,-0.4774819,1.0217158
-0.22529796,-1.287302,-0.14963618,-0.4171315
0.5358073,0.3531294,1.0082687,-1.861987
0.5273093,0.457792,0.43879655,-1.2509475
-0.10994967,-0.584387,-1.2434512,-1.3470095
-0.24670757,-0.8442485,0.39230502,0.356142
-0.036696985,2.305126,0.7950947,0.23857717
1.1361935,-0.56447136,0.40300253,-0.063183516
0.11025862,-0.96350324,0.20916238,0.72926426
-0.5002687,1.1204094,0.74981785,-0.0006823372
0.16295904,-0.1314341,-0.35645127,-0.9688811
-0.1124638,0.49938026,0.34130988,-1.233503
0.9213143,0.8872746,-0.37192962,0.47031322
-1.2742879,0.42557207,-0.20328029,0.9125047
0.4797024,0.5344814,-0.8198157,0.17249657
-1.4212317,-0.23145595,-0.5517321,1.0933781
-0.86076623,-0.05238827,0.93783426,-0.15041076
-1.1212238,-0.22115588,-0.28213444,1.0075712
-0.26103744,0.68475306,0.7663074,-0.33758935
-1.056017,1.0073204,-0.24601535,-1.6673521
0.16774587,0.3682076,-0.2038849,-0.10528566
-0.43865973,0.65661377,-0.17009854,0.59191877
-0.19976407,0.060854632,0.7594267,-0.15813076
0.42668432,0.8852105,-1.5207064,0.03431363
-0.54010767,0.043712903,0.22993468,0.7773426
1.4068152,-0.11814653,1.0852659,-0.8626748
-0.76536286,0.43158662,-0.4234932,-0.19398674
-0.4515287,0.81473887,0.19714653,-0.19545026
-0.53308725,0.18305327,-1.4788444,-0.33874562
0.6744156,0.22339661,0.3584161,-0.2217766
0.6904729,1.2896894,-0.93909365,0.10018593
-0.0682251,0.44732678,0.73024774,0.77629304
-0.4267524,0.14934686,0.5179865,-1.2627269
0.30464357,-0.9291069,-0.512423,-2.189909
0.39313418,0.36999512,-0.32406858,1.6714529
-1.3913946,-1.7670138,0.3853564,-0.46235973
0.26466572,0.3195421,-1.8429773,-0.44717303
-0.12228147,-0.5795523,-0.47062838,0.072913505
0.07750799,1.3949095,-0.6733943,-0.7061251
-0.8716257,1.2566032,-0.63974226,-1.9636998
-1.2992693,-0.21145499,0.50602895,-0.14366196
1.2312598,1.0488764,0.3365145,0.16871992
0.053200327,-0.108221225,0.2959797,0.90940654
1.8386182,0.08810658,1.760059,-0.85424614
1.038762,0.0031483283,1.8199716,0.43082133
-0.72399396,0.47506908,0.5296411,-0.63102746
-1.3252491,0.5419439,-1.0635474,-0.19526362
-0.38444638,0.70684665,1.1340345,-0.28542364
-0.57934123,-0.087970324,0.036448136,-0.3622393
0.20402847,-0.033001877,-0.29163548,-0.3669827
0.91926885,0.62964815,-0.14707594,0.2422937
-0.3856052,-0.135906,-0.9628925,-0.07049354
0.3954947,0.26203752,0.4645677,1.3988658
0.055399038,0.13423644,-0.44656527,-0.012875871
1.1126784,-0.4412132,-0.06364176,0.79354215
1.7192322,-1.5756104,0.471804,-0.8507097
0.7976463,1.4497,0.4982898,-0.17390542
0.22699797,0.006943966,-0.32977417,-0.20018598
-0.0044225287,0.028107809,0.008017986,-0.8080342
-1.7398002,-0.31745648,-1.0804782,-0.1445676
-0.80426294,-0.37664425,-0.88195455,0.117707066
-0.9766557,0.21218655,-0.23942348,0.1405121
0.8153735,1.048609,-0.010821333,-1.2875397
0.09322258,0.49130505,0.2760162,-0.8516888
-0.2094824,-0.5647799,-0.6850565,-0.24900994
-1.0073942,1.017796,0.5219317,-1.4715388
-0.88852763,-0.5119181,0.039272934,-0.17309767
0.7479882,0.30742103,0.018625515,0.86087036
-0.8810665,-0.1422723,0.6249389,1.6155174
-0.871509,-0.3657539,-1.4960035,-0.4595894
0.806065,0.16175875,0.46496588,0.63408196
-0.50584346,0.88162965,-1.0625238,0.71625733
0.28977528,1.0768524,1.1872939,-0.98615074
-0.22937109,-0.07295879,-0.10105863,-1.3073938
0.7066404,-0.05633805,-1.0319781,0.540147
-0.16012076,-1.0272927,1.2281721,-0.9913782
1.5460724,0.36834082,-0.7597448,-0.25207978
-0.048943423,0.03910231,-0.2370158,-1.5368465
-1.264556,0.9012687,0.42537218,-0.8044812
-0.46919078,1.1654431,-1.192373,-0.67846394
-0.23371764,0.6855903,0.04469407,1.0786468
-0.21956228,-0.7948216,0.21167378,-0.12777737
0.89194137,0.5691138,-0.017499238,1.7651111
-0.86397403,-0.27449095,0.5102407,1.2648869
0.792904,-0.58979005,-0.4485341,-0.23627403
0.3141277,0.03924928,0.6237381,0.7275808
-1.225408,-1.1356853,-0.59378046,0.016197894
-0.5203182,0.4799464,0.78507125,0.23139356
0.23612316,-0.2181739,0.38185135,0.19494207
-0.07158177,0.054691195,-1.7420903,-0.8474215
-0.016618542,-0.42477357,0.26375765,0.71260715
0.38555303,-0.07307495,-0.64855814,0.3260809
-0.38794166,0.458908,0.7824131,0.42770177
-0.47813657,0.5554441,0.0774866,0.22786123
-0.47648072,0.81229657,0.41510528,0.6257194
-0.020779623,-0.020768696,0.7346572,0.91488194
-1.3140223,-1.184578,-1.2266427,1.6412297
0.33396813,2.4722743,2.5420043,-0.63147664
-1.887118,-0.25424367,0.4552433,-0.45668635
0.99318206,0.22263692,-0.46418574,0.80553514
0.4487083,0.77581835,-0.21195526,0.6204296
1.2925928,0.78188497,0.99713147,-0.14012066
-0.5581703,-0.69417197,1.0266218,0.7529166
-0.9423733,-0.20405823,-0.84165907,0.9500538
1.1547107,-0.3434374,-0.529988,-0.685114
1.1847516,-0.7994464,-0.49632233,-0.8638305
-0.38135594,0.33057424,-0.3394717,-0.19712621
0.08409634,-0.2619517,-0.53220665,-0.095060505
-0.40949836,-0.79349816,-0.13845938,-0.6497414
-1.0738782,-2.0700579,0.08475945,1.7436593
1.026184,-0.25559545,0.23423575,0.5843198
0.22678356,1.7097372,0.8719023,0.1518552
0.57788384,0.7184177,-0.15389797,-1.1963605
-0.120924205,-0.17910294,-0.3909238,1.3540075
-0.5479879,-0.16773282,0.36473307,-0.53355896
-0.29333144,0.18973911,-0.621399,0.9780689
-0.018177198,-0.29928732,-1.1133363,-0.0026004799
1.1458952,0.2007528,-0.22885574,-1.1487042
1.346846,-0.32657877,0.83356863,0.32575238
-0.5906473,0.38286054,0.57850075,-0.3588328
0.13835002,0.8678866,-1.8879924,-0.4981601
-1.6454874,1.1136558,-0.17040776,0.6440242
0.28596467,1.0882314,0.3506456,-0.44540006
-0.5247581,-0.13246036,1.0284212,-0.80973095
0.6533717,-0.56502587,-0.6358612,-0.16139811
0.4336871,0.32650942,1.2718848,0.100699894
-1.1005899,0.07340474,0.36328217,-1.4722679
1.4453119,0.5698716,-2.5465283,0.59025836
-0.9838595,-0.5031583,0.49590752,-1.2532982
0.44577825,-0.6492194,0.8031382,0.5363112
-1.0064672,0.39261648,0.1540606,0.8893018
0.5670331,0.35908222,-0.26568145,0.029006511
0.26008266,-1.7804863,0.24572249,-0.060545146
0.7117673,0.49675426,0.98143387,-1.481567
1.157519,0.4122349,0.2745704,1.1763179
-0.867842,-1.3538319,0.58138067,0.34364575
-0.269014,0.699244,0.177727,1.2396698
0.15919365,-1.2045317,-0.6403316,-0.2088931
0.54596215,-0.0107749095,0.2427382,1.4268663
-0.71014154,-0.2547964,-0.12982304,-0.9580346
-1.2241149,0.68249106,-1.2685273,0.49063295
-0.4782391,-0.4989236,0.93369967,0.69246155
1.1142575,-0.55941916,0.9887577,-0.22253622
-1.1077183,-0.57359,-0.35361624,-0.29784444
-0.47604564,0.044755332,0.39237714,0.64207137
-0.3809637,0.45330212,-2.106814,1.3526196
-0.5498807,-0.20381182,-0.38630047,-0.6715591
-0.31244776,0.2716992,-0.6695934,0.029112143
0.73272187,-1.9971693,-0.0008777291,0.6417978
1.3810056,0.15174411,-0.43705252,-1.317441
1.3430413,-1.2178093,-0.97017986,0.20486453
1.06691,-0.3412778,-0.58194816,-1.5296326
-1.0617805,-0.71243244,0.21918112,-0.40750536
-1.336189,1.4571958,-1.4236292,0.023700885
0.2172261,-0.27344894,0.76062113,0.40104696
0.30241263,-0.80243415,0.65393037,-0.16800486
-0.6324305,0.66615385,-1.0850211,-0.028131953
0.760146,-0.64558065,0.70752954,0.53307354
-0.235538,-0.8998506,-0.43838015,-0.8633366
1.7162213,-0.39228308,0.452735,-0.87614554
-0.3860302,0.37969545,0.69457287,-0.91173506
0.4717459,-0.20769002,-0.19209239,0.3550409
-0.30550534,0.27860463,0.31975958,-0.059393167
0.32509074,-0.14969462,0.23430364,0.0605819
0.86313957,-0.35424843,0.81179315,-0.61990386
0.8426017,-0.34222767,-0.6547594,-0.02826296
1.1659801,-1.2131935,1.7752104,0.3151779
-1.0953285,0.7214226,-0.35190266,0.82592696
-1.0833572,1.1264839,-1.0298119,0.08524271
-0.42423025,-0.1513561,-1.5869535,-0.5768162
0.22346558,-1.1661125,-0.3524819,-0.06330151
-0.3363793,0.47524512,-0.4883691,-0.9149701
0.38844058,-0.7622295,-0.9068276,0.20996465
0.10713196,-1.1381533,0.4635289,-0.5072663
0.63847303,0.18171945,0.063875705,-0.39767095
0.40996343,-0.47472697,-1.2576113,0.045488745
0.8143513,0.28567243,0.71313715,-0.34212908
1.2502621,1.2942367,-0.7621901,0.31519938
-0.65104115,1.0507036,1.4549102,-1.8037678
0.5903061,-1.1343596,-0.91754377,-1.2920053
0.64372826,-2.0414202,-1.5514964,-0.30673403
-0.5109368,1.9751247,-1.6801435,1.2456685
0.8993304,-1.428868,-1.0116434,0.9557554
1.1087196,-2.1392186,-2.019929,0.030059278
-1.2289462,0.69063634,1.1309263,1.6181121
0.98311394,-0.88326925,0.22628932,-1.6536314
-0.55584645,0.6475459,0.35119545,0.4804117
0.9918381,-0.60202736,0.52992296,0.5068237
0.78025955,0.18441944,0.14068891,-1.0760875
-1.2739034,1.4606881,0.86095846,0.18126132
-0.2761712,-0.52662927,-0.42911613,0.4393566
1.0532725,0.7850509,-0.44009694,-1.4464805
0.41861776,-0.9222818,-0.5488381,0.52305746
-0.37199882,1.1177293,-0.8698689,1.8093333
0.39372227,-1.2563812,0.66996455,0.09176788
0.8953575,-0.5899349,-0.6253897,0.8749634
0.64152884,-1.3046299,1.4981486,0.84337485
-0.93721884,1.9373552,-0.32659477,-1.0155363
-0.5986903,1.5390809,0.71533966,0.90094304
-1.8109303,0.7720245,-0.77097356,-0.64434224
0.24870932,-0.24347514,1.0768962,-0.33469898
-0.6597069,0.22606507,-0.27826926,0.05792902
0.33228257,0.06668013,-1.4000199,0.31918234
0.9096125,-0.1011583,0.4123695,-0.48344058
-0.5142072,-0.7527969,0.3382928,-1.0757207
1.0081867,-0.005952383,0.91007715,0.41903582
-0.38541046,-0.14305675,-1.4065155,-0.32874572
-0.6068,-0.02895831,-0.23224683,0.04285974
0.5697296,0.15723324,-1.2511215,0.7510664
-0.69060874,1.402141,0.8417328,-0.39748934
0.9929646,-1.7572714,1.2566332,-0.18964218
0.6437488,-2.2991354,-1.4532644,-0.2492327
-0.7225357,0.5698676,-1.4084756,-0.18970442
0.48578227,-1.3904521,1.3741993,0.26068676
-0.60547334,1.1173779,-0.6567453,0.91007257
-0.2988475,1.6701391,0.73205805,1.3702185
-0.6602232,1.1757175,-1.2310243,0.69430643
-0.81916285,-1.0360157,-0.42948493,0.37239835
0.3696709,1.0003648,-0.33673388,-0.2114618
0.6106642,-0.06399372,0.28195786,-0.6083276
0.2984203,0.41550028,0.29936215,-1.6734962
-0.73099697,-0.88824433,-1.0009776,0.4887418
0.07424331,-0.7726876,-0.27041054,0.19353724
-1.0668036,0.49543178,0.013408863,-0.55112183
-0.59133524,-0.59859264,-0.9029145,0.016458975
-0.72025174,1.109911,-0.17797342,-1.0224446
0.724446,-1.2562374,0.17574584,-0.35057342
-0.4564617,1.8687626,-0.21609478,0.058765158
-0.44927028,1.6167406,1.3380291,-0.25275874
-0.7216743,1.2117752,0.1616083,-1.6546966
0.6521625,-1.5350333,0.4493436,0.46212205
0.3049906,-0.16555746,0.5650436,0.19685191
1.0311964,-0.5824109,0.80254453,0.7607088
1.0418335,0.3915312,-1.068695,1.520102
-0.3244249,-2.6310868,-0.3101171,-0.48474345
0.14152959,0.15826742,0.3049465,-0.638747
0.6384725,1.1360744,1.0170487,-0.6331239
1.4909908,0.4994922,0.36341375,1.9375263
1.5136073,0.42207474,0.6699974,-0.9167037
-0.30129898,0.50089604,-1.0058657,0.24001674
0.8826734,-1.5709137,1.0690454,0.59975666
0.19005688,-1.9025499,0.055439644,-0.991639
1.3417397,-1.3556547,0.050031833,0.68656987
0.85775006,-0.8703882,-0.46353292,0.24398774
-1.7216445,0.99041915,-0.06802568,-0.9045979
-0.5716337,0.40905792,-0.95074344,-0.72358173
-1.083408,0.31784886,-0.26689863,1.6712694
0.007577897,-1.2652096,-1.3507341,1.1633202
1.1162791,0.30487412,-2.141537,0.9205518
-0.03980246,0.56053835,0.7423385,-0.5962659
-1.179224,-0.35659918,-0.51202095,1.1488868
-1.4273479,0.7076917,0.101288624,-1.1039965
-0.7653395,-0.15841761,0.2624284,-0.15396331
-0.3969412,-0.6063428,1.0605762,-1.9199613
-0.58314943,-1.4869117,1.0730174,0.73637384
-0.15929131,0.07768872,0.027513854,-0.52156925
0.92923546,0.11106444,0.24286123,0.15833344
0.44590312,-1.2224437,-0.3932215,0.19474138
0.93210065,-0.41197821,-0.4763159,-0.7548842
1.0750405,0.33007255,1.3661896,-0.3718191
0.24941635,-0.4690913,0.4852348,0.22809774
-0.7319085,-0.19034107,-0.07984962,0.7735182
1.0688454,0.41728348,-0.03486936,-0.7394677
0.039405696,0.4125621,0.29572853,-0.490103
-0.7195039,-1.3079393,-0.527887,-0.9586707
0.48170096,-0.059229057,0.49265718,0.77528596
0.5942387,0.10107984,0.78524905,-0.74100727
0.68186146,1.1125534,0.08729738,0.43641323
0.48571113,-1.0949457,-0.86836797,1.7045647
-0.49674246,-0.36444154,1.9064633,0.18080957
-0.1308902,0.728149,0.25848675,-1.5040859
0.75811607,-1.0046525,-0.5067556,-1.5694119
-0.19791734,-1.6900773,-0.5921248,1.3717202
0.18111809,-0.95796835,0.89841515,0.009850542
0.26053783,-0.12200319,-0.5786952,-0.753595
-0.4482477,0.9754759,-0.51714444,-0.6738834
0.5635559,0.20875952,-1.2199012,-0.046568166
1.0744488,-0.7111311,0.530409,-1.0871649
0.7778199,0.08878225,-0.16699035,-0.9438416
0.40917584,-0.8304422,1.2081952,0.55760014
-0.53285027,-0.060363226,-0.010938234,1.941661
-0.28735372,0.31228286,-0.7373724,-1.1223918
-1.3278321,0.95464927,-0.19198056,-0.7536121
0.03681707,0.19650243,0.5968786,0.641841
-0.5972012,-0.1469929,0.40556854,-0.9544318
-1.0301341,-0.105537534,1.784321,-0.927104
-0.5441413,-0.789886,-0.58772755,1.1466602
-0.01671921,-0.2870565,1.1089014,1.669087
-0.5358861,1.0544258,-1.006417,1.5810688
-0.78449184,-0.7556535,-1.8064655,0.63626236
-0.22405711,-0.3812634,0.01571738,0.80285454
1.4310746,-0.50912297,0.37029836,-0.2145151
-0.17528304,0.58577585,-0.39382026,0.9569437
-0.6869554,-0.005971664,0.6770619,-0.366672
-0.81948537,-1.7850877,-0.32486624,-0.2631856
0.52925897,-1.4051276,-0.32570043,1.1522076
0.98858684,-0.23531002,0.10671606,-0.93912905
-1.4342026,-0.46832296,1.329826,-1.8741746
0.20371267,0.12954438,0.9796407,-0.37904453
0.8843075,-1.0044261,0.3583243,0.077579714
0.73825115,1.7405449,0.120391354,-1.7516073
1.5406909,-0.25158298,-1.5133468,0.45011893
-1.1332053,0.323663,0.17194985,0.16306052
1.3988216,-0.86875063,-0.19034277,0.7538719
1.1284035,-0.7308377,0.09035729,-1.4768201
0.14260158,-0.15116611,0.66419214,0.11900459
-0.02251248,-0.8213623,-0.7871872,0.017002981
-1.9749557,1.359115,0.28915557,0.8466197
0.012988742,-0.27503216,0.17770462,-1.2181367
0.74411136,0.60479873,0.8534118,-0.6083748
0.4245032,0.078175835,-0.06703367,-0.50405765
-0.7426915,-0.49679872,1.3589808,0.64704484
-2.0148072,-1.0533003,1.1370449,1.1606588
-0.84740686,-2.0796893,0.5086961,1.4884315
0.05678443,-0.9895779,-0.21796687,0.42727464
0.25995132,-0.8636516,0.54372513,-1.3017799
0.6223919,-0.41169256,0.29316813,-0.6858187
-0.83882695,0.9274685,-0.060855117,-1.3328701
-0.48070547,-0.49223673,0.38322273,-0.7454933
-0.94490176,0.6261572,-1.7136127,-0.079722226
-0.022367237,-0.5513262,-0.33278656,-0.95825887
0.39846203,-0.26335374,-0.67434216,0.08760497
0.12388328,0.7794979,-1.0746448,0.26216054
0.3354575,1.8325863,0.9222874,-0.3630415
-0.4577473,-0.32349494,0.49188864,1.2207757
-0.11988709,-0.011980949,-0.30958384,-0.19829822
0.2014327,0.7834811,0.62401277,-0.28251186
0.7321138,-0.5076158,-0.6446273,-0.93869764
-0.9160523,-0.9501586,1.7929301,0.5663739
-1.9673691,0.58472806,1.3516617,0.7749177
-0.57816344,-0.9963495,-0.100697085,-0.48989737
-0.84031,-0.94266856,1.3056669,-0.4966122
0.27802974,-0.5272394,0.7406454,0.084185116
0.60803527,0.65405613,-0.188244,0.79083043
-0.08041999,-0.019056138,-0.18755887,0.085070774
-0.016252952,0.13660319,0.7554408,-2.415933
0.5147224,0.05848925,-0.9119098,0.1725703
0.9617331,-1.0191766,0.6486289,1.3194127
-0.03191785,-0.6499907,-0.44366905,-0.28723937
0.14060305,-0.516074,0.8130343,-0.28846377
-1.0254543,-0.89472294,0.123351954,0.42228365
-0.083373524,1.594804,-0.3527357,0.20899041
0.6769794,-0.8614614,-0.023284933,0.19956724
-0.41158733,0.14199945,-0.42527077,0.8834531
-0.11383126,-1.2393478,0.17055753,-1.2004069
0.6339756,-1.0408136,-0.6051558,-0.103653066
0.7291902,-0.8146369,0.90921813,-0.668604
0.75228965,1.2801423,-0.49435955,0.24968927
-0.6267611,-0.89555484,0.7732121,1.2813637
-0.23734836,-0.13943934,1.0244629,-0.7689749
0.7600922,0.42021593,1.1512054,0.4646513
-0.25526056,-0.08703916,1.3608583,0.23205595
-0.067077406,-0.44462204,2.4342985,-0.85032964
-0.6445981,-0.3752644,0.464434,-1.7457845
0.4148284,0.12035762,0.29259777,-1.2467473
-1.3041731,-0.14944445,-0.6661493,0.9601581
-0.09353466,0.12908216,0.8903407,1.9675542
-1.277226,0.20369922,1.106685,0.92082626
0.65355533,-0.4458012,-1.1442049,-0.30337903
-1.662217,-0.5841875,-0.3827575,1.0381942
-0.08177232,-0.42153132,-1.0325928,-0.5915835
1.6144714,0.117649615,-0.89795554,1.1502674
-0.14426643,-0.805593,1.1811154,-0.7768161
-1.0584862,-0.59608114,0.1920916,-0.20228206
-1.1156541,0.22573783,0.18863878,0.09945857
0.66010094,0.8274726,0.2162172,0.49624878
0.24935181,0.3185694,-1.2389234,0.94415975
-0.47693992,-0.33918104,-0.66040224,-0.72868866
0.023617154,-0.6994183,0.07167508,-0.9486837
-0.18069683,0.098751284,0.483664,1.4302686
-0.008193018,0.109538294,0.38236666,0.8699571
0.4293875,0.87630606,-0.32034382,0.48401734
-1.0693681,-0.42171222,1.8457581,-0.8628193
-0.68164027,0.21892424,-0.42530945,0.5946304
-0.6683999,-0.48959953,1.8895459,-0.6473581
1.0602112,-1.6617252,0.00026032692,0.36776382
-0.20653293,-1.9713949,0.17069723,-0.071438335
-0.2200821,0.570347,0.42404193,1.9663031
-0.6425037,-1.5529548,-0.33236164,-1.3672663
0.9370203,-1.7861646,-0.5434058,0.74183464
-0.6745276,-1.0549471,-1.160356,-0.18861619
-0.3026501,-0.60951644,0.39298227,-2.2936475
0.30181915,0.6624376,0.73879415,-0.53176874
-0.21116745,0.101812445,0.43728593,-1.3900568
0.27158907,-0.22279084,-0.3599666,0.43182048
0.77519965,0.5842426,-0.1535923,-0.64208835
0.7530457,0.19227846,-1.9858407,0.9695653
-0.38792294,-0.49205557,-1.4382406,1.1464634
-0.8681075,0.3820882,-0.47808534,0.06881111
0.31742787,-0.39610174,-0.23536968,0.1455709
-0.35846055,1.2567487,-0.55175364,0.87079215
-0.57297194,0.17954779,0.190518,1.554326
1.1666309,1.6263411,-1.2791799,-0.8618394
0.77751476,0.6495687,2.3626692,0.37689087
-1.4981922,1.4243199,0.50186163,0.29849926
1.0159175,0.6718872,0.2506829,0.6476723
0.48186606,0.371397,1.0666089,-1.0436733
0.23345946,0.466211,1.2230127,1.5147121
-0.15782428,0.46577373,2.0476623,0.09463977
-0.9951871,1.0004354,1.2134768,-1.0849481
0.013795169,-0.024089474,0.90241945,-0.0038372215
0.0036959625,1.7281576,0.5169215,1.7000873
0.5701051,0.65621436,-1.1935972,-0.1197608
0.64008254,0.017014327,0.08644286,-0.04246978
0.5002162,1.1955607,0.40425515,0.0770632
-0.87278414,0.24501358,0.012065468,-0.11482125
-0.7539334,-0.76647556,-0.7068387,0.1792384
-0.07992733,1.5314839,1.220362,-0.5559617
0.284384,-0.56891555,0.13939907,-0.3384959
-0.57677597,-0.42256728,-1.0699062,1.0243679
-0.11120623,2.016056,0.084386446,1.3107462
-0.35966548,-0.82471794,1.8012698,0.4018128
-0.06982291,-0.0902835,-0.43793163,-1.3148893
0.6764093,-0.4001839,-0.084979795,0.47577962
-0.7320101,-0.63699293,-0.03140809,-1.1292324
-0.08444251,0.6998229,0.74207807,0.6899467
-0.23975667,0.70515096,0.35346293,0.16648443
-0.68553436,-0.17403957,1.0748593,-0.042174786
0.5937278,0.09240226,-1.2192924,1.1132464
0.23417832,-0.33983308,0.19764814,-1.4367113
0.100292906,1.2142894,-0.610874,-0.15507098
0.061835,-0.009191844,-0.9001145,-1.313352
-0.9570384,0.7461261,-1.0529195,-0.017173722
0.23599564,0.7973979,0.38496298,-0.17761669
0.8698331,-0.005854525,0.039486237,0.278841
-0.92811203,0.4516978,0.7330698,-0.18193196
0.16930565,-0.279194,-1.8160067,-0.8899058
-0.36878514,-0.4198555,0.57634753,0.6244111
-1.211443,2.2987642,1.3287005,-0.90530765
0.96142924,0.4191596,-0.23284486,0.56696796
-0.40024006,0.10903511,0.23359472,0.7803217
-0.22897586,0.39584225,-0.75983715,-0.37576318
1.0944309,-0.6094605,1.1928449,1.4180614
0.12693182,-0.26513824,0.8412245,-0.041731592
-0.53760296,-1.374768,0.4643008,-0.43574098
-1.5946162,-0.06895919,0.2543461,-0.2034127
-0.06376037,-0.80845815,3.1349435,-0.4860944
0.007960584,0.022553403,0.30343485,0.8070202
1.6843176,0.33047518,-0.07177764,-0.26104766
-0.29391232,0.021502538,-0.7351418,0.3706136
-0.59495914,0.5155299,-0.41036186,-1.1087908
0.52677613,0.92663515,0.1718212,-1.4043121
0.46432772,-0.68574315,-0.47136903,1.4718498
2.030062,0.41445836,1.36826,0.5001796
-0.043205537,-1.3144481,-0.8370522,0.3128294
0.43478832,-1.3431191,-0.5313359,-0.5367751
0.46794292,-2.415677,-0.07508091,-0.5993025
0.41595358,-0.28188172,2.927491,-1.1217611
0.19065008,0.37852886,0.5524256,0.48596457
0.5062269,0.18572108,-0.15153651,0.7479799
1.0246909,0.160911,-0.15223075,0.9163737
0.51401275,1.0612074,1.1418198,-0.106512494
-0.03511739,-0.22043106,0.39017573,0.12179137
-0.041278053,1.0294662,0.29650933,-0.3282147
-0.10131476,0.76554084,1.3576046,1.3324221
0.64870304,-0.10786954,0.26971015,0.5631546
0.22508596,-0.6975524,1.3375825,0.54014874
-0.1748362,1.180539,-0.043649524,0.60206145
-1.4230131,0.0459153,-1.5143775,1.7357943
0.6424026,-1.330034,-0.537554,0.4042243
1.6768695,-0.27152678,0.14424874,0.03213992
0.9833011,-0.57440555,0.50534743,-0.6462624
1.0578115,-0.74125594,-0.40207097,-0.1508728
-1.5032831,1.0262685,-0.8741085,0.5596958
1.2208652,-0.12143448,0.3853043,-0.17841224
-1.0656828,-0.12261143,-0.17430538,-0.75973636
-0.625888,-2.0890112,1.7695459,0.23962459
-0.87042177,0.9846564,-0.25260714,0.6233617
-0.5129331,-0.21096264,0.22926837,-1.2921174
0.45754844,-2.433434,1.1034056,0.04090939
-0.28722197,-0.5714842,-1.0121002,1.640796
0.2172831,0.9963782,0.59237003,-0.22426856
2.4287162,0.3169132,0.43794596,0.8102761
-1.5021365,-1.1852381,-0.024799967,0.99381983
1.3620136,-0.041553546,-0.21891475,1.0755365
1.1017869,-1.949578,1.0921458,-0.81766474
1.2750221,-1.2319367,-0.65017384,0.7147451
-0.93742126,0.84825015,-0.23269598,-1.3099741
1.2408695,0.8006132,-1.5322887,1.1663294
0.8358144,-0.07997543,0.07771613,0.05576533
1.1054485,-0.46386647,-0.050208494,0.30793932
0.5507028,-0.3028916,0.37257937,0.8151501
-0.1986053,0.020070693,-0.47755605,-1.6780272
0.562199,0.31159365,1.0105964,2.5470028
0.7390619,-1.0376074,-0.6403912,-1.1310338
-0.38930893,-1.3798137,-0.530987,0.3692431
-0.5767253,-0.62617445,-0.9041113,0.5965554
1.2884383,-0.16721824,-0.74208343,-0.5389324
-0.44958806,0.18879443,0.4702914,-0.057339188
-0.6557243,2.1893184,-0.03866363,0.034052037
-0.15895973,0.36484295,0.23890081,1.1107796
-0.7789259,1.3209047,0.47833842,0.07104262
0.46456996,-1.6376604,-0.17238002,-0.95224065
0.9424227,-1.8928674,-0.4863661,0.83366644
1.4027706,1.1465105,2.3404248,2.0422165
1.011092,-0.14868098,0.8809241,-0.7452782
0.29919526,0.15148689,-1.0588735,2.768519
0.8480254,0.13863693,0.012420332,0.059630673
1.0070006,-0.8926282,-0.67800945,-0.14752351
-1.2269678,-0.7729872,0.6631816,-2.2981951
-0.3761005,-0.4542651,-0.6979354,2.293402
0.3903478,-1.0604435,0.59651333,-2.1530497
0.58641076,-0.52068645,-0.74982923,-0.9363196
-1.4283859,1.1101626,0.95405847,-0.020087771
0.25630632,-1.3861479,-0.7982999,-0.006180572
-1.7050412,2.6157584,-1.201289,-0.7226129
-0.46781358,0.7400823,0.62139225,0.11758109
0.35516867,-0.90497136,0.69857377,-0.4805068
-0.82925594,1.0195551,-0.39202964,-0.0027009833
-1.7996656,0.11398166,-0.22769304,2.4289327
0.80945647,0.05835184,-0.5472078,-0.21269725
0.37813947,0.108122356,-0.10045868,-1.0220287
0.104582675,-0.39843017,-0.90416646,-1.612994
-0.33254734,-0.0912893,0.26830038,-0.24318
-0.4404789,0.9120968,-0.23264273,0.35458165
0.44774282,1.1931603,0.40925923,0.5225127
-0.12148569,-1.4295535,-0.65014327,-1.0629013
1.107842,-1.5047301,-0.023651661,-1.829677
-1.6704236,-0.8819146,-0.033381872,0.26706412
1.0304493,-1.7477572,-0.59556776,0.15108171
-0.36557364,1.4275222,0.5558534,0.91548413
0.29283658,-1.1701012,-1.8725991,-1.3201276
-0.79107106,0.42567858,-0.49197826,-0.86571413
0.36301214,-0.63276184,0.42241398,-0.074998476
1.4353074,0.1628762,0.14239413,-1.4738477
-0.036676634,-0.14506769,0.17262994,-0.40790004
0.6876599,-1.0220342,-0.50551295,-0.41377068
1.1249971,0.7733429,-0.61031663,-0.23037252
0.41097224,0.5831063,0.77143514,-0.15309276
0.25355056,1.0072778,-0.5579682,0.32630473
-0.43674102,0.4521813,0.38651547,-2.4974582
1.18383,-0.37840724,0.5106851,0.7958364
-0.9634232,-0.503313,-0.30094242,0.5033872
-1.5480121,1.3856943,-1.6668028,0.46675915
-0.436606,1.5880241,0.66019326,0.81494623
-0.44704866,0.705273,-0.69975,-0.21729577
1.035221,-0.61820966,-0.2415255,-0.1597543
2.0158062,0.9978814,0.7776964,1.5302876
0.30437893,-0.73617655,-0.7138303,-0.77528954
-0.90944594,-0.5577392,-0.03447184,-0.62637746
-0.16766824,-0.08244928,0.35158306,0.086196385
0.70140374,-0.1640205,-1.9913365,-0.96117455
0.19518901,1.4397147,1.5123556,1.5537025
-0.9567917,-0.09039367,0.3518586,2.0791805
0.39478782,0.1691788,-0.16242507,0.524032
-0.8513793,0.6469188,-0.17751595,0.59817404
-1.5532272,-0.90757245,0.02803058,-0.13017824
-0.36210075,1.013463,-0.42759946,-1.2682937
-0.32023555,0.5597279,0.35252097,-0.7243962
0.12781964,0.07214725,0.46948752,-1.1990894
-0.22641897,1.0162399,1.0399791,-0.17069934
-1.1657304,0.6994343,1.2681712,0.35441023
-1.2725781,0.2757195,-1.310351,-1.142266
0.16279903,-0.31967866,-1.4808917,-0.33170825
0.1646985,0.51324666,-0.37450317,-0.048116848
-0.5443791,-0.1797825,0.32064536,-0.087785244
-0.16326047,0.045978725,-1.509964,-0.088735834
-0.11703277,0.17296335,-1.1482491,-0.5574108
-1.105302,-0.20928858,0.5152549,-1.8986194
0.08458313,-0.41968876,-0.62364787,-0.19341975
2.4345157,0.07189862,0.7619077,1.3857844
0.09266168,1.6760582,0.8006578,0.2172854
-0.60873973,0.6609992,0.51785094,-1.7043407
1.0323509,-0.31245497,-0.26277223,0.6086503
-0.5569654,-1.10775,-0.11717965,0.4136767
0.19674855,0.30719426,-1.4627641,-0.17475933
-0.19819412,0.5092938,-0.94407994,1.1118968
-1.1757841,0.29219213,-0.8628048,1.5816532
0.56663495,-0.5711652,-0.6566669,-0.22967069
0.15595323,1.1885093,0.7868169,0.78092355
-0.1425033,0.28100082,1.6593932,-0.10930347
-1.8169487,0.932893,2.0053117,0.055083614
0.71072936,0.15050085,0.30387217,1.4929523
0.48130402,1.8351675,-0.27542287,0.13820611
0.8000538,0.069178276,-0.97618145,-0.792591
1.4701815,-0.23906724,1.498389,0.86580515
0.14612044,-0.31414592,-0.4487254,0.32057986
0.5911951,-1.1509778,0.4395301,-0.8344407
-1.2891321,-0.14854439,1.6025473,0.4296204
-0.9384483,-1.4947593,0.8387378,1.3818855
0.40855226,0.50525117,0.546332,-0.8894393
-0.56830263,1.4477702,0.9408992,0.59510136
-0.30831093,-0.1493404,0.10352042,-0.45620292
0.013748937,0.5043798,-0.9241222,0.31776723
0.085284576,-0.7378222,0.04182529,-0.108017035
-0.20671645,0.24207611,-0.5249347,0.10427204
-0.6655372,-0.1179256,1.1009634,0.6106219
-0.036938835,0.534714,0.9544172,-0.47942975
-0.6368751,1.4430804,-0.48738766,-0.3618441
0.8183597,0.27193448,0.55857635,0.2499463
-0.94077027,1.0682205,0.13167013,-1.1410186
-0.04445682,-1.6301547,0.77326524,-2.0686114
1.2617216,0.7832522,0.2538376,-1.9161454
0.68706226,0.3510376,0.3827455,-0.6137719
-0.31297645,0.13346654,0.23659903,-0.9219471
-0.859045,-0.22984162,-0.08564682,0.3871803
0.41296068,-0.70305383,0.02762622,0.06550416
-0.7655761,-0.24625346,0.84711313,0.73370314
1.2170424,1.3643427,0.012137348,-0.3863642
-0.41243437,0.39084336,-0.58527327,0.19718182
-0.86407167,-0.103145465,0.6464975,0.033147134
-0.24467568,-0.15836748,-1.3139358,-1.3141528
0.09254707,-0.4361573,0.8640837,0.1371998
-0.106949925,0.62143207,-1.1870916,-0.37142828
-0.34793067,-0.86387616,-0.6157392,0.2222038
-0.66776246,0.36684048,0.6484791,0.4049358
0.27808914,-1.0211526,0.44735062,-0.4921733
-1.1308362,-0.064572625,-0.0036140669,1.81379
0.30111557,-0.35422808,0.85323316,0.1663374
-0.8845569,-0.23501158,-0.27653983,0.070685044
-1.3116024,0.25085512,-2.325706,-1.1903479
-0.3558351,-1.1776913,0.2891339,-0.38388953
-0.5233812,-1.1565748,0.5256449,0.02063908
0.42776668,0.97084963,-0.7426213,-0.3284511
-0.8307295,0.7869445,0.7550208,-0.4838179
1.0580896,-1.2686627,1.2584133,-1.2010924
-1.0649083,1.1322168,-0.7453718,0.64109343
-0.51005894,-0.4358047,0.06169777,0.58642006
-1.1646228,1.0766417,-0.042544123,0.63076407
0.8570019,0.9561708,1.342814,-0.18915063
-0.27277115,1.0556271,0.31077614,0.54117095
1.1751554,0.40112635,-0.34185135,0.14597392
0.0873606,-0.037842892,1.6459048,0.95998985
0.508022,-0.5069085,-1.4522483,-1.1953994
-0.16345945,0.06255776,0.6119644,0.46759793
-1.3837779,2.3365304,0.9574056,-0.7269117
-0.7317696,0.058192655,-0.09347884,0.32751697
0.7513367,0.38250133,1.0589625,0.2660238
0.84144473,-1.282358,-0.46330512,0.9413183
-0.22454077,0.4128256,-0.7015003,-0.01673035
-0.52699524,-0.5332166,0.304483,-0.04251925
-0.14726093,1.5521053,-0.7501229,1.7886214
-0.4012408,0.6741307,-0.9112368,0.2228301
-0.73195446,1.1452525,-0.63582104,-0.34472185
1.489725,-0.14311707,-0.16431461,-0.26682475
0.7771857,0.28958303,0.32798284,-0.48603526
-1.2317654,0.33798546,-0.76403683,0.16456841
-0.52882445,0.19686759,-0.26455113,-0.009552373
-0.14652973,-0.58500713,-1.2036651,1.4673107
1.7667465,-0.7610396,0.25747427,1.2723963
0.14913724,-1.1151302,-0.08452835,0.41365016
0.468536,-0.08334031,1.2942368,-1.1500192
-0.40716136,-0.16952324,0.5789799,0.79401726
-0.52647716,-0.24846433,0.6991501,-0.6492565
-0.14706688,-0.19168516,-1.2472713,0.30477768
-0.7556907,1.8159372,-1.628135,-0.17008601
-0.91070193,-0.07857773,0.10655516,0.41245487
0.36475646,-0.120710224,0.07904954,0.30234006
-0.033983912,0.8728298,-0.14999184,0.38035125
-0.09579017,-1.5317699,-0.60062176,0.5520585
1.461894,-0.60404724,1.0813146,0.061528813
-0.35894236,-0.9790743,-0.8503415,0.04986695
-0.38784635,0.43259782,-0.66080755,-0.42996237
-1.9075879,-0.31412503,-0.21112007,-0.0742886
-1.6352891,-0.06043676,0.13371292,0.5359127
0.79080325,-0.13439707,-0.029280985,0.10070007
-0.9212823,-0.84551036,0.8927157,-0.60566217
-0.14993343,-0.81785953,0.6411066,-0.5615718
0.6555755,-1.9063452,0.46862316,-1.383158
0.07620036,-0.1849689,1.8485807,0.14727658
0.61833245,1.6066238,-0.20824873,0.18465233
0.40874377,0.70041066,-0.24254405,0.747607
0.6141206,-0.30243626,-0.43205714,0.4240209
0.40356937,0.8741042,-0.12985949,-0.115117446
-0.014959288,0.25092936,-1.7802051,-0.066615656
0.36702028,0.18154667,0.12288599,0.59391224
1.3947836,1.7663217,0.06114979,-0.8214914
-0.56896406,1.6704297,-0.20615017,-0.22916922
-1.2074003,0.4879834,-0.79315335,-1.8113017
0.1336388,0.4098474,-0.16145189,-0.3810303
0.15544231,0.8717949,-0.3608363,0.4084235
-1.2832592,0.22749746,1.7131574,0.52156883
-0.11211731,0.72721285,-2.489691e-05,-0.34345308
0.24675006,-0.17710873,0.5708016,1.9995917
-0.24658318,-0.7231675,0.36078745,-0.23379585
-0.97354436,-0.73241353,-0.2184221,-0.5903156
-0.6157192,-1.846158,-0.8342889,-0.17915235
1.7465538,1.0897827,-0.08152604,0.44982994
-0.11171828,0.68332535,-1.6969074,0.20063277
-1.7358828,0.45062003,0.33942324,-1.0080727
-0.36010146,-0.031906515,0.9163703,0.547712
-0.34367824,-0.47386017,-1.2099514,1.0144559
-0.13840063,-0.70765054,0.42043096,-0.11800901
-0.7718203,-0.32787213,-0.19527291,0.54852366
-0.04731697,0.70967877,-0.92246664,0.4850098
-0.6422346,-1.1691799,-0.18807366,-0.36306915
0.6279834,0.4215849,0.73299944,0.9179291
0.4489238,0.8743029,-0.2941858,-0.60086215
0.58334833,-0.031822097,-0.981726,1.0378058
-0.1916299,0.5455145,0.15706007,-1.4182808
0.2770994,-0.9216448,0.14266506,-1.5646735
-0.72738963,-0.10020868,0.13327406,-1.5793879
0.59314746,-1.7265078,1.0725616,0.9828449
0.36553478,-1.6700134,-1.3256927,-0.29096842
-0.58255494,0.8336233,-0.12162924,-0.33963236
0.3145711,1.5226744,-0.09478429,0.122232914
-0.5047079,0.9376518,1.0658952,-0.3088981
0.33630773,-2.2473545,0.519879,0.3898468
0.40618968,-2.0212443,-0.62792534,-1.5911282
0.43232825,-0.08813684,0.22246368,-0.7194015
0.42305443,1.274667,-0.329522,0.1024277
-1.6698178,1.0837067,1.5661433,-0.22217649
-0.12523738,-0.07188276,0.28576922,1.0234609
0.3276124,0.4293449,-0.05421335,-0.59790623
-0.6232833,-0.069485374,-0.25648817,1.5647496
0.12253029,1.4543407,-0.3738912,-0.9116427
0.9972518,0.08136105,0.8823914,-0.65223765
-0.6715583,-0.32914704,-0.46515912,-0.54379463
-0.32380518,-0.38924927,-0.05424141,0.82687026
0.6179828,-0.6722739,-0.80537045,-0.3639417
-0.1117606,-0.80227286,-1.2930663,-1.0337065
-0.2661154,0.38663167,-1.3066397,1.6724527
0.41762772,-0.3695921,0.092443116,-0.43411124
0.17035538,-0.30256423,0.424061,-1.6291178
-0.34086984,0.13718934,-0.6379479,0.6608177
-0.9369871,-0.07935459,0.19860569,-0.15696436
0.6933857,0.5102295,1.2744039,-0.9358749
0.20401432,0.2717342,-0.18485065,-0.40133977
-0.38191342,0.00023025593,-0.12302376,0.710017
-1.7588184,-0.21897222,-2.1712604,0.045019306
0.2631063,1.5276028,-0.29353786,0.41784716
0.60633284,0.6442074,0.20237187,0.5751681
-0.7670856,0.28549257,0.09316588,1.1571116
0.032516476,1.3239814,0.7361803,-2.07481
-0.284717,0.20960173,-0.34043968,-0.84594893
0.8362602,0.44588226,-0.7521563,0.062123116
-0.94668263,1.4614555,0.0025426554,0.99571097
-1.443355,-0.2226313,-0.82566226,0.24145086
0.15016286,-0.08248792,0.62029094,-0.53258944
0.35782298,-1.3160449,1.2311695,-0.001605164
0.5046179,1.0499967,0.37105367,0.57424474
-1.0108513,-1.0227207,0.12940565,0.1225536
-1.3673961,0.5150066,-1.672064,0.26834318
0.19189955,0.22925039,0.7704682,0.009367156
0.48045492,-1.2113672,0.8847292,0.85398376
-0.49299338,-0.3966656,-1.251172,0.418262
0.36736217,0.10407187,0.43963817,0.15467365
0.8811959,-2.5301967,0.76663864,0.76661795
-0.792587,-0.79115236,-1.3187479,0.1050543
-0.09471168,0.44849825,0.7949137,1.3305025
0.03109739,-0.037778165,-0.047481667,0.56645006
1.1996537,0.39824837,0.27160525,0.14591603
-0.36669466,-0.1360065,0.3579108,-1.0895209
-0.81800944,1.5635486,-0.4901454,-0.37016672
-0.020034783,-0.429744,-0.21726963,0.5832141
-1.1706291,0.38026798,1.2090682,0.048042234
0.49993098,0.24646255,1.3459276,-1.4918045
-0.8986538,0.41915718,-1.5965776,-0.062481795
-0.8859558,-0.7843317,0.00036728426,-0.6751802
1.4420137,-1.114791,-0.46691754,1.442367
1.2651036,1.0500323,0.52978945,0.024300903
1.4509368,0.6518498,0.14076373,-1.6382474
0.15675402,0.35774451,0.14415243,-0.18051119
-1.780278,-0.633885,-0.88261235,-0.070170656
-1.0420419,-0.27870053,0.4117883,-1.0483361
-0.044619728,0.07311817,0.6707627,-0.2843511
1.2964172,1.4063535,-0.2050259,0.820898
0.25853032,-0.6685925,0.7269753,0.57054853
1.5590874,1.2097311,-0.0037655951,-0.79413414
-0.66659886,-0.42450026,0.022595478,0.40723166
1.0176944,1.7827107,-0.17589304,0.55203307
0.22107717,0.20204653,-1.0955024,0.9413802
-1.8903341,-0.2941152,0.26462454,0.27974635
0.58520365,-0.86648697,-0.78974634,0.3456875
-0.623554,1.020492,-0.31750003,-0.6367277
-1.646043,0.8194236,0.26614407,1.4861442
2.3889067,-1.102794,-0.61899835,-0.9146812
-0.22598669,-0.08269076,-1.0358645,1.4649401
0.95678365,0.76516235,-1.3370472,0.49243566
-2.1303744,0.3352451,-0.6968578,-0.3815172
0.80820906,0.45891434,-1.0164963,-0.68882227
0.13163427,-0.0073682447,0.039475225,-1.0729643
-0.73246586,-0.582629,2.0332773,-0.27141058
0.5478515,-0.23817973,0.49638695,1.3514311
0.45626155,0.38003087,0.86565155,-0.6965307
-0.1887099,0.07758822,0.2039443,-0.25739872
0.83329004,-0.8873688,0.00063537125,-0.2901731
1.2524272,0.7916051,0.7233377,-1.3376844
1.7152222,-1.5396158,0.82750386,-0.14614742
-1.3682549,1.710332,0.5347043,-0.2239961
-1.4286778,0.940535,-0.8707477,-0.20075265
1.6861912,-0.50827885,-0.4090419,-0.38276404
-1.083027,-0.18978877,-1.0137777,0.3418328
-0.6251954,-0.022374576,-0.14316124,0.16455318
-0.7518961,-0.5330968,0.19901448,0.011022529
0.83798367,0.3074589,0.28718823,0.06431893
0.5607386,0.25885132,-0.48175448,0.9283863
-0.60486555,0.46298233,-0.0070995404,0.54287016
0.9539266,-0.3372782,0.51037276,-0.2879829
0.0852997,0.27231652,0.23351446,0.6785761
-0.94123805,-0.23631725,1.1886461,-1.0711446
0.6538328,0.11582212,0.3547705,-1.2265332
1.0345311,-0.52184093,-0.23010308,0.762173
-0.15043102,0.87959534,0.065071486,-0.9100812
-0.36358014,1.1827296,0.6761414,1.1231093
-0.2507314,0.6496414,-0.45978487,-0.0020778978
1.0620756,-0.5175963,-1.3757846,0.63002115
-1.9346054,1.1396116,-1.47904,0.16034058
1.1185287,0.002386337,-0.18060529,-0.921731
-0.19485845,0.05677797,0.092915066,-0.09586145
0.18211246,-0.3898291,0.24918538,0.89512616
-0.01811664,0.5760463,-0.18286426,0.03766105
0.11770977,-0.108668774,0.85435,0.7031567
0.33607915,-0.4744216,-1.2080506,-0.35463092
-0.087807655,0.035158712,-0.74663526,-0.80266047
-0.27144146,-0.81107426,0.75741917,-0.9438715
0.67907363,-0.17918532,-0.5715012,-0.21570356
0.60878557,-0.65195376,-0.44235852,-1.2186602
-1.2185404,1.4959278,0.3862077,0.4487953
-0.4089617,1.245988,-0.2695659,-0.41959128
0.68949574,-1.6570317,-0.4676348,0.08732297
-0.44709763,1.400127,1.7618134,-1.8610499
0.8626353,-0.7988239,0.2702836,0.13580859
1.8603959,-1.3936231,0.2055805,0.7760684
-0.65772474,0.66128916,1.1684555,-1.5665954
-0.38959953,-0.13605276,0.90829766,1.0006007
-0.10226765,-0.0022242297,-0.6511773,-0.7735286
0.106880344,0.6078734,0.08609969,-0.30967844
1.5568646,0.13680033,0.29740342,-0.08062633
0.008689413,0.07918631,0.028430227,1.0982859
0.68580735,1.0967156,0.31658465,-0.8329735
0.31515738,0.712322,0.8190338,0.31503734
0.17521563,-1.3118922,0.63458973,0.7580028
0.22061776,-1.1084839,-1.3327179,0.58078265
0.82330483,-1.6852741,1.6517172,-0.8242613
-0.4810484,1.3917733,2.4195166,0.7543625
-2.9973743,-1.1799107,-0.11564602,-0.43796286
-1.4085767,0.6455198,-1.1941901,0.528606
-0.12045977,0.008844097,-0.08714561,-0.31530583
0.3276151,0.4763287,-0.5871367,-0.031735238
-0.55349517,-0.16109209,-0.06707092,-1.087601
-0.59031117,-0.08586248,-0.60043615,-0.6681799
-0.30041188,-0.27276474,0.290038,0.49520102
-1.9965699,0.7215965,-0.8838719,-2.0476868
-0.013036222,-0.12693846,0.4759126,0.6574275
0.558166,1.2672182,-0.057135228,-0.6925115
-0.2855295,0.38545913,0.14843965,1.3560512
0.59974957,-0.97076815,0.21541439,0.31746566
0.9264447,-0.06575562,0.44231206,0.98473024
1.9415268,-0.19668789,0.3833208,-0.16188212
0.08002796,-0.3522629,0.7082963,0.50221884
-0.006707441,-0.83989465,-0.96101445,0.501183
0.0071145375,0.68830115,0.41538244,-1.3069175
-0.21044888,0.97062147,0.3402101,-0.14151241
-0.09589561,0.54643434,0.4731925,0.058386352
1.2361203,-0.110204384,-0.41503268,-0.91190493
1.5637703,0.008584299,-0.0027137464,-0.29206768
0.058787804,0.45198187,-0.28792349,-0.5468396
2.7684298,-0.69454926,1.3836929,-0.53137857
0.40103027,0.4714168,-0.46327525,-0.34984195
-0.46962893,-0.33122683,0.7065722,-1.0492077
0.70789135,0.011098933,1.0808436,-1.2436739
0.8915501,-2.0153577,0.5287556,-0.3072976
0.44439733,-1.1053962,-1.7123426,0.3652824
-0.57751787,-0.21208087,1.5527711,0.35059822
0.29885212,0.9309964,1.0750116,0.012809016
1.8835946,-0.7660597,-0.40547243,1.2188011
-0.406772,-0.48452017,0.26471356,1.4303352
-0.26839268,-0.16714753,-1.0656563,0.3952773
0.15797167,0.04999477,0.4402562,1.058205
-0.7797778,0.1249076,-2.521464,-1.4908334
-0.22899008,0.18059866,-0.8006813,-0.021850055
-0.3940401,-0.4212771,1.0016582,-1.3815699
-0.2508001,0.50311095,-0.050359644,0.25543836
-1.0914466,0.52740204,-0.93062073,-2.2178383
-0.6926353,-0.36772776,1.3666364,-0.40527707
0.9444479,-0.7510365,1.1021608,0.48991588
0.47495475,0.19716828,0.6818723,-0.063092984
0.06652107,0.28317907,-2.4470167,0.72549397
-1.5757265,2.1703503,-0.82123595,0.16264847
0.6942139,0.609712,0.9127033,-0.8731457
-0.84418887,-0.3543571,-1.0869783,-0.8385363
2.0113864,-0.21267031,0.15369317,0.005940728
1.1075253,0.53832906,-1.2916567,-0.72007954
-1.2100273,0.73141885,-0.35749236,0.38140422
-0.6240906,-0.56468517,-0.46156505,-0.14028038
-0.43114766,2.3005128,-0.27052516,-0.01924185
0.9344926,-1.4200525,-0.57033926,0.53316665
0.93899834,-0.4360047,-0.094802506,-0.70715535
-1.2079191,1.3301405,0.07274067,-0.20125474
-0.013975761,0.54161996,1.0337619,-0.6655558
-0.14146638,1.30286,0.6268529,-0.0499746
-0.17868136,0.10671542,-0.08996135,-0.48102885
0.40789765,-1.1337531,0.53559655,1.3603215
1.482908,1.0435264,-1.3809402,1.3452108
-0.41806567,0.29597118,0.24622373,0.2631442
0.9287106,0.32693532,0.9777596,-1.0132742
-0.019317238,0.25773093,0.6688865,-0.25875604
0.08199946,-0.30316594,2.0358884,-1.412567
-0.24448985,-0.78592485,-0.24246809,0.37301743
-0.27254808,-1.371769,1.2511916,-0.9626007
-0.6316324,-0.19960949,-0.20791233,1.17732
-0.47111532,0.77183354,0.3066417,2.0603223
0.1030813,-0.06627578,0.33779246,-0.71034235
-1.2140309,-0.028136352,-0.28719822,0.25697276
-0.79030883,-0.49301702,0.85267043,1.513339
0.86355805,0.66593385,0.86787164,-0.5437138
0.3335553,-0.44647646,-1.2066607,-0.36266136
0.111679845,-0.111611165,-0.8044909,-0.37850088
-0.51685935,-0.11030981,0.10132503,0.1544205
0.10226505,-0.18255813,1.029554,-0.45829856
-0.72758764,1.0525696,2.0911813,1.6339169
0.7274823,-0.056599975,-0.30567738,0.6202588
0.42188174,1.4001678,1.5666519,-0.7141079
-0.3376819,0.7892928,1.0569224,0.91656595
-0.18417653,0.5854876,-0.56082684,1.0954373
-1.2988833,-1.4898678,-0.61135674,-0.5370224
-1.013693,1.09702,0.4454838,-0.45352164
0.35738242,0.38024223,0.04979409,0.3153764
-0.48942405,-0.49018893,1.1516553,0.74410474
0.24491522,0.21067691,-1.0091057,0.04238661
1.0847958,-0.019446688,-0.14493261,0.75644994
0.37958467,0.3114125,0.43666795,0.14004815
0.8123336,1.5855423,-0.6839162,0.47765192
0.23648156,0.4014968,0.32184124,0.046751343
-0.7403115,-1.3077159,0.3007228,1.0559404
0.45564708,-0.3068159,-0.9305345,0.86494285
0.85249907,0.10727378,-0.71450645,-1.0888658
-0.5668209,0.10398115,-0.23578374,0.32302794
0.77169055,-0.43453446,0.57870513,1.4661243
0.09994878,-0.18701522,0.7290554,0.106401816
0.7504346,-0.15231313,0.60624874,0.8661485
0.6931756,0.37482288,-0.1528187,-0.05137868
0.026934434,-0.20993818,-1.5582833,-0.032376584
-0.97513336,-0.46251252,-0.33090466,-0.36475515
1.0558956,-0.33563405,-0.9510246,-0.08041576
1.0357623,-0.6995736,-0.15288918,-0.5766487
-0.77336323,-0.60837924,-0.031781454,-0.07319401
0.96434754,0.23854338,-1.4564967,0.6651975
-0.6324362,-1.6842552,-1.0229423,0.3193319
-0.17020096,-0.027663479,0.7236517,-0.0083918525
-0.55949914,-1.2880856,0.13785017,-1.2466549
-0.29178956,0.76532257,0.31435436,-0.48512647
0.65401137,0.695928,-0.74018127,-0.62664455
-0.59911805,1.3719741,0.16829608,0.14637713
0.00037668456,-0.34908843,0.19404204,-0.7550371
0.111408934,-2.0225544,1.1237179,0.6897388
-0.5786997,0.28036222,-0.5241102,0.19250026
0.8081799,-0.753726,0.19915983,0.4281658
0.44385093,-0.4490088,-0.3330224,0.4729298
-1.8608317,1.9615804,-1.2561537,0.68005955
0.36421618,0.04658687,-0.4659611,-0.30118796
-0.64140695,0.45781618,1.5419526,-0.107115544
0.20094916,0.32550782,0.3314261,-0.04913915
1.8312265,-0.19875048,0.33215353,-0.920114
0.27328512,-0.3335449,0.29892483,-2.1463912
0.229407,0.3929307,1.3655868,-0.19335684
0.20006387,0.68157035,1.0615277,0.1773502
0.799059,0.39150274,-0.139121,-0.29130366
0.37578171,-0.7355118,0.58895874,-0.20531325
-0.096616864,0.068691395,0.2572938,-0.4803597
0.41682985,0.19615744,0.6804084,-0.87689173
-0.33668157,-0.3571269,-0.46367016,-1.911517
1.1942153,-0.023406737,1.2964574,0.35324413
0.8104463,-0.6855134,0.23782298,0.0013532962
0.4478995,-0.2002748,-0.0041553793,0.10633329
-0.23092113,-0.33120516,0.5219549,-0.5479706
0.5551637,0.28406978,0.56926095,-1.0419418
0.44800964,0.6390854,1.5137086,-1.2016413
-0.44687897,0.25197464,-0.20430553,-0.60098946
1.355341,0.96106833,-0.6064033,1.8176669
-2.1304271,0.12032166,0.20611173,0.7185765
0.06300285,0.519667,-0.47235867,-0.113687515
0.8500584,-0.64348257,0.9754766,-0.97300315
-0.8522159,0.23777111,0.34435502,-0.73807925
0.7238633,1.0837308,-1.0995704,-0.9465623
-0.7820659,0.58732605,-1.0750421,-0.42775106
0.9258908,0.83449936,0.7199495,0.048315246
0.184755,0.6495382,-1.2200572,1.1778206
-0.82348216,-0.04393377,-1.4535749,0.1794957
0.7722106,-0.31341037,0.46192455,1.9232296
-1.0917404,-0.23663448,-1.794906,1.3882731
-0.663579,0.31706357,0.66460496,-0.9524577
0.62338966,0.78803235,1.10504,1.192058
0.40281034,0.24383892,0.018462557,-0.48196208
-0.6121976,0.4400613,0.90902793,-0.49046692
-0.01448123,-0.07482375,-0.21288958,-0.78587514
1.094783,0.41033784,-1.1992184,-0.58963627
0.6515993,0.001500327,0.18255238,-0.077212594
-0.051010776,-0.74302155,-0.18456455,0.3226422
-0.33466524,-0.0884976,-0.25161445,-0.51735526
0.4993633,-0.008395425,-0.4758061,0.20693311
-0.17039791,-0.38321215,0.82621133,0.53784895
-0.57791424,0.13040912,-0.28276643,1.7607583
0.7006678,-0.22864482,0.49803716,0.97516745
0.7696575,2.2872808,1.2092326,-0.06084378
0.43431905,-0.34658676,-0.16216947,0.70470774
0.2781608,-1.1082548,0.4429054,-1.4618071
-0.01933548,0.5393941,0.9074524,-0.07733334
0.7468708,0.15828449,0.523638,-0.12088487
-0.19899094,-0.25519162,0.038654417,0.767379
-0.2579223,0.535029,0.64963585,0.08985404
0.3428357,1.6187919,-0.75636935,0.09676275
0.040525176,0.29411957,-0.46621704,0.6655903
-0.9084341,0.8308904,1.4139885,-1.1855282
0.68875086,-0.7887154,0.32660112,-0.49916866
0.58449304,1.3157486,-1.4174083,0.8361223
-0.50812715,-0.57149106,0.6594281,0.88070965
0.45802328,1.8389226,0.258793,0.6100874
0.46687093,0.6638906,0.19590452,0.79482895
-1.2895049,-0.8734893,0.3313652,-0.4878773
-1.4970717,0.07661335,-0.22813354,-1.6381184
-0.89240116,-0.13964252,-0.032448523,-0.32432353
-0.68567425,-1.2766517,0.036626346,-1.2022301
0.025573414,0.11188586,0.67254585,-1.7527971
-0.8100047,-0.2096405,-0.46672192,2.4091911
-1.1183647,0.0010466208,0.50421524,0.16971076
0.7176996,0.06391612,0.8158245,0.20877607
0.41679844,-0.8673522,-0.6544455,0.33872697
0.33126476,-1.0046425,0.5602277,1.3397312
0.55091953,0.81039685,1.6057385,1.0917512
0.055639777,-0.36611918,0.46271557,0.23263688
-1.0613228,-0.1334778,-0.4940267,1.0185612
0.3270475,-0.83321464,0.08106207,-1.8562428
0.10198866,-0.41764206,-0.38685676,-0.17115246
-0.03256947,-1.287696,1.2467501,0.9899115
0.045618616,-0.21626025,-0.0274016,0.3061367
-0.10023735,0.7576907,-1.2171373,1.0491537
-0.037250116,0.4728539,0.28797355,1.063242
-0.17991506,0.8531819,-0.5990846,0.4003873
0.67584693,-0.2373313,0.34238008,-0.88196903
0.35171723,-0.62127054,0.4175819,-2.1248586
0.057314042,0.5363991,-0.14495076,-1.3616523
-0.5507834,-1.0286776,-0.8138604,0.42144892
-0.57329136,-0.1736443,-1.515694,0.38922918
-0.02320111,-0.33865327,1.156327,-0.019275589
-0.33554795,0.5965731,-1.01152,0.85756147
-1.050616,0.2046031,1.5938792,0.1263718
0.60856915,-0.33098736,-0.0008230625,-1.1462684
0.44817373,0.42665341,0.73596615,-0.41320628
-0.17226796,0.9656539,-0.3248861,0.8597229
-0.7503755,0.009855021,-0.5890359,-2.1873512
0.23772398,0.4771751,0.102847494,0.056611583
-0.04665728,0.0005860245,-1.7537804,0.18866894
1.3474673,1.5162133,0.835346,-0.47426876
-2.2087317,0.08860789,0.6841085,-0.36849174
0.3194728,-0.29623953,-1.0077721,0.06617837
0.20377952,-0.5424856,0.41503572,0.5554411
1.113135,0.056547172,0.30197498,-0.91587037
-0.6498043,-0.24778362,1.6035334,1.9384094
-0.0016712965,0.5752778,-0.97556233,-1.5562855
0.46294904,-0.10906883,0.36670592,0.27288213
-1.7182184,0.21689807,1.481115,-0.06759183
0.52106243,0.54964846,-1.6150728,-0.21617422
-0.14484683,-0.21752605,0.66201615,0.39273614
0.030677322,3.2702963,0.3959836,0.44328472
0.84016687,1.0223445,0.8176005,-1.3838538
1.7216989,1.9691443,0.8125688,-1.5393748
-0.8500147,0.7520742,0.736118,0.684116
0.13821054,-1.5166981,0.5912359,0.2863367
-0.52985513,0.4841006,-0.5429232,0.46206096
0.9571554,-0.44141465,-0.6410543,0.55812645
-1.1620849,0.3352966,1.1616812,-0.86276615
-0.07183201,0.4803184,-1.5994685,0.73327446
-0.12799464,0.8789195,0.108717844,-0.31229722
1.1198875,1.208597,0.22469407,-1.0749463
-0.49317586,0.722649,-0.5699959,-1.8861244
0.103628285,0.33032766,-1.1690301,0.7164335
0.27145502,0.27767026,0.3255042,0.21650818
-0.36877412,1.5410635,1.2774383,-0.477954
0.5993494,-0.13088204,1.1007422,0.02725808
-1.2823415,0.5163397,-0.27365473,-1.4347069
1.3816671,-2.371173,1.2123283,-1.8005555
-0.56233025,0.9610424,0.52140397,1.5966891
-1.0529063,0.4487483,0.06550107,-1.8105954
-0.50200504,-0.6143226,0.26134354,0.8054381
-0.18942933,0.56436735,-1.3948114,-0.90537435
-0.478522,1.445148,-1.2314689,1.3081268
0.6522051,2.29993,-0.020946875,-0.5177058
0.6159091,1.1430881,0.76464254,1.0514765
-0.5055898,0.3531995,-0.6937891,0.18867785
-1.260363,0.31608778,0.22367643,0.08461867
0.0010813967,1.0339257,0.3184362,-0.72994345
0.48890296,-1.073655,0.91281575,0.6078483
-1.0054269,-0.19108473,-0.32118052,-0.013908381
-0.42397836,-0.48026296,-0.33778596,0.35074607
1.4943589,0.45545873,-0.65951467,1.7818804
0.41566452,-0.5218518,-0.2245118,-0.477765
0.38608763,0.1120606,-2.188728,-0.15889782
0.27938387,-0.7877293,-0.9259289,-1.6926597
0.40314108,-0.41248435,-0.1900407,-0.005628084
0.043483093,-0.18131867,0.50466454,1.6237361
-0.08577132,-0.6297079,-0.37985206,0.36747694
-0.07641075,1.357401,1.0571094,-0.3405225
-0.9117133,0.5926988,-0.8604071,0.121743344
0.65560836,-0.0150879705,-1.1696956,-0.5377986
-0.29988766,-0.21506022,0.7722284,6.3875465e-05
0.5765137,0.79887533,-1.3687793,1.1895263
0.2521204,-1.090584,-1.4400561,-0.51585275
0.52768195,-0.56735575,0.29325873,0.9541204
0.6948746,-0.54077554,0.10888339,-0.47805646
-0.46144715,-0.32006705,-0.024784366,-0.33262727
-0.25405174,0.6625589,-0.5070186,0.47059926
0.036328137,-1.9286463,-1.1003156,0.85307
0.049549904,0.32139254,-0.22159992,0.5638062
-0.9312423,0.9309174,-0.5241344,0.062114388
0.053078867,-0.4980896,-0.74481,0.65655035
0.55381817,0.9071016,0.16447665,1.4124374
1.1168677,1.4480225,-0.5369841,0.40160453
-1.6125739,1.3110236,-0.1071976,-0.1207899
-0.021072717,0.0665587,-0.48799738,1.0626873
0.778661,-0.5320403,0.189259,0.10653538
-1.7856507,0.40254858,0.35838497,0.90065205
-0.5626681,-0.80952746,0.22648494,1.4048382
0.9055835,-0.34810594,-0.19793822,1.8789659
0.4280913,1.0252246,-1.184901,-0.21128076
0.41592622,-0.4666845,1.3844436,-1.0280861
-1.1177386,-2.1940508,-0.21068601,-1.2231301
-2.2365723,-0.792243,-0.37914142,-0.97253543
0.18014014,0.9253966,-0.103657976,-0.16119426
0.5828179,-0.5147458,0.29054332,-0.3557077
-0.41172963,0.99149936,1.3291262,0.77615786
1.4602633,-0.013912373,1.2206627,-0.28735626
-0.8702074,-0.12623617,-0.5385124,0.032581847
0.33361685,0.2986946,-0.30812418,0.16348821
-0.32899442,0.9466548,-0.3235693,0.09781533
0.025994174,2.002341,0.35968918,-0.28987864
0.7175624,0.26247662,0.80536646,0.62909234
0.72417516,1.1860262,0.6206807,0.22919042
-0.9666366,-0.94938487,-0.43255764,1.34074
1.1974276,-1.3354269,0.078325115,0.22891864
-0.39382622,0.597038,0.57006085,0.39139816
2.3764389,0.33920076,-1.1557289,0.8920156
0.9036709,0.3650316,-0.3688485,-1.4630507
0.027206626,0.94031537,0.08832044,0.19063629
-0.09775823,-0.16153184,-0.54981714,-1.2410535
1.0800282,0.20185222,0.13813683,0.71633387
2.0474157,-1.1879737,-0.37183738,-0.030656386
-1.1506052,-0.21261384,0.40096915,0.14863276
0.109894946,0.07440152,1.2286949,0.9683869
-0.43593597,-0.25544408,0.3293514,0.034821857
-0.056888487,-0.3969021,-0.24990001,0.025851699
0.15479027,-0.32051453,0.68507904,0.45441347
-0.42957944,-0.48524284,-0.03212935,-0.5302474
-1.5819453,-0.290666,-0.31317738,1.5618095
1.3943199,-0.066741504,-0.022408744,-0.23999184
0.35320276,-1.385492,0.24830091,0.5766028
-1.0646137,-0.17053877,1.6333891,-1.3940399
0.31205705,0.22048528,-0.6376401,1.8954407
0.51047295,-1.109581,0.26564118,-0.47518957
-0.10872035,-0.5114031,-0.6086781,-0.19280243
-1.0604191,0.84523004,0.23532453,1.131145
0.05380984,-0.5328073,-0.16845296,0.00042413812
-0.30494136,-1.6954104,0.249173,-0.7220518
0.9295998,-0.7542019,-0.047787815,-1.007376
-0.74348724,-0.16529927,1.1520648,-0.5398472
0.34576413,-0.25268516,-1.3718429,0.35061896
-0.9279458,1.1140913,0.050737295,0.6788544
-0.09551366,0.3592793,-0.3303763,-0.2634088
-1.249882,-0.63925916,-0.23059621,-2.0332153
0.49637493,-0.6661928,0.027500665,0.28456432
-0.41047934,-0.5679525,0.078242086,-0.10554351
-1.0576587,0.5945728,0.8691075,0.074366815
-0.78625673,0.20316418,0.18790086,-2.1149533
0.62544435,1.3904321,0.79119754,0.09019574
-0.34474108,-1.6989497,-0.20465127,-1.0993078
0.4672773,1.8024749,1.4219034,-0.118794784
0.6424498,-0.36959857,-0.030525342,-0.82147074
-0.5196484,1.1677128,-1.2631407,-0.18783456
0.056428086,0.07116727,1.2434503,-0.20749721
-0.63431466,0.8079015,0.7965211,0.7705504
-0.8465965,0.7223417,0.11793674,-1.584157
0.6405967,-0.38468075,0.8263391,0.13211508
-0.040308814,-0.23185262,-0.7541685,-0.15357327
-0.88479656,-0.184855,-0.95982707,0.16622189
0.3878889,0.53953075,-0.7020038,-0.62312216
-0.39141506,1.0629555,-0.7247995,-1.1751564
0.2213875,-0.5549392,-0.69109476,-0.8260969
-0.43027294,-0.5076216,1.7718439,-0.027879128
0.08344099,-0.993652,0.39014658,0.39800668
0.066833034,0.44756746,-0.2928563,1.5543649
-1.3851988,-0.4633252,0.32349125,1.400147
0.4896805,-2.7803872,0.95743054,2.912012
-0.18912075,1.3143368,0.27115992,2.3774896
0.06507364,0.43628916,-0.12600818,-1.8116639
-0.61747193,-0.9093954,0.21348996,-1.513417
-0.8164436,-0.56116587,-0.5606487,0.29480836
0.26808447,1.3747841,-0.14582342,0.6161961
-0.81873655,1.2789395,-0.14123419,-0.24401876
0.38860407,0.6144329,0.26245332,-0.67246896
-0.034157336,-0.03666949,0.51201266,0.5473989
-2.192765,-0.85878146,0.21010917,1.4229354
-0.634956,0.14960903,-1.0645517,0.20667349
-0.28470567,-0.066839,0.29215813,1.6652987
0.09871139,-0.1289015,-1.2511734,0.510112
0.8608246,0.7875947,0.064677075,0.068694144
0.38835117,1.524224,0.5186614,0.14858404
-0.2468104,-0.4491205,0.24371362,0.4462082
-0.16189651,-0.15531826,0.24410777,0.018561447
-0.74232095,-0.1744306,0.0077674836,0.2339824
0.876094,-1.0343962,0.12365994,-0.46327165
-2.0048792,0.3870521,-0.5487037,-0.5406669
0.2953163,-0.07750809,0.022107901,-1.1054606
0.014303435,-1.0386126,1.0010341,-0.29500183
0.60244244,-0.018859861,0.810587,0.8972054
-0.34731895,0.09112663,0.41602644,0.44870937
-0.19766383,0.30162218,-0.14377947,-0.6216387
-0.84067124,-1.5427728,0.9399962,1.3001258
-1.3727129,0.3734828,-0.14069597,0.3426941
0.2728201,-1.5305719,-1.3322474,-0.21775922
0.34890774,-1.160197,-1.0370256,-0.6818434
-0.36158308,1.6142806,-1.6963854,-1.1251785
0.32131875,-1.5375088,-0.46557242,2.4721441
0.586219,0.6727515,1.744172,-0.24273036
-0.9868093,0.7127263,1.5359052,-1.2646888
1.1677114,0.40065324,-0.6101584,-0.7782659
-2.3172977,-0.21163575,-1.0444405,1.3362575
0.11944146,0.4103877,-0.95439637,0.84740883
0.6616533,-0.5480584,0.31207138,0.6527069
0.08294003,-0.95574915,0.055484097,-0.7800422
-0.921413,-0.054554287,0.35294002,0.51536644
-0.24021043,0.29402888,0.015523485,1.5340227
-0.6188969,0.4661192,-0.88223857,0.009997597
0.69448775,0.24089614,-1.2244271,-1.7177256
0.5562665,1.2695749,0.16230339,0.56075716
0.0990424,0.042143214,-0.91120374,-0.41583374
1.0676959,-0.19596802,-0.41987652,0.9268868
1.24694,-1.5537685,-0.02871659,0.82704824
-0.5288047,0.6931857,0.32490155,1.3689258
0.69098276,0.66602963,-0.73333323,0.080245696
-0.17220001,1.4184436,0.7886127,-0.67527986
-0.23247992,-0.21426362,-0.4224834,0.16270398
-0.78591776,-0.5653065,-0.4021608,-0.28082758
-1.078932,-0.8870515,-0.43180758,-0.41690403
0.72101736,-1.4280888,-0.32016268,-2.171889
-0.9073028,0.3116061,-0.67114085,-0.8000065
0.665356,1.0644467,0.5823324,-0.9203347
-0.31909826,-1.231263,-0.054128077,0.5896973
-0.7774649,1.2020224,-1.1385285,-0.47741628
-0.9728939,-0.19611226,0.439887,0.5462524
0.06464553,-0.32447237,0.06195411,0.7008416
1.7036397,0.48530453,-0.2619714,-1.2150997
0.12768738,-1.4275259,0.37970614,-0.46493083
0.8332193,-0.92681605,0.7434685,1.9237561
-0.10328539,-1.4108895,-0.3379218,0.094792485
-0.30477738,-0.8746572,1.1794076,0.051997636
-1.2851187,-0.09034409,0.8557094,-0.517979
-1.7686949,-0.3582538,0.5079774,0.73861593
-0.020752568,0.16754235,0.18863407,-0.88366854
-2.1070907,-0.36004266,-0.12709697,-0.13562392
-0.40996614,-1.4820111,2.321408,0.76484203
-0.24418996,0.26128846,-0.8141974,-0.85639954
-1.1381987,0.62281233,-0.70163536,-0.48415
-2.0031552,-0.8057094,1.4891224,-0.43084666
-1.1452898,0.06986476,0.78794855,-0.26416028
1.0463446,0.37524578,-1.9940845,0.23219778
-0.87131053,-1.1247348,0.17537624,-0.0013539353
-0.6527744,0.1407026,1.007207,2.06395
-0.32872528,-0.96437645,1.4250644,-0.33527297
0.5692864,0.3102771,-0.9094667,0.91607666
-1.1118389,0.7393463,-1.0844162,-0.52628285
0.5392958,-0.8502269,-0.8701065,-0.34156287
-0.6033358,-0.35778075,-0.8936731,0.10992989
-0.0138674,1.2714199,0.26316163,-0.1544309
0.5442191,-2.1607137,0.35372534,0.22352722
-1.976257,-1.3757099,-0.89589274,-1.5661765
-0.13430662,0.055039834,0.46696717,-0.23428985
-0.5579601,-0.6617084,0.3493054,-0.352677
0.65646076,0.26210546,0.06808622,1.3239425
0.49088287,0.08721229,0.08533603,-0.15380985
0.23818588,0.84572566,0.015214069,-0.03061732
-0.6145539,1.355945,0.5117286,-0.3240923
1.075039,-0.27259713,-1.6652825,-0.122626044
-0.3275294,1.0698323,0.59876263,0.11285842
0.8080862,0.310254,-0.06711746,0.18386398
0.23638548,-0.17634183,-0.09032266,-0.7998522
0.46598563,1.0901002,0.23057358,0.024254786
0.20064184,-0.47503817,0.78090507,-1.9699341
0.60356784,-0.7489031,0.08983423,-0.39750174
0.44725215,1.3463837,1.8717046,0.21299472
0.25534627,0.33051714,0.77625126,1.8178848
-0.597992,-0.5092198,1.5765646,-0.46079612
-0.7986879,0.13653164,0.7755616,0.2512969
-0.92756534,-0.68876123,-0.11141185,0.19205719
-0.8617916,0.13795331,0.6945048,0.025094409
-0.5867748,1.300827,0.26041815,0.8737948
-0.23016043,0.5298008,-0.19563232,-1.5482676
-1.4627134,-0.2400884,-0.17055115,0.9481947
-0.5130555,-0.4933008,0.6201906,-1.6163151
-0.3771953,0.48515514,-0.17033842,0.041366465
0.48956198,1.0024546,0.42943606,0.19736095
0.92055666,0.784603,-0.6070532,-0.001968279
-0.6267516,1.2141688,1.0558118,0.5248096
-0.1255184,0.008103764,-0.6745018,0.8412303
0.30955008,0.29762346,-1.1589819,-1.5533907
-0.2605993,0.05299777,0.33767015,0.5803232
0.22167414,0.7738539,-1.0232247,0.276751
-0.8932467,0.3775832,-0.57625306,1.0045071
-0.7361394,0.73753226,1.5156146,-0.2102086
-0.44128135,0.4856894,0.013643853,0.5446908
0.517411,-0.01898662,0.69441175,-1.3593922
-0.39610022,-0.6028891,-0.68553084,0.058613777
-0.50411165,-0.37462592,-0.51420987,-0.39617848
-1.0192802,0.59380263,0.86836725,-1.885325
-0.12151523,-0.9977129,-0.85645896,-0.34323153
-0.19794424,0.60529006,-0.80063885,-0.8878919
-1.8123157,-0.9380923,-0.41321656,-1.1706604
-0.24987637,0.6761597,0.31892854,0.26221502
0.22391139,0.17253391,-0.025875567,1.2015964
0.109946586,-0.48560625,0.07204305,0.87930197
0.45651317,-1.7854098,-1.9499952,1.5104682
-0.21221948,-0.29666072,1.2330005,-0.27937803
0.2235365,0.36844447,0.49861717,0.81680566
-0.3138474,0.4892321,2.604711,-0.3321942
1.3075686,-0.6761258,-1.1163186,1.2309517
-0.06718806,-0.7930081,0.25330886,1.3276783
-0.6404409,-0.98241353,-0.29318088,1.2209638
-0.16691768,-1.6812913,0.5095016,-0.53731394
-0.1922209,0.89573735,0.17807914,1.1097064
0.17458047,0.17267565,-0.57749647,-0.38280225
-0.28787848,-0.92097473,-0.0864557,0.26761764
-0.12079267,0.7336744,-1.3476605,0.9275947
0.13743196,0.4605949,0.55107224,0.9989146
-0.7451358,-0.19948001,-1.1523768,1.1909604
0.090244,-1.7065676,0.5968315,0.6478452
0.3789006,-0.23551187,-0.5650562,0.10937998
-0.35939735,1.4225295,-0.47117665,1.0920265
0.6332507,-0.35789526,1.2202415,0.24257874
1.1276302,-0.33056992,-0.18586473,-0.61788917
-1.5008833,-0.60323536,0.075857624,1.5835965
-0.6862074,-0.40703115,-1.8582066,-0.7193606
-0.69498193,-0.07412307,0.39056423,-0.012603456
-0.36793834,0.9661833,-0.11346525,-0.2649593
0.16429153,1.7475208,0.06882667,-1.4526052
-0.81299126,-0.07178322,1.3114551,0.52713114
-1.554435,-0.16692507,-0.25347227,0.089193165
0.24673738,-0.86864513,0.49253693,-0.18379594
0.28183895,-1.9623879,-1.547694,1.4271318
0.6843795,-0.114896394,2.0548704,0.3542772
0.2512536,1.1754293,-0.2914111,1.2197948
0.5181219,0.17926715,-0.0053889747,-1.6318376
0.36701974,1.0013005,-0.48188433,0.25284278
0.5378716,0.47891653,-0.5406813,1.6452798
-0.50671124,0.3704248,-0.41526404,-0.18862833
-1.345837,-0.09498335,-0.22121198,0.68316925
-0.53556544,1.2517699,0.080711715,1.361266
0.96704286,0.104627095,0.6212528,-0.36082044
-0.07852056,1.4576491,0.13767792,-0.6615421
-0.031668633,0.29877228,1.0995048,0.05277919
-1.3275564,-0.623237,1.1527216,1.0960917
-0.61307067,1.1582944,0.09314135,0.47585416
0.5059228,-0.20790316,0.40022734,0.28951132
-0.3943977,0.3756862,0.9249219,0.018295268
-0.017146304,-0.3045647,-0.23815632,-0.87254477
-0.41212374,-0.74829304,-0.06448247,-1.7298615
-0.5706988,-0.90417606,0.25375503,-0.013006959
-0.6378145,0.5635619,0.109254956,0.8708313
0.64681655,-0.46843308,0.6790564,-1.6408818
0.52286947,-0.24048923,-0.84763783,-0.47708243
-0.89548546,0.70522994,0.7667,0.5939823
0.55942214,1.4395535,0.16033669,0.46640676
0.3374109,1.2199366,0.77422976,0.017665645
-2.251257,-1.3806059,-0.6422094,0.048639692
0.18374492,0.03300713,0.0062934854,0.32118747
-0.91391766,-0.70360506,-0.19137277,-0.43923616
0.07628964,1.5613204,0.6129484,-0.21636559
1.1507847,0.31612843,-0.87903035,-1.027887
-0.5533095,0.20317523,0.33005163,-0.509676
1.4597118,0.26061672,-0.88447165,-0.6204286
1.4136125,2.3981588,0.8143401,0.07636382
0.77488834,-1.4153785,0.5551249,-0.23858185
1.2935886,-0.9505864,-0.2125713,0.061268236
-0.03888851,-0.02740827,-0.07862638,-1.0932784
-0.39276066,0.31611863,0.71467227,0.96059227
0.18831122,1.6886173,0.13513564,-1.0981443
-1.0898046,1.3999614,-0.98171717,-2.0240233
0.55057585,0.2856215,-0.694079,-0.039901316
1.0085657,0.18039729,-0.01766576,0.39486828
-0.6106414,-0.13143109,-0.6317129,-0.5878018
-0.22983684,0.23004207,1.6485264,1.2376288
-0.34283203,-0.98320395,-0.62767196,0.29005432
-0.39398494,-0.9838898,-1.0493475,-1.3511814
0.27451184,-0.48905316,0.4813579,-0.7977046
0.46756786,1.0237852,0.46075574,-0.006642601
-0.29891318,0.657648,0.23251633,0.44005203
-0.35898897,-1.6239301,0.8171428,-0.9714315
1.4654926,0.6914316,0.15269573,0.48141614
1.1549541,0.051953718,-0.70247674,0.85972595
-0.5148411,-0.65856713,1.245676,0.009548935
-1.1906669,-0.38460872,-0.2252281,-0.09411702
1.39581,-0.8735844,-0.6954343,-0.039006967
0.009405314,-0.79905564,0.6737125,0.89368683
-1.7763666,0.07010203,-0.17399362,0.3881901
-0.019792385,-0.43433776,1.4932163,-0.96457744
-1.5908324,0.36747742,0.46212733,0.44726446
0.25247085,-0.9376279,-1.9705504,-0.36850113
0.15043032,-1.4572423,-0.40454036,0.29999217
0.449977,-0.04526167,1.1434677,-0.24621268
-1.5680492,0.34841794,-1.8312293,-1.5114108
0.10798499,0.03242013,-0.107258886,-0.31688622
-0.49990562,-0.53269005,-0.010147201,1.2863827
0.1505268,1.1630719,-1.4730868,0.6111921
-0.7127249,0.75822556,0.370151,1.7332512
0.5371953,0.2610551,0.31690368,2.649615
-0.01607296,-1.3023068,0.8019841,-0.0976029
0.4765972,0.5782801,-1.0507075,0.35524043
-0.9341734,1.5172732,0.6710132,0.6707832
0.5909604,0.13545503,-0.0040430697,-0.70772666
0.7908152,-0.51281697,-0.43606544,0.4559426
-0.88438874,1.3984816,0.075319,-0.1663034
-1.489698,0.95060825,-0.4236688,0.14479549
-0.03697305,0.28199446,-0.26139376,-1.0551316
0.6918777,-0.4501632,-0.34482667,0.2166826
-0.58295715,0.19939387,-0.992071,-0.13642754
-0.2675304,1.462342,-1.0669354,1.6281784
1.2433262,0.7929521,0.25642452,-0.10757833
-1.3181696,-0.55626494,-0.06081419,-0.29383934
-0.101753235,-0.9942805,-0.06472575,-0.16164406
0.07389759,0.3548175,-0.40457743,-1.5568914
-1.2851263,-0.14222455,-0.034825865,-1.2683657
0.7805796,-1.3876876,-0.09443417,0.3697498
-0.20008563,-0.59150785,-0.8365672,0.060974784
0.20228869,0.60418725,-0.39331377,-0.0184529
-0.9395213,0.39119855,-0.071435764,0.82411504
-0.643408,-0.881586,1.0485808,-0.76716065
0.9585189,-0.40718725,1.1525482,-0.22356111
1.0621789,-0.33439258,0.37935114,1.1420522
-0.81422144,0.91259146,-0.5313189,-0.26119587
0.96562827,0.19784172,2.0991135,0.012577647
0.37451392,0.09559874,-0.3096281,-0.9405074
-0.9701224,-1.0744617,1.7647722,-0.24201784
-1.3881922,2.0326877,-0.3971329,1.2830594
-0.2938855,0.9963139,-0.6912207,1.8199934
-0.15156688,-1.0925583,-0.08931178,-0.46319443
1.4453931,-1.3719819,1.1677082,0.83519614
-0.80147755,-0.2528007,0.85163385,1.1751236
0.7719807,0.71837837,0.2342875,-0.6371631
-1.6500695,0.04458886,-1.7509034,0.3587555
0.45624834,0.06082098,-1.1129795,2.3372269
-0.22185944,0.72319204,-0.17192338,0.50087255
-0.18427214,1.3081307,-0.43951142,-1.0537767
0.41331,-1.6006461,0.44865036,0.1794997
-0.27575386,-0.09280645,-0.7279602,-0.38395166
-0.69006133,-0.7819934,-0.07810106,1.0961714
-0.70846105,0.35103118,-0.28233892,0.5689635
0.22462924,0.42118037,1.0556493,-0.5614689
-1.3833176,1.1909767,0.4017192,0.8522704
-1.4773685,-0.5894991,-0.3743532,-1.4454179
-0.8672756,0.080666214,-1.6001961,-0.6790115
-1.2264694,1.147629,-1.0099063,0.114079595
-0.8487072,-0.92364717,0.43378517,-0.6806881
-0.40737593,-0.93217266,0.24082647,1.8242902
-0.5669121,0.08987684,0.73397106,0.3644982
-0.32977673,-0.80247104,-0.39767534,0.02352712
-0.8836015,-0.38403615,-0.4814442,1.3639692
-0.624662,-0.14785756,-0.16349415,-0.42169073
1.0637823,0.6896009,0.624856,1.2622596
0.9356528,0.7852419,0.93195844,-0.9901988
0.019972315,-0.053503726,1.1969159,-0.4306125
0.09705626,0.5137611,0.95760244,0.33970413
-0.41368863,0.85708153,-0.94915354,-0.45281902
0.4274517,1.4093765,1.9782146,0.18939283
0.2264576,-0.43250966,-0.5795513,0.113371
0.3288466,0.115870215,-1.492419,0.5566382
0.04498669,0.20365535,-0.28556958,-0.46691844
1.2292086,-0.7784921,-0.4638787,1.23659
-0.5014912,1.4284505,-1.6239272,-1.1707991
-0.44044307,0.23907463,-0.7827393,-0.11111613
-0.41021588,0.18518198,0.7193344,1.9359665
-0.16485891,1.6294979,0.85885996,-0.42014816
0.41934654,0.6192527,-2.2665088,1.4686908
0.11443611,-0.6299858,-0.4399044,-1.1811908
-1.0919546,-0.38267934,0.17664373,-0.36623457
-0.1156993,1.2797538,0.4184902,-0.6631986
0.42904776,0.60496575,0.82723206,1.0468478
-0.41644472,-0.23775543,1.5077908,-1.1265314
0.29455104,-0.022390073,-1.0954151,0.29266214
-1.1705225,-0.52586704,-0.1017906,-0.5804121
0.38018176,-1.0780813,-0.12624276,-0.3936001
-0.4425471,-1.3135667,-0.6046988,-0.42253458
0.07011597,-0.39713615,0.16536842,0.6979431
0.5546935,0.5410972,-2.0249765,-1.0746995
1.2951326,-0.8207217,-0.39360225,0.42857048
-0.12502472,0.0558117,-0.08848849,0.36372876
1.1635684,0.37842256,0.23740466,0.30614802
-0.10659865,0.14577892,1.5840389,1.2846218
-0.59690255,-1.0743594,-0.2954662,-0.2781315
0.27056906,0.2518291,0.7007357,-0.13657637
-0.79422253,-0.63623935,-0.6684808,-0.50696117
1.0902712,-0.49861065,-0.0695836,-0.7684453
2.0396647,-0.30521947,-1.036479,-0.10624817
1.305432,-1.6186932,0.61229247,-0.9949768
-0.24381499,0.422158,-1.3931904,-2.2373002
-0.8610229,0.77023655,1.4581385,1.3096027
-0.53052026,0.0845724,0.47409466,-1.5246879
-1.1912692,-1.124705,-0.33095405,0.99106133
-0.032728426,0.4748838,0.59448004,-0.17169823
0.18750107,-0.9090432,0.6861915,0.43536392
0.4183278,-0.17869402,-0.11988952,-0.26967564
1.4778464,-0.10552039,-1.674852,-0.13850927
1.5335641,0.116470374,0.0074409335,1.1777695
-0.075777575,-0.43257955,-1.6032711,-0.2301364
-0.79512966,-0.12877429,0.91948104,0.43715838
-1.4887183,-1.3739702,-0.08772511,-0.8027823
-0.29362157,-0.6168903,0.2102053,1.0579183
-0.62753594,0.26707488,0.09241228,-0.94929576
-1.1379154,-0.32552716,-0.73024017,-0.35333487
0.11568507,-0.13670273,1.4113299,2.2949362
0.7086239,0.46941885,0.59861684,0.53128886
-0.31670272,0.9142715,0.64869905,0.65251744
-0.6277292,-0.52704966,0.32986647,0.27173427
-0.03165303,0.27961323,0.53205895,-0.3106212
-0.61822295,0.36086947,-0.11510516,-0.27441958
0.4167822,0.26611346,-0.41585967,1.9222536
-0.9883785,-0.75034803,0.21803543,0.25029334
1.5027937,0.51598614,0.49761492,-0.41257486
-1.3135196,0.63625264,0.15395908,0.1874468
-0.15577213,-0.29080516,-0.5151927,-0.24367788
-1.2588933,1.7423936,0.93662703,1.2619385
0.5867426,-0.033546224,0.42196587,-0.70781624
-0.70650476,0.016380908,0.13526294,2.1870606
-0.6385233,-0.41019386,0.613101,-0.36503962
-1.1141663,-1.3938369,1.1600313,0.3466455
0.018762307,-1.0679653,-0.32855108,0.60986066
1.008422,-0.7306484,0.14907426,-0.54992384
-0.690554,-1.0156165,0.15061927,-2.0052903
-0.11500801,0.114164256,-0.02366535,-0.46116966
0.05294596,-1.4049451,-0.31797874,-1.0205615
-0.24513413,-0.2688613,-0.18334723,1.4499744
-0.5349963,1.1089809,-1.2429285,-0.6059285
0.6671588,-0.084055744,-0.36148018,1.0362875
0.33369446,-0.33573955,0.62954146,0.755894
-0.6253469,-0.6667525,-1.3360851,0.5525604
0.29498923,-0.72321016,-0.07217335,0.16330183
-0.6689903,0.5302685,-0.151695,0.58341473
-0.08811614,-0.48641878,1.139151,0.22127086
-0.03628062,0.16853961,0.21737601,1.445624
-1.6273892,0.38650632,0.0035559004,0.20546816
-2.2838433,-0.49322888,0.83276963,0.9158496
-0.93793416,0.36323187,-0.7969629,0.94736993
0.74784374,0.1498407,0.97919965,0.2345106
-0.21044578,-1.2434111,0.20461121,0.8221722
0.00915259,0.55349505,1.7344884,2.613276
-2.2505262,0.3641253,-1.3358047,-0.3961196
-0.25937322,0.19443233,0.7529007,-0.79177654
-0.80763656,-0.4134119,-0.17583886,1.373453
-0.85552025,-0.20945762,-1.2277308,0.49112317
-1.0997183,0.3268744,0.21188405,-0.4615444
0.6496962,-1.1902838,-0.45192337,0.42914638
0.21115027,0.9074689,0.36163467,-0.6022664
0.1552676,-0.73124236,0.27449507,0.13874954
-0.31743565,-0.9363487,-0.80715233,0.34434474
-0.407119,0.16817603,1.696736,-0.06152574
-1.0440133,-1.6081903,0.50537837,0.49735403
0.47723594,-1.5347863,0.8137626,-0.043803815
-0.35415533,1.293475,-0.3558615,0.63906115
-0.3939614,-0.69715005,-0.6263382,0.5851777
-1.572756,-0.09943332,1.0451713,-0.23473904
-0.81196994,0.20490769,1.7972947,-0.91460484
0.45357144,-0.35564002,-0.42516845,0.5353833
-0.13419057,-1.2806486,1.0592828,-0.17817761
-0.22602408,0.15736318,0.77067304,-0.5818536
-0.09776328,1.1014842,-0.37227985,0.7763245
-0.2532332,1.1115589,-1.273927,-1.2929081
0.58433545,0.24086814,0.40410042,-1.050007
0.008560929,-1.2011456,0.18475534,0.32379657
1.389996,0.2242511,-0.26069584,-0.19497897
-0.32043383,0.220439,-0.52336454,-0.28268963
-0.3229233,0.48410183,-0.72174245,0.26441687
0.91556966,-0.8162694,0.20839018,0.6868132
1.1283071,-0.050055522,-0.0666191,-0.11337996
-0.6380473,-0.78629935,1.0296488,-1.2274699
-0.9715495,0.4898652,-0.13634159,0.96790934
0.559721,-0.10126203,-0.83204615,0.45896754
0.1181616,-0.8366221,-0.019219771,0.53096443
0.88222474,-0.99581873,-0.6077674,1.6827248
-0.68809366,-0.34756678,-1.3669713,0.06466686
0.9006779,-0.49080685,0.0014808978,-0.6057916
0.61291456,-1.7143848,-0.38134068,-1.561736
0.94599897,0.15629987,0.79219955,0.06802675
-0.8111714,-0.068568625,-0.3559633,0.7430126
0.3292503,0.5384757,0.15275875,-0.6628582
-0.3015026,1.5192792,-0.5664797,1.7455876
0.9182811,0.57696253,-0.17017536,0.13741648
0.20436949,-0.038478196,0.7161489,-0.66991335
1.2101748,1.9978894,-0.41906476,-0.49212414
0.3119545,0.7016893,-0.81789947,1.0443414
0.2089319,0.42265615,0.6624095,0.51182485
-0.3114496,0.22910933,0.9548735,0.033312283
1.222078,-1.6404346,-0.6110717,0.2981666
1.4989045,0.38852093,-1.6066856,-0.2344777
0.73605144,0.1458263,1.1135325,-0.4692585
0.6946319,0.036674097,0.21883205,0.22822307
-1.0431641,1.2631999,0.11402695,-1.0860794
-0.09932347,0.6265387,0.8259749,1.3149486
0.3229229,-0.03757007,0.8014786,2.0275557
0.09527602,0.23432249,0.10333613,0.45279628
-0.2536144,-0.7621936,-1.3943268,-1.2108715
0.72460675,0.24228786,0.238935,-0.44925797
1.6846615,0.63353956,-0.32309657,0.8043479
-0.69521797,0.8491005,0.15513115,-0.42543387
-0.8055101,-0.30708268,-1.147725,0.8292708
-0.047405995,-0.9489769,-0.35111976,-0.6334723
-0.80153686,-0.5595044,0.67664367,0.31673396
1.2003744,-0.38051307,-0.6915276,-1.782864
0.43562633,-0.3570068,0.34615496,0.09153986
-1.5462698,0.246444,0.013847402,0.0066310153
0.055091523,-0.087609544,-1.1910063,-0.7269267
0.63691354,0.46655238,0.72686934,-0.33889273
-0.13228206,-0.6775874,0.8743154,-0.72809213
-0.36938006,-0.28143236,-0.2825539,0.9735198
0.2606669,0.7233432,0.04836405,-1.3506063
0.23783219,-0.20729272,0.9899573,-0.69613457
0.81844646,0.8709253,0.6170663,0.028633863
-0.32586998,-0.38063726,-0.6093338,-0.07083372
0.38333791,0.0047588404,0.12576474,0.6137889
-0.12267037,-0.4789959,-0.431928,0.9541322
-0.15927623,0.06311316,-1.1123863,0.29147914
0.8846962,0.761847,-0.6253114,0.35527748
0.07422924,0.4843927,-1.176788,-0.8166032
-1.0122755,0.026006732,0.16217496,1.8257984
-1.3029584,0.7514126,-0.10354811,0.3401503
0.53714025,0.20849817,-0.811748,-1.5128742
0.31382838,-0.4711493,-1.2598213,-1.0968012
-0.6022629,1.7640395,-0.44097215,-0.6451747
0.26056844,-1.276886,-0.38773134,0.9627587
0.5762512,1.1212759,-0.6038259,-0.21799617
0.5176576,1.8550072,-1.8498342,-0.18873118
0.2858344,-1.1584829,0.77176285,0.20276397
0.2546846,0.17911753,0.34251642,1.362335
-0.2466006,-0.23052938,-0.6704573,-0.36096218
-1.221799,-0.022017704,-0.31603226,1.0316291
0.029085396,1.096116,0.2945099,1.3232536
-0.38296768,-0.29745716,-1.1651422,-0.11632158
-1.2158763,-1.565777,1.156989,0.3415947
-1.2290043,-0.5296172,-0.93546593,0.16906522
-0.37796277,1.5859721,0.043689586,-0.065228395
-0.08662842,-0.10807055,-0.70613915,0.22106047
0.42736807,-0.099670984,2.7881203,0.99116516
-0.79111135,-0.31204098,-0.4460205,0.44504014
0.76793724,-0.8116543,-0.16053501,1.3334905
0.6925009,0.4421008,0.3398591,0.4953826
0.68859303,-0.312981,-0.46154588,-0.25290492
1.0818896,-0.26227215,-1.1461095,-0.046161238
-0.8526049,-0.5052035,-2.4464812,0.2642569
0.9857131,1.5646895,0.17092954,-0.07822722
0.5231579,-0.010652297,0.48564404,0.53059775
0.6656809,-0.07273875,-0.40122142,0.81582636
-0.17868729,1.0179745,-0.43142813,0.10537341
-0.5895981,0.28127563,0.74533737,-0.60613894
0.42103493,-0.66418004,-0.40442944,0.5961636
0.5246574,0.36310375,0.3010187,0.22662176
0.8989378,0.94197595,-0.09392774,0.104843765
0.86759424,0.13311318,0.67763793,0.99434173
-0.9636705,-1.0389643,0.06600319,-0.5663903
1.7103451,0.69396746,-0.2520665,-0.46385428
0.9283114,1.5901347,-0.2067918,0.32946634
-1.851211,1.7066427,-1.4612386,0.79102063
-0.05342497,-1.1000415,-0.18056118,0.25803992
-1.7807078,1.1789546,-0.12515129,1.0801327
0.98227644,-0.9944635,-0.25686404,0.24068701
1.2556692,1.1841477,1.0106062,-0.08306319
-1.0064913,1.1230128,-1.3049599,-1.32174
0.62684804,0.16705106,-0.018066535,0.2641895
0.5576939,0.55778533,-0.72761565,0.1902742
-1.352739,0.31881362,-0.55378747,-1.0236703
-0.6639171,0.87882704,-0.24734856,0.0700273
-0.47455567,-1.2625133,-0.89973414,0.4807332
-0.4904857,1.1745391,0.4919299,1.6205628
-0.45210725,-1.0448794,1.1940643,0.021132959
-0.26281223,-0.23736255,-1.7381543,0.23472422
-0.6782995,0.34153447,-0.23264697,0.87600994
0.80418134,0.40521255,0.20608167,0.047942083
-0.719068,-0.26806688,0.22753347,0.31482723
-0.71115834,0.36552885,-1.4027174,-0.24735086
-0.56412303,-0.6846633,-0.77417725,0.410341
0.619509,-0.040712763,1.4615657,-0.46353233
0.0012901017,0.75165397,-0.86889285,-0.3878995
0.33035707,1.2358826,-0.011364772,0.03165119
1.1076475,-0.30833194,0.8339518,0.28973654
-1.6723949,1.8898946,-0.2937084,0.87919444
0.2406482,-0.73103327,0.51035404,-0.14845778
-0.066100925,-0.43314862,0.2843627,-0.11763522
0.949162,-0.65172595,-0.912994,0.7303243
0.81182224,0.61921626,0.10178856,-0.084179394
0.70088595,3.1501877,-0.6982698,-0.72883046
-0.1144435,0.10450962,0.5185558,-0.295244
0.309303,0.25633454,-0.057562195,-0.44146922
0.44816363,-0.1730902,-0.19240779,1.28824
0.25349683,0.90049726,-0.31798163,0.2343954
-1.2588829,-1.8891647,0.20803222,-0.23229381
-0.13822016,0.7788106,-2.246263,0.4765452
1.4786205,-0.13355912,-2.2661185,0.044140637
-0.90714705,0.36687657,1.1071178,-1.0544134
-0.4612207,0.50894403,-1.4612527,0.57964957
-1.8821005,0.8537615,-1.5055457,0.5800593
-0.9366728,-0.8403535,1.6914713,-0.12465437
0.13636258,-0.54583675,0.36514473,-0.28765234
1.0952148,0.12440102,1.4493527,0.21426362
0.41945314,0.5485494,1.4314672,-0.45111427
0.38964722,0.37200025,0.23469907,0.6835435
-0.39202064,-1.1231625,-0.17664,-0.4007982
-0.115120366,-0.27500775,0.8730188,0.91382205
-0.4810073,0.0882939,0.83816004,-0.38291478
-0.9522272,-1.3631744,-1.3587354,0.3311396
-0.4531059,0.14086036,0.18266614,0.06782216
-0.40192512,0.8968926,-0.27145904,1.2003303
-0.4642683,-0.48592094,0.9670001,-0.025794942
-1.3973079,-0.21364693,-1.1365615,0.10432821
1.0048978,0.38512975,-1.2514496,-0.27033523
-0.9723747,-0.8403268,0.48419413,-0.26836705
-1.6069448,0.32681173,-0.6472125,-0.9881822
-0.11803439,0.29696366,-0.36410207,-0.09883974
1.6396515,-1.7346151,-0.87678915,0.5836677
0.21897624,-1.5719188,0.6148711,-0.15207957
-0.6864078,0.44810548,-0.15477014,-0.55154586
-0.77689946,-0.9990765,1.3204875,0.5808798
-0.42061886,-1.3694847,-1.5420313,-0.8711359
-1.9591482,-0.84961396,1.3866659,-0.049980376
-0.4798432,-0.9021635,0.9690438,0.14876506
-1.1234015,0.9799744,-0.2256187,-0.50141054
1.3666325,0.0259389,0.011157317,0.61731863
1.0980331,-0.24379003,-0.14953391,1.0162549
-0.91697586,-0.41937116,1.6798062,0.03633832
0.83501256,0.07741503,1.8751142,-0.55394834
0.9556893,-0.34434366,0.8742202,0.4305843
0.56674427,0.6974661,-0.24498715,-0.055628035
0.41244015,1.1004255,0.2436139,-0.5985859
-0.81766886,-0.84351766,1.1518894,1.2651619
-0.7514625,2.451767,0.49340227,-0.8565823
-0.5796312,0.4231589,0.48470044,-0.37859705
-0.9141389,-0.213495,0.6803748,1.0654407
0.029234998,0.029796816,0.2584702,-0.0786997
-2.0091484,0.51728743,-0.18536887,0.28801855
1.1368026,-0.46202308,-1.5242108,0.45782748
-0.44462103,0.22968741,0.7770987,-0.859108
0.25708705,-0.1512124,-1.5783573,1.7488389
0.4447382,-0.44853404,0.46918508,0.29245177
0.68254876,0.3057305,0.14791957,-0.7355931
0.94917107,2.1566691,1.2526218,-0.4934675
-0.6138801,1.9060112,-2.6616683,-0.8064939
0.46264803,-0.60976714,-1.0585122,-0.46615878
-0.5192331,-0.5447245,0.28292063,-0.2891391
1.3235799,-1.4310522,0.9199957,-0.8971723
0.31631097,0.6835746,-1.0277914,1.7631898
-0.9958177,-0.16239923,0.7845794,0.31391668
0.8966553,1.6665885,-0.27406618,-0.97472495
-0.16542442,-0.6427656,0.19422843,-0.86326784
-0.14308697,0.9160131,-0.5482845,0.3592337
2.2649422,0.20071022,-0.059443075,-0.06626026
0.3056666,0.9682738,1.3503168,1.9592909
0.378061,-0.7541456,0.11629639,-0.74663335
-1.8731203,-0.048931476,-0.3085173,0.19560605
0.1253796,0.48440674,0.690913,-0.49437574
1.2882638,-0.27438107,0.72723585,-0.44317383
-0.20051996,-0.9753521,1.0049475,-1.0436975
0.10683022,-0.6704458,1.2329243,-0.06631792
1.2447834,0.16094036,-1.0558021,-0.42135546
-1.806272,0.29948682,1.4075472,-1.2698709
0.5815136,0.75761086,-0.049171247,1.9190052
-1.4734851,0.68240803,-2.2112324,-0.5231765
-0.58636487,0.8325582,0.5589971,-1.411425
-1.1906335,0.49197552,0.25755793,-0.13407852
-0.53948444,-0.81469023,1.0094454,-0.4893012
-0.43994427,0.79519665,1.6269066,-0.1595484
-0.33625716,-0.2770425,-0.27284053,0.97531885
0.9449088,0.4937883,-0.53974324,-0.67251956
-1.0604441,0.24045266,-0.6842278,-1.0035547
0.26782158,-0.2929597,-1.6411763,2.4868906
0.7775912,-0.37125197,-0.1529713,-0.056908343
0.5817719,-0.381733,0.24337322,-0.7295853
-0.4206087,-1.6916429,-2.3329103,0.6211312
-0.779806,0.06470191,0.3110732,-0.15198958
0.03477142,-0.468309,-1.3430429,0.16514623
0.34536806,0.48055115,-0.13144173,0.4773748
1.9884766,-0.2081744,-0.11698136,-0.571103
-0.7645464,-0.4289209,-0.99943787,0.034743525
0.5375839,0.27788255,-1.1944609,-0.34620225
-0.08967324,-0.532576,-0.7670227,-0.69072586
-0.17940338,0.023823045,-0.6465405,-1.2740453
0.22648911,0.1669523,-0.5864827,-0.323745
-0.8039335,-0.5795616,-0.21049897,-0.34521648
0.53809017,-0.92530054,-0.7544566,0.36961028
0.6718609,-0.15955806,-1.5641289,0.19220369
-0.85965985,-0.5608116,-0.65132266,0.41018587
-0.25767913,1.0148903,1.3337944,-0.06386559
-0.96740043,-1.1917342,0.7442658,1.1422561
0.50476736,0.6282705,0.04623358,0.80098957
-0.59157485,-0.13378973,1.2929888,1.969825
0.49381918,-0.3841153,0.5193209,-0.3640989
-0.827831,-0.08721623,-0.2620777,-0.15836759
-0.37162617,-0.3912069,-1.4186994,-0.7263877
0.025518494,-0.64173687,-0.017672831,0.940848
-0.14444423,0.45672837,-0.5775672,-0.2826703
0.31074965,-0.29201356,-0.113218576,-0.86560994
-0.08701602,0.21683869,0.69851595,1.1024132
-1.6166028,0.4058732,-0.7884896,1.2035264
0.05859078,-0.59702027,0.52683544,0.2719662
-0.677711,-0.8052236,0.7053148,0.52497196
-0.56648946,2.4991784,1.1114384,0.53094035
-0.78957057,-0.1920715,-2.7859828,0.69056815
0.1097832,-1.0029732,-0.024451904,-1.5464141
1.3182557,0.03508777,-0.026086431,1.1384023
-0.19584173,-0.3457844,0.37727198,0.24828582
-0.29934204,-0.6010677,-0.11619769,-0.38254145
-0.21252845,0.13728175,0.40799376,-0.28415498
-0.34670645,1.2725235,0.2518794,1.4741366
-0.07366695,-0.025920836,0.23327827,-0.37428522
0.6121985,-0.19998452,-0.28198186,0.32740977
-0.28045794,-0.9135306,1.2412165,-1.062907
1.4690422,-0.46612942,-0.07821256,-0.9597352
-0.06878662,1.0553372,-0.6434776,-0.2398136
0.86473286,0.6399742,-0.7058426,0.7299466
-0.14029068,0.760887,-0.13958916,-1.2079133
0.536724,-0.31212866,-0.15666105,-0.27634808
0.09734124,-0.15571864,-0.7454474,-0.67484534
-0.79254115,-0.31703755,0.5481888,0.106700316
1.8494322,0.55490947,0.7478391,-0.6705965
-0.91807276,-0.38142464,0.17989202,-0.42531827
-0.24497794,-0.34189308,-0.11519515,-0.5716822
-1.2753189,-0.77278346,0.6040153,0.091091976
-0.6855526,1.1532397,0.9712278,-1.344444
0.63911325,0.21221967,1.2666026,-0.09236287
0.2946685,0.37327296,0.9070587,1.535541
-0.19440575,-0.40399176,0.018519675,0.18224835
0.052991323,1.0523012,0.76575845,-0.12608439
0.14800858,-0.38237184,-0.17241992,-2.1961226
-0.09736368,-0.33165306,0.03757492,-1.0682719
2.0329971,-0.3083997,0.16535783,0.3688734
-0.08060458,-0.99085206,-1.722299,0.4459519
-0.3168104,-0.27840272,-1.1678541,0.7155811
0.7235711,-0.8747052,0.6377946,-0.5165771
-0.8598339,-1.4151075,-1.4889705,0.6093477
0.9489964,-1.91943,1.4514737,-0.0022175962
1.0601081,-1.2799984,-0.027619954,0.9750398
-1.2298039,0.860306,-0.5642982,0.26232076
-0.5518366,-0.48074302,-0.6975344,-0.07273454
-1.0645038,-0.42011178,-0.7708956,0.9098626
0.33667988,-0.18092735,0.345645,-0.4369628
-0.14749861,-0.23002303,0.72238463,0.7027933
-0.3372891,-0.014660977,0.48576316,-1.0959345
-0.8199896,0.48523936,-0.14537576,1.89863
0.63871926,1.0128073,-0.75986254,0.3849605
1.8881047,-1.8063811,0.048959676,1.0678425
0.8300982,-1.1199658,0.6001742,1.573346
-0.7112326,0.103875935,0.38747653,-0.08526941
1.9460146,-0.21132012,0.19654381,-0.23064691
0.7675173,0.9953983,0.107470326,-0.372488
0.7996632,-0.1877629,0.34218743,-0.2312818
-0.4158366,-0.039222367,-0.65440613,0.29908702
-1.0209374,-1.2353382,-0.8570466,1.0679038
-0.26018605,-0.81699955,-0.26364878,-0.10171008
-0.05763031,0.19467284,0.7085339,0.4226003
-1.4859796,1.5219275,-0.16498701,0.37980407
0.6298179,-0.123680346,0.0045589656,-0.14502576
-0.7411821,-1.7422752,-1.128366,-0.07369993
0.7165089,0.92096674,-0.27328518,-0.96863496
-0.94612837,-0.08186451,1.8610678,0.6843043
-0.053625997,-0.92685306,-0.7309573,-0.4750782
-1.9133283,-0.19161,-0.7085246,-0.5827528
-0.2963376,0.24147181,-0.4608716,-0.79821026
-0.3897401,0.68156904,-0.13186313,-0.23371807
-0.7176288,-0.039884385,0.078879446,-0.48161033
-0.8517353,-0.14883158,-0.18516462,0.14168566
0.23058884,-0.3866057,-0.22795309,0.22465421
0.6434974,-0.4727421,0.76546264,0.3143253
-0.98717695,-0.27188718,-0.12415047,-0.051041834
1.1898704,1.0008931,-0.90846133,0.34779063
0.06997997,0.46472806,-0.35388163,-0.16370046
0.25112084,1.1212403,-0.287543,1.3611493
-0.74206156,-0.39865673,0.12513982,0.7019548
0.14811249,0.36449066,1.1776618,-0.14209801
-0.032235216,0.81961256,-1.2362379,0.03831752
0.035434823,0.90437216,-0.9521864,0.9031651
-0.027100008,-1.287317,1.7361556,0.45954484
-0.73432386,0.6538474,0.5198124,-0.40384203
-0.14408924,0.70184535,0.013226779,-0.19916303
0.3395312,-0.3838411,-0.96729434,-0.03869639
0.6408496,1.3303424,-1.1734973,2.256257
0.34341073,-1.7884432,-1.2793044,0.7726396
0.6491512,-1.7706019,-1.39832,0.08376198
-0.08758296,0.8866015,-0.4263707,-0.14228831
-2.010528,-0.56123203,0.3377484,0.5031245
-0.5112989,0.5114153,0.9551573,-0.29561594
-0.5690768,-0.118896104,-0.31140006,-0.23848023
-0.25844154,0.3377534,-0.42227075,1.8009965
-0.039971765,0.38706654,0.85417664,0.09121956
0.26340625,-2.2622938,-1.0860126,0.50804675
0.07726082,-0.6844213,0.20354073,0.5202707
0.22821192,0.46485847,-0.9778405,-1.2793548
0.6767212,0.21064769,-0.9612029,-0.38247955
0.8133245,0.62406456,-1.8025379,1.6525983
-2.207497,1.6211245,-0.2897194,-1.4572022
-1.5611738,0.4443391,0.01569699,-0.14642875
0.82742584,0.059383,0.11534803,0.47431043
-1.4972773,-1.7141427,0.15642413,0.8711129
1.3642623,0.047414646,0.13153209,0.733766
0.51345134,-0.04210528,-0.37425762,0.20061383
-0.5940825,-1.2671547,0.20439203,-0.18468778
0.44338426,-0.16574621,-0.3167833,1.9392086
-1.1496513,-0.06865379,0.8760462,-0.39337623
1.3037808,-0.2422279,-1.2542168,0.25857955
-0.6988039,0.24168997,0.06666357,0.8843726
-1.7764466,-1.2979947,-1.25979,-1.2959944
-0.08730165,0.19047204,-0.47235453,1.8856393
0.8235968,-0.10409715,0.6399041,-0.59137136
1.5824348,1.0267922,-0.46842092,0.64536625
0.6756536,-1.1843834,1.9456856,0.51562726
0.9317068,0.6713655,-0.4755945,-1.0245616
1.2598022,0.4581434,-0.7934825,-1.3202027
-0.28914732,0.8392982,0.30005905,0.42244467
-1.7005053,-0.68745434,1.2527777,-0.42931348
-0.8263473,0.17200181,0.31242138,-0.93824804
-0.2939544,-0.012294555,-0.050632924,-0.14406855
-0.09148094,0.08305211,-0.8930121,0.47852963
-0.092244364,-0.16273738,3.0901186,-0.41872844
1.1154181,0.034062505,0.3838912,-0.38761482
-1.685807,-0.4041016,0.9166821,-0.58765006
-0.10851257,1.2036756,0.29699892,0.032599572
-0.671397,-0.6475774,0.2782373,-0.7163748
-0.9626866,0.9097987,0.87653315,0.111936525
-0.2725688,-0.54253054,0.43496716,-0.12708534
-0.88295597,0.15289825,0.14923203,-1.0486974
-1.1706424,-1.0938296,-0.4681204,-0.6444859
0.75160587,-0.59552073,0.41628158,-0.78939587
0.39580032,0.07220894,0.0628068,0.45735028
1.5087472,0.18819338,-0.9028996,0.11255433
0.26295593,-0.48683065,-0.13333358,1.0126483
0.663625,0.01095868,2.4752681,0.8477721
-0.8554919,-0.11862618,-2.7917917,0.22891991
-0.52527505,-0.1801514,0.27199134,1.6905636
-0.73798245,-0.2605182,-0.27308756,0.25717002
-1.48028,1.0246637,-0.18825759,0.2666674
0.30725732,-0.42850393,0.37636685,0.5919238
0.004098992,0.32511395,-0.90617055,0.2882671
0.58706546,0.50978607,0.40262443,-0.11016322
0.92171246,-0.54482365,-0.57260317,-0.72037613
0.9522028,0.19636975,-0.1462125,-2.3833976
1.1148077,-0.36900046,-0.1881351,0.9714022
0.90475386,-0.14943337,0.6596636,0.51276815
0.5778826,-0.10166984,-0.48500815,-0.56841826
-0.06699106,1.0972515,0.014582757,0.69969326
0.0041489606,-1.2859027,0.70055485,-0.5069838
-0.43092906,-0.6422011,0.7672715,-0.16039844
0.1633941,0.19139351,1.4802047,-0.63076127
0.15086412,1.1301018,0.59225047,-0.9231295
-0.03870106,-0.32589754,-0.5927656,0.8728522
0.7500977,1.0448464,-0.18744549,-1.144642
-0.30394283,-0.05112197,-0.5846221,0.19648331
-0.31700027,0.22042598,-0.704712,-0.013579595
0.5569796,0.13221945,-0.55891037,-0.9477222
0.65444297,-1.0785661,-0.34063244,-0.90957075
-1.1774954,1.6625867,0.25626528,-1.249422
1.7087255,0.6417447,1.0730193,-0.97182417
0.085386455,-0.25449377,0.34223208,-0.57425547
-0.6519493,1.2979745,0.89040345,1.1342679
-0.016996646,0.062040623,1.1245077,1.0621369
2.0443292,0.07231232,0.33715105,-0.33676413
-0.2158933,0.9251355,-0.047650237,-0.6762129
-0.6441505,-1.260414,0.52820736,0.4514702
-1.0363567,-0.9601036,-0.055591915,-0.054664906
0.61892474,1.0752381,-1.6643788,0.8798875
-0.8790981,-1.1874073,-0.09306553,1.2162411
-0.14873119,-1.0477725,-0.16269214,-0.21906957
0.70155084,-0.7992276,-1.0409038,-0.20881073
1.4612092,-0.9380826,-0.71043926,1.4047425
-0.9108725,-0.027725818,0.02515844,0.39695838
-0.5226452,0.40664688,0.39739555,-0.3226441
-0.33981046,1.31841,0.34185338,-0.19475456
0.20841582,-1.1085438,0.21038905,-1.1224575
0.17681329,-0.5807156,1.4687203,0.864787
0.17430261,0.46624878,0.7698619,1.1220075
0.015388812,0.11680372,1.0899515,-0.23976628
-0.9820005,0.40893158,-0.42443117,0.32843837
0.08369315,0.32694596,0.60205024,0.7585018
-1.6207746,-0.8864835,0.8336752,0.28298482
-1.0064393,-0.018676214,1.606728,-0.45019218
1.2050195,1.6976775,-0.6750828,0.5226256
0.16142952,0.3326714,0.9185673,0.14147757
-1.085318,-1.3132296,-1.3660264,-1.442962
1.9378446,-1.4800005,0.42085776,-0.2665682
-1.8526962,-0.157979,0.5610479,0.9747429
0.7901846,0.6533938,-0.6959832,1.8095106
1.5675642,-0.5441605,1.4679991,0.52114433
0.70197797,-0.4687369,0.60637224,0.24520665
0.04507819,1.3820354,0.24945863,0.7964807
-0.39358446,0.07747586,-0.83946806,0.6936304
1.9107817,1.2437216,1.03081,0.009109989
0.29320416,-0.4664967,0.4909013,0.4717412
0.054654792,1.0687425,-0.7572437,-0.6078665
0.8063248,0.11823533,0.90824974,-0.38650858
0.4649586,0.53847927,-0.7366234,-0.60414517
-0.18662943,-0.6318745,-1.5954354,-0.53547865
0.75562197,-0.519681,-0.3464475,-1.0113679
0.32580408,-0.496296,-0.46043926,-0.19829544
1.044498,-0.6116494,-0.8676827,0.6634745
-0.09895936,0.2525357,0.45782664,1.2082083
-0.15286106,-1.2323879,-0.4869248,0.31242073
-0.7659225,0.8199799,1.052525,0.9515575
-0.83099353,-0.9909314,-0.8157684,0.97901046
0.056605615,0.70161366,0.037515417,0.32472664
0.3356113,0.16983265,0.5103353,0.32307863
-1.1268685,0.6367462,1.7407762,-0.87184113
0.039815508,-1.4856617,0.8621809,0.24104124
-0.8265608,0.52327263,-0.3889649,1.0969889
-1.5116569,-1.0532016,0.14330497,0.0032084251
-0.0467056,-0.25156337,1.6915107,-1.1701748
-0.88059723,-0.7317653,-0.83615917,-1.0132601
1.1229515,0.6735228,0.21130465,0.050069124
0.72912174,-0.5132758,-0.56497115,-1.3952792
1.0581753,1.4965773,0.65131277,-0.7748015
-0.59437054,0.667865,0.88512963,-0.21727288
-0.7834985,0.6925057,-0.25602216,-0.84959424
-0.6347224,-0.11214618,-1.0509375,0.10382007
-0.5038039,-0.99706423,0.34254986,0.4968213
-0.13039136,-1.3639834,-0.56793195,0.1322133
-0.5495945,-0.08486019,-1.3033423,0.30470666
-0.58503824,-0.03313264,-0.00946959,-0.29815733
-0.29768577,-0.9118503,-0.85535973,-1.8907166
0.67594934,-0.56418115,1.09575,-1.2352234
-1.2298745,0.8262535,-0.18704057,-2.0429235
1.2178679,0.2102392,-0.507095,1.3017088
0.3766453,-0.79986477,0.79263335,0.7992089
-0.97222435,-0.9687659,1.4003055,-0.12182158
-0.40427476,0.3519261,-0.070170686,-0.71645397
-1.0852267,-1.9191021,0.35727108,-0.20326984
0.16919409,0.36250547,-0.2861711,-0.97111064
1.6207589,1.3849417,-0.16479877,-0.50992924
-0.6400708,0.2577322,-1.5030856,0.18823345
-0.6670313,-0.093554996,1.0850239,0.0030154367
2.3773744,0.17139876,-1.1851861,0.39604586
-0.5338091,-2.1395578,1.2160916,-1.1101887
0.6577134,-0.26339996,-0.32800606,-1.1116241
1.0813452,-0.25629044,0.032586806,0.39681444
0.49876842,0.9008943,-0.8631773,0.303572
0.14573975,-1.1321253,0.826969,-0.07416173
0.32185143,0.74336773,-0.616298,-0.016015971
1.0540458,-0.8188156,0.6335032,-0.034859825
-1.4891688,0.22544816,-0.9978381,0.18169992
0.5846779,0.013718681,1.3193073,-0.3330211
1.7776697,0.62984246,-0.93782413,0.4021848
-1.3992392,0.23870103,2.2172112,0.8264785
-0.054473136,0.43813425,0.9649835,-0.8169145
-1.4353963,0.76510215,-0.3548274,-0.46016043
-0.22484884,-0.11309381,0.018219655,-0.048278287
-1.7523835,-0.5727649,0.5363291,0.010722795
0.7382873,-1.0176771,-0.12404033,-0.16350135
0.33939496,0.1751577,1.7803142,-0.33433494
0.40338033,0.74025434,-0.70528716,0.216871
0.27661982,0.13174078,0.14902668,1.2730386
0.79948395,-1.5404338,-0.17171687,0.24903998
-0.94179773,0.53290236,-0.4392245,-0.5654219
-0.61348546,-0.12508175,0.9766976,-1.211062
0.5539089,0.5154803,-0.3782331,-0.42127645
0.359661,-0.23316246,0.7127361,-1.0160747
-1.0835364,0.97309977,-0.044149954,0.033942934
0.61149913,-1.339701,0.14532146,-1.9248426
-1.181049,-0.3802735,-0.47698405,-1.6549487
-0.68971163,0.66312003,-0.10152166,0.13718224
1.0624305,-0.6138511,-2.7358928,-0.17259562
-0.41896373,-1.4378203,-0.8508305,0.62135834
-0.934303,-0.3281201,0.4918499,0.07176753
0.2911829,0.14417972,0.4961423,-0.7810578
-1.3171794,0.1658044,-0.60385114,-1.6848809
0.85171676,-0.12591684,-1.6508921,1.5812242
-0.18101104,-0.5563075,-0.10719078,-0.6654756
1.5692894,1.2440296,-0.97529095,-0.55778056
-0.4940857,-0.3889581,-0.550596,0.34755805
-0.52048033,0.9756894,0.9080062,-0.8826998
-0.07346148,1.068554,-0.92557925,1.0030471
-0.21095717,-0.6336483,-0.32949597,-1.2257279
-0.8749811,-0.027875913,0.7471122,-1.5275751
-0.710583,-0.813601,-0.90351504,0.12569708
0.27062994,1.0745016,-0.58701277,0.042516507
-0.5905478,-0.5113917,-0.864753,-0.86430097
0.2558316,0.8385706,1.5321882,1.4722683
-0.38368383,-0.27891436,0.54847383,0.1180982
0.18313807,1.5968156,-1.0438019,-0.47107917
1.0737249,2.1675887,-1.1658705,-1.456189
-1.0917058,-0.09422818,-0.10637768,-0.4365959
-0.4327704,-0.43860883,-0.55741954,0.15320024
-0.797052,-0.09043754,-0.2143099,0.62498814
-0.15885846,-1.3942461,-0.19992559,-0.36817685
-0.23297378,-2.2746606,1.2971517,0.54982203
-0.88126934,-1.4010603,-0.28018785,-0.23979107
0.6399329,0.11549004,0.33062848,0.34621936
0.7361102,-0.224174,-0.62346,-0.23660065
0.39933583,0.6276864,0.53254384,0.047590964
1.1833463,0.3077172,0.7275671,0.36506638
-0.63481945,0.5328916,0.57857394,-0.83201945
-0.6611662,-1.9664723,1.3472497,2.0371351
0.90212303,0.89221925,-1.1878682,-0.8734882
-1.1314015,-0.7533734,0.055616125,-0.24375914
0.5583261,0.4579646,0.06524875,1.2096078
1.1450167,-0.18159695,-0.5242511,-0.9960098
0.13508064,0.6895024,0.7166095,-0.5502773
-0.10161592,0.16373953,1.0114532,0.6257543
-1.3124777,1.2603648,-0.7030704,-0.59429413
0.122911714,-0.57839274,0.18192464,0.57278913
0.4033399,-0.6373397,-0.47920147,-0.121145785
0.7362658,0.37902784,0.2638708,-0.17836528
-0.66335815,1.1516225,0.39760172,-0.27956507
0.8434971,1.009884,0.8174397,0.45029318
0.9538139,0.047101505,-2.0886254,-0.66244185
0.9727892,0.13495055,0.062269308,0.5526289
-1.1178225,0.2403375,0.8875027,-2.0301495
0.50326943,1.010355,0.69729626,0.4385835
1.3297966,0.090608865,-0.24483903,0.31304806
0.2750951,0.114307076,-0.46459764,-0.5332627
-1.3051021,1.0013359,-1.3372691,-1.4164244
0.6526974,-0.2948627,0.8015741,-0.12870316
-0.81141865,0.19834432,-1.4918295,1.4108789
-0.42426652,1.6001736,-0.47789705,-0.46613923
0.31454486,0.4250032,-0.42671546,0.04835916
0.9422629,0.3225656,-0.63681287,1.918886
0.41862798,-0.24621621,0.35454863,-0.4391852
0.37793088,-0.83835226,-0.1118526,-0.20034046
-0.0050498503,-0.8637778,1.5322069,-0.30067974
0.34479067,-0.06291523,-0.24018942,0.18986614
0.23768896,0.6325678,0.5076438,1.4796302
-0.24762376,-0.20275566,-1.4508458,0.5413386
1.1327915,0.2374261,-0.23306681,0.21946654
0.83494,0.8412909,-0.76911956,0.5715145
0.013715099,0.9712311,0.7393116,-0.18911567
-0.52015495,0.25119296,0.071613625,-0.698783
-1.4219666,-0.87108463,0.27358064,0.033211667
0.03750524,0.6526515,-0.3246486,1.2140878
-0.80419713,-0.09349441,0.16012898,-0.554107
-1.148146,-0.40501195,-1.2116004,0.1494905
0.05115487,-0.3897813,-0.9527186,-0.061645802
-1.8461692,-2.0956514,0.9171489,0.13079329
-0.41790697,0.15544404,0.26292887,-1.6825135
0.42376226,-0.14623158,0.16263716,-1.3117058
0.3434402,0.5978139,0.6210055,-0.3511574
-0.64125836,0.8119774,0.8640272,1.3407195
-0.06326391,0.0977589,0.49895966,-0.9249049
-0.30798718,-0.67790294,-0.11649236,0.77868956
1.5958947,-0.4273159,-1.1673152,-0.31426695
-0.1532022,-0.5601583,-0.41679898,-0.262034
-0.62831914,-1.496961,0.48902294,0.16940245
-0.2373727,-0.52271575,-0.6568543,0.8044118
0.65874046,-0.17410335,2.1329741,0.1808948
-0.15261938,-0.50741404,-0.92343694,-0.052536916
-0.21486047,0.9139323,-0.7960959,1.0422748
-0.7893373,0.06766513,-0.5703738,-0.34116665
-1.1255307,0.57379115,-0.042162433,0.4175864
-0.111526795,0.51113385,0.049506422,-0.9570801
-0.32754335,0.22636142,0.48881313,1.1806272
-0.771201,0.4716589,0.26268557,1.1096439
-1.0275488,1.9927715,0.37307364,-0.26006386
0.25672075,-0.89587224,-0.52002186,-0.4589261
-0.99519646,-0.3886812,-0.5508777,0.37326664
1.4553095,-1.148206,-0.24404751,0.8649987
-0.34618253,0.4622716,0.23157525,-0.24407212
-0.574345,-0.049485188,0.74515665,-0.45992175
0.13476084,1.2117262,0.34458533,0.37747967
0.12713382,1.5115349,-0.5846274,0.65151316
-0.0886341,-0.47393027,-0.52435744,-0.11134003
0.007653344,0.32634538,-1.2564381,-0.17112045
-0.4463837,-0.6732163,0.51441914,-1.973783
-1.6771373,-0.8852981,-0.123036474,0.037640218
-0.56968284,-0.75990015,0.32932144,0.2982362
0.042909987,0.32301208,-0.5564651,0.9276713
0.43780133,-0.7717633,-0.962583,0.782828
1.2686683,0.3903278,0.17099111,1.6612669
-0.104070246,1.193024,-0.3117697,-0.3837323
0.7572604,0.20858069,-0.43515337,-0.62492317
0.81415343,-0.96408755,0.59223413,-1.0432223
0.41125852,0.32138836,-0.17431381,-1.1068559
-0.3999581,-0.10371073,0.1581253,0.30787706
0.2880082,-0.12326166,-1.0475885,0.24412975
0.23466192,1.2092673,0.95499146,-0.15293516
-2.4356728,-0.49352098,-0.37255114,0.0552983
0.5163274,0.45332688,-0.121812545,-0.5149681
1.1581475,1.1425065,-1.5869442,0.72669345
0.516743,-1.1483195,1.39742,-0.32128453
-1.549559,-0.34712857,-0.10422878,-0.02719794
-0.095166504,0.6216364,0.9485508,1.1868563
-0.17133862,0.36108378,0.83710474,0.18800698
0.6067845,0.14018442,0.6119424,0.109174564
0.96595085,0.6866468,-0.99594605,0.6033658
1.1978241,0.08175882,-0.15811574,-1.0029573
0.6416521,0.13755931,0.809667,-0.9768878
0.033863794,0.06480421,0.57032764,0.21290319
1.4529246,0.13534719,0.9680943,0.1726737
-0.494595,-0.09197863,0.08742555,1.8586996
0.82776254,-0.37138087,0.83785,-1.4653764
0.07025304,-1.0331502,-0.08680505,-0.048145615
0.8723635,-1.3165727,-0.90306705,0.31232947
-1.0156772,-0.21588004,-1.8256136,-0.56336623
1.2001189,-0.2695522,1.1112529,0.3269355
-0.17771271,1.7527938,-0.3164353,0.82098055
-0.07068827,-0.270607,-0.06012459,0.48951042
-0.35505155,0.5069167,0.6810061,0.63287914
-0.107262984,0.2605083,0.20076014,-0.6633839
1.2931046,-0.078789465,-0.5255695,-0.28832275
0.5200004,0.5553618,0.64423454,-0.13331708
1.2564573,3.0979624,1.0813514,-0.46618673
-0.3108181,-0.4573421,-0.41675237,0.45444897
-0.32535958,0.38535115,-0.27451253,0.2576736
-0.043806005,-0.19959067,0.791496,0.77374023
0.30979815,-0.061362617,1.5023993,-0.91599166
0.80713487,0.47999015,-0.37993425,0.3388355
0.3203435,-1.0344493,0.32075143,-0.37729535
-0.38862514,-2.2053177,0.5611677,-0.74243736
0.28861058,-0.49423575,-0.19420293,-0.366644
-0.031921986,2.63726,0.52583516,-1.189429
-0.2818604,-0.16493233,0.59693277,0.41337386
0.33949074,2.259664,0.22049089,1.1312348
0.005409918,0.8697321,-1.2513165,-0.35903397
-0.040827382,-0.48297933,-0.29632595,-0.3363993
0.456992,-0.55078036,1.1214875,-0.57133025
1.1221129,-0.68545955,-1.130133,-0.40161526
-0.05547591,-1.0207566,-0.31106976,0.86789185
-0.0013316326,0.14875528,-0.1468672,0.105585225
1.0757432,0.8618583,-0.27624112,-0.62409514
-1.2865393,0.24165665,-2.0398695,1.3763275
0.71434164,-0.9116327,-0.28429788,-0.07441627
0.92333764,0.06830667,-1.0234679,-0.29706565
0.37552512,-0.5436217,0.3577482,1.9718478
0.036551807,0.21974304,0.27262926,0.8163354
-1.4034745,-0.39098406,0.16220513,0.080435015
0.08100913,0.9665432,-1.0102311,-0.89827067
-0.13621326,-0.821339,-0.15635763,-0.93874013
0.47869006,-1.314504,-1.3979106,0.4358503
-1.4051139,-0.21688472,-0.91757244,-0.25769326
-0.7352256,-0.7972514,-0.0008816165,0.17621483
-0.037582695,0.6238091,-1.0326252,-0.08264735
-0.11767642,0.4146547,1.4716152,0.009400731
-0.28469267,0.08503957,0.37977982,-0.8889652
0.43694946,0.18426126,0.69450754,0.42158777
-0.073186815,-0.66191876,0.38400686,-0.3066468
-1.344443,0.534728,-0.85596395,-0.88260806
1.8186595,1.60451,-0.24618602,-0.29470256
0.21394369,0.46700075,-0.43524984,1.1716152
0.66354775,-0.6024175,-0.7095138,-0.30242127
-0.44437197,-0.78950375,1.7063406,-0.047821827
0.41013998,0.09274998,0.44719335,-0.55628526
0.4494728,-0.24857672,0.17687975,0.36941692
1.1796279,0.41917497,-0.7013446,0.19126546
-1.1929893,0.39349118,-0.27446824,-0.69678825
-0.90483505,0.24839045,-0.9406312,1.1860863
-0.5711494,-0.31486705,0.5147001,-0.41923138
1.0550814,-0.04578291,1.4653585,-0.117747605
0.38115403,1.1382172,-0.53112495,0.5577702
0.10769416,1.4732046,-0.6734422,0.468594
1.350013,-0.5840483,0.13963,-0.53043747
-1.4242747,-0.3732956,0.04558047,1.0695119
0.9707915,-0.63481617,-0.94739914,-0.7404032
1.4436123,0.18800184,0.1267409,-0.17697394
0.43645072,-0.4589994,1.1341834,-0.17229663
-1.8102139,1.8964393,-1.232394,0.29620194
-0.27316368,0.513462,0.25456122,-0.52005494
-1.2445261,0.29178336,-0.34324327,0.41615364
-0.12027184,-0.17053704,-0.2621734,-0.22524516
-0.005068311,0.19205654,0.31983072,0.35522577
0.08529517,-0.5113055,-0.64075404,-1.006417
-0.17360799,-1.4157485,0.2842557,-0.9038434
0.20082538,0.6207925,0.24417755,-1.8241634
0.85267603,-0.5994793,-0.6829467,0.4633252
-0.4124227,0.88430953,-0.57804996,-0.35757858
0.029364629,0.55261135,-2.0371702,-0.46945086
0.059268553,-0.2625394,-0.5262606,0.978282
0.6841162,-0.5060027,-0.022482187,-0.84829414
1.2181071,-0.47657955,-0.17340358,0.25069612
0.7922859,-0.8489671,-0.13392174,-0.59927267
0.03434258,-0.036445208,-0.92819947,-0.0862008
0.22536533,-0.55184907,-0.9424844,-0.09276757
0.22362521,1.059108,1.667415,1.120092
-0.63161844,0.30752543,0.75098044,0.070471466
0.42217153,0.0063944794,1.7408732,0.44920793
1.354865,-1.000697,-0.45454267,-0.689945
-1.0032257,-0.34195665,-0.21697807,-1.153544
-0.6806855,0.68097454,-1.0615299,0.28940114
0.47570655,0.74034125,-0.81597966,-0.28450498
-1.0185475,0.7866512,-0.48574188,1.2262564
0.15784739,0.18187062,-0.4757329,-0.7711966
0.15388231,-0.08190657,-0.6386854,0.9170352
0.68742055,-0.47790843,1.8856722,0.2164842
-0.6750815,0.34668788,0.054101665,0.06497078
-0.36308035,-0.039515886,0.14525975,-0.6159156
0.9249575,0.89742994,-0.33689278,1.1269991
0.3604863,-0.6142961,0.43319407,0.9656651
0.10778431,0.7417788,-0.8669572,1.2770867
0.017234521,-0.06749556,1.7429281,0.5817429
0.028030926,-0.0339878,1.2810798,-0.012901364
0.73918325,-0.7853261,-0.17207573,-0.2546741
-1.6704112,-0.08971583,0.116028436,-0.12612392
-0.41763628,-0.037721194,0.13839838,0.72472686
0.019491041,-0.3468781,-0.16875339,-1.762841
0.314206,0.6219553,0.5088685,-1.3026165
2.0872211,0.53673744,-0.53383815,0.33356583
-0.7116319,-0.9846729,0.66596437,-0.8933695
-0.4906481,-0.96444726,-0.44864812,-0.22025844
-0.7634012,-0.9466105,0.29806542,0.26970193
2.020169,-0.72240204,0.40135816,1.1244963
0.78959465,0.16780075,0.36481884,-1.4932579
1.9157366,0.8785377,-0.18291914,0.66195375
-1.2372832,-0.7089717,-0.81899273,-0.59355533
-0.3766413,-0.84621114,0.5566267,1.1177132
-0.64948833,-0.17741698,0.050505206,-0.15328003
0.42699805,-1.7849426,-0.59422475,0.9905883
1.0231775,0.53963774,-0.20895842,0.6951313
-0.20924619,-0.17440493,-0.78239495,1.0125127
1.4736584,0.26386344,-0.8718551,-0.70853317
-1.0117031,-0.067460485,0.4530571,0.1687638
-0.10273577,0.05255486,0.97268385,0.02476658
-0.52639776,1.0119001,0.76670474,0.7727838
-0.8998267,-1.319472,-0.69565433,-0.29177827
-1.72237,-1.1217906,0.39264122,-0.3723051
1.3107494,1.186196,-0.85015833,0.13058928
0.7657727,1.9702336,1.023111,0.08087214
1.8202424,1.2925647,2.6598876,1.2675631
-0.71234506,-0.20642185,0.018193917,0.44892743
-1.2625904,-0.8874012,1.7158651,1.3172016
-0.93431884,0.31059405,-0.51279193,-1.4179742
0.9266389,0.81805205,-0.689141,-1.3603945
0.69934624,0.66347843,-0.14393204,0.35436037
0.661179,-0.06297037,-0.06670212,-1.5391574
0.7438442,-0.0699094,0.9358134,0.12603267
-0.6534196,-0.4541441,-0.77246827,-0.18474554
1.3684899,1.0955485,-0.17052701,-0.57235646
-0.21185029,-0.8553001,-0.06434292,-0.012615246
-0.8181897,-0.15868244,-1.2474147,1.3084354
1.6153852,-0.033705924,0.38644582,-0.8709819
1.256879,0.7983946,-2.2938542,0.31532267
0.07148413,-0.59101504,-0.7785925,0.19930659
0.7133003,0.32307434,-0.0025672913,-0.07021357
-0.58717865,-1.739934,0.79184175,-0.8894216
1.2181647,0.1617906,-0.44831708,-0.91968733
0.7683965,1.3207831,-0.016402146,0.849815
0.6987673,0.8759862,-0.15799657,-0.13484012
-0.16037714,-0.6342127,-1.9715109,-0.1321212
1.02298,0.16603911,-0.24428202,-0.33113283
0.26846787,-0.50529313,1.3172176,0.12337967
0.7797773,-0.9406012,0.5565649,1.0491685
-1.0169282,-0.8690685,-1.5027181,1.1300055
0.9216981,0.20755778,0.8049819,0.18867597
-0.47692472,-1.2753544,0.34994295,-0.25368282
-1.2852374,-0.014893251,-0.15201487,0.60023135
-0.20420665,1.1019019,0.17691714,-1.0827714
-0.1955688,-1.4907281,-1.4649732,0.8522932
-0.6920403,0.48690096,-1.1850827,-1.888289
-0.51642853,-1.2158043,1.1395954,-0.36720046
-0.107245654,0.16696122,-0.5515019,0.6713177
1.3362182,0.19671765,-1.2607093,0.09358861
1.3542558,0.39294755,0.8944057,0.6996716
-1.294789,-1.47474,0.50039184,0.34382552
-1.4610941,-0.5931968,0.9489379,-0.075075775
-1.0105482,-0.33922312,-0.1873493,0.264365
0.5034682,-0.51637775,-0.1741559,-0.6705713
1.1365693,1.7391135,-0.06073122,-0.011420004
-1.2729025,-1.0492669,-2.265053,-0.84864885
-1.1215371,-0.10076053,0.18912907,-0.2793512
1.1366109,-0.1942948,-0.2743076,-0.2954057
-0.9539537,0.13157494,-0.13000719,-0.17295663
-0.2699335,-0.04134713,0.59700197,-1.5711497
1.0089525,0.24023509,1.3521432,-0.7799939
0.01336326,0.19532114,0.8117044,1.2779852
-0.026526442,0.7060545,-0.7986431,-1.362526
0.2753091,-0.6864421,-0.38325325,0.12893473
0.3167664,1.0971051,-1.1461205,0.7064372
-0.65931237,-1.9397289,0.15580827,1.0310054
-0.09613747,-0.306183,0.25722754,1.9718388
0.60987896,-1.2441989,0.38910386,0.4286815
0.42567018,-0.7889462,-1.1351097,0.085334815
-0.08091081,0.7845857,-1.009109,0.5532091
1.1539576,0.23381826,-0.7014487,-0.5097908
-0.49698147,0.4025031,0.04510756,-0.45635998
0.27743688,-0.11566684,-0.90115035,-0.4220588
0.0055384175,-0.1773829,-0.79062146,0.67985594
-0.16660368,2.411971,0.7554296,-0.71108186
-0.59848917,1.0721772,-1.4028488,-0.037239973
0.47898972,-0.35446042,-0.19537239,0.6394329
0.66284215,0.2571142,-0.07291509,1.6795411
-0.48994625,-0.42697495,1.1366998,1.3008358
-0.059737805,0.015162354,0.1692233,-0.41367692
0.65422803,1.1118156,-0.14457174,0.36348754
0.40991753,-1.016531,1.7611334,1.1788765
0.035151456,-0.6370754,1.1123927,0.26592305
-0.18345241,-0.3267496,-1.0596118,1.4884614
-0.006460898,0.14573886,-0.050663143,0.3709158
-0.23443592,0.1119477,0.16912892,2.103044
-0.058518082,-1.3143859,-0.40807477,2.6344502
0.7345278,-0.08267394,0.91371137,0.48230237
0.9479889,0.059753597,0.13721631,-1.5212448
-0.41608775,-0.622855,-0.6920734,-2.1035008
0.029430943,1.049581,-2.0488224,1.2715906
0.27357775,2.2579803,-2.0358465,0.55932415
0.14574231,0.43746248,-0.045280017,1.5895468
-0.999757,0.44480082,0.46247518,0.7992002
-0.14273351,-0.40136772,0.535699,0.12029769
-0.9374909,-1.0905747,0.116761565,0.51548207
1.1835483,-0.49124318,-0.07540551,-0.9418907
-1.4922333,-0.36048898,-0.6481208,0.16100359
0.25453293,0.8260575,0.24034984,0.5990026
0.018233426,-0.08138314,-0.67013395,0.42922884
0.17693347,-0.18545756,-0.119471475,-0.18620862
-0.49584454,-0.6012334,-0.65508646,0.58440006
0.40057147,1.7088516,0.084646225,-0.8837738
-2.2753928,1.0995238,0.48609468,0.21984884
0.73057616,0.062645264,-1.372684,0.86181134
-1.1396631,-1.4250365,-0.44334027,-0.087380804
1.0709839,0.2539,-0.2644255,1.8410938
0.37730774,-0.05145831,-1.3407407,-1.8116587
0.44585907,-0.95950806,-0.9988989,-0.5395722
0.2983376,-0.0070006866,-0.9048054,-0.1834801
-0.3739974,-0.21923605,0.4037973,0.056470096
0.23317483,-0.6862817,1.5528363,0.07923302
-0.92114395,1.2231236,-0.94674736,0.28553772
-0.3976995,-1.4240631,1.8775249,0.48750067
0.4153641,-1.4924616,-1.0611314,2.0309596
-0.12968303,0.8973165,-0.25200012,0.7412462
-0.16849667,-1.4834816,-0.06539879,1.5340831
-0.8696299,0.15021366,0.72831464,2.818148
-0.2106439,-1.0654293,0.89855087,0.48407614
-0.6448337,1.2924365,0.16067494,-0.4711184
1.3871676,0.46129772,-0.17749326,-1.0700587
-0.58983105,-0.62304324,-0.41280347,2.0602884
1.1142529,-0.4356713,-0.615766,0.17075461
0.1385471,-0.5579254,-1.6972551,-1.7060952
0.6387738,0.3265917,0.16642126,-0.103464596
-0.9045108,-0.13665876,0.29884455,0.5144491
0.9538555,-0.41523734,1.3911438,-0.05781154
-1.1339047,0.7998455,-0.13655882,0.47643402
-0.33895206,-0.70622295,-1.9993746,-1.8527938
-0.26240012,0.06920776,-0.62758523,-0.7547629
-1.296938,-1.1392978,-0.8311658,0.48618907
-0.10949308,-1.8438941,-0.86355907,-0.1952738
0.6477344,1.5331947,-0.6430658,0.8813015
0.35694188,1.8498479,0.3949349,0.18219753
1.0982023,-0.19864775,-0.31520447,0.26274607
1.1720031,-0.58288443,0.21389385,-0.8756814
0.3655418,-0.31511542,-0.8801675,-0.3030617
-1.5292513,0.42178676,0.3687172,1.7915906
1.0874146,0.5460981,-1.6448683,0.03302437
-0.7050776,-0.19161311,0.19453776,-0.2038887
-0.39990187,0.9621196,0.13716906,0.04522826
-0.679855,-0.5747584,-0.54031557,0.8833845
0.03631052,-0.22750637,-0.23162165,-1.6563114
0.34557003,2.0047586,0.568911,-0.4541291
-0.2101721,-0.6037897,-0.031983253,-0.39164695
0.04343187,0.6353021,1.0254732,-1.2365237
0.07097446,0.10897289,0.8089202,0.85573846
0.097137235,1.1190603,0.90288585,-0.17480054
0.02270991,0.09655944,0.8323737,0.38680425
-0.7729203,0.867015,-0.49839053,-0.9261654
0.259884,-0.92228234,0.0062233675,-0.87072545
-1.888784,0.02923519,-1.4161601,0.96357524
-0.86084443,0.4729342,0.08924887,-0.9319432
2.486087,0.48141536,-0.25435197,-0.5228601
-0.9128225,-0.0034957218,1.4487407,-0.3445221
-0.5513208,-1.2362889,0.18880808,-0.9296021
0.6863891,-1.9040257,-0.14384978,0.21627477
-0.27516854,0.79102796,0.053513244,0.02950599
-0.052143734,-0.42765892,1.2899308,1.8745736
-0.38530514,-0.8136026,0.00049574126,-0.43166104
0.42001593,0.19756925,0.7466252,0.14498691
-1.1960299,0.98417115,-0.59963787,0.7923448
0.3310018,-0.7297753,-1.5556058,-0.6645344
0.4095317,-0.11931446,0.7495694,-0.7062297
0.09710963,0.4665619,-0.91381156,1.5512974
1.3930788,-0.75736606,-0.9807579,-1.7265431
-0.46555275,0.031892933,-0.058082327,0.16250443
0.40975073,-0.6000382,0.58942264,-0.16317964
1.3114771,-0.64718527,0.5755074,-0.42816082
-0.19762567,1.1575968,-1.436485,0.26451716
-1.2682726,-1.2700818,0.500176,0.14738074
-0.0016004317,-1.0966296,-0.279057,-0.7756449
0.24038602,-0.5352865,1.9669278,-1.0109469
0.026855549,0.030899309,-0.5403368,-0.07606049
0.4195219,0.07293339,0.2893151,0.78000325
0.062484704,1.8883523,-0.73456925,1.3226205
1.33202,0.98674655,-0.082956865,-0.12100007
-1.4077445,0.08622615,-0.6198591,-0.7892365
-0.009569682,-0.057595115,0.056847993,-0.6952237
0.3667616,-1.110118,0.47371075,-1.5386776
-1.0130315,0.98532575,-0.09062441,-1.6923326
-0.041032426,-0.7282242,-1.1679494,0.6007657
-0.3408727,0.6929266,0.16456984,0.6722805
-2.0547767,0.5878185,0.2290418,-0.017736413
-0.21985517,1.8062735,0.94796723,-0.2774555
0.85807276,-2.065524,-0.4368414,-0.3521906
0.3517208,0.13109429,-0.22691564,-0.3057269
0.05555859,0.89048904,0.34333783,1.1374604
1.028174,1.3162895,-0.30784205,-0.67378056
-0.5422931,-0.42585206,0.5295582,0.3722797
-1.075606,0.31571376,-0.9767914,0.48359784
0.15051866,0.8099516,-0.03948365,0.50309247
-0.15890653,-1.0852655,0.2876714,-0.6556946
1.2650048,0.10700126,-0.3749338,0.27027112
0.067818254,0.3886489,-0.70338255,-1.4078629
0.07243605,0.832292,0.36932698,-1.6162351
-0.52312285,-0.12646647,1.7331474,1.5879147
-0.5365827,1.1999878,-1.4674944,0.19157451
-0.8952478,0.36765215,0.019821735,1.2421993
-0.13174887,-0.6834548,0.26321477,0.23766162
-1.2108793,-0.097423404,1.3771688,-0.8645113
0.91640264,1.23899,0.80497944,0.1391851
1.1844962,0.7006596,-1.0218966,0.22372244
0.4280384,-0.074103154,-1.1724467,0.7446892
-0.120378725,0.32859161,0.72761184,-1.3138584
0.7742258,-0.6759444,-0.06279665,-0.5154789
0.34604263,-0.5982367,0.53397787,0.4231252
0.37528938,-0.0057763285,-0.37949878,-2.196712
-1.3133137,0.49974743,-1.6289487,0.22921968
-1.4129598,0.81200665,0.054704312,0.8251841
0.68529224,1.8622317,-0.20175777,0.437363
-1.2112174,0.3772548,-0.17211288,-0.0073996186
-0.32831162,0.061184224,0.94576377,-1.6937692
0.72412395,-1.322552,-1.1728195,-2.5426161
1.3208174,-0.80329335,-0.17009646,-0.13777967
-0.78502345,0.12621313,-0.78777087,1.0836548
-0.89501905,-1.6128412,0.55206513,1.2416446
0.71297807,-1.4412252,-1.2104546,0.20199794
1.0510156,-0.48376155,-0.28126827,-1.0357951
-0.8274199,0.49405488,0.24096711,-0.31600618
0.83495694,-0.41524088,0.13555421,-0.5017592
-0.8229815,0.0647452,-1.2656963,-1.3631766
-1.090577,-0.87941104,0.51247656,-0.3675902
0.2516498,-1.3520014,-2.3148544,-0.43849418
-0.10634732,-0.3962886,-0.3814767,0.38165253
0.6847027,-0.46216935,-1.3361453,-2.1066031
-0.22334947,1.2025741,0.3572769,-0.28213796
-0.32572454,0.2491509,0.3486786,-0.6121653
-0.70902824,-0.7809937,-0.16828215,-1.0971881
-0.07605616,-0.29278997,-0.83181,-0.31126088
-1.291709,-0.58432376,-0.4351939,0.21433552
1.1919357,0.17657487,1.5796807,-0.21240352
-1.6097176,-1.4333415,2.1614668,0.15632159
-0.92351526,0.37214062,1.0611765,1.4778373
0.87175477,0.09835297,0.60227937,-0.511377
-0.5895868,-1.7736545,0.42969942,0.50044996
0.05037629,0.6658909,-0.45076233,0.90882385
0.38632962,-1.6774672,-0.40589496,-0.5442516
-1.8349433,0.5045887,1.4179641,-0.030770333
0.2755216,-0.10364473,-0.28860265,0.9142879
-0.4890269,0.3389137,-0.5978701,0.25049186
-0.4992625,0.46110758,0.899911,1.5480486
-0.5518097,0.8435113,-1.5225993,0.20891552
-1.0204281,-1.1458085,-0.07961784,-0.120610595
-1.6013111,0.6116735,0.46121567,0.26254752
1.2407244,0.8416053,0.09815868,0.20608428
-0.6827653,-0.84964746,0.049160853,-0.2768556
1.8196973,-0.67154896,1.1584742,-0.23759344
2.6992342,-1.9724158,0.36642852,1.3591008
0.43477666,0.96880513,0.0955637,0.6460701
1.2216468,-1.726128,-0.2517884,0.94437265
-0.061438154,0.3343147,-0.7735001,0.7248656
-0.93866843,-2.1149712,-0.42470735,-0.058793608
0.09648032,-0.09705776,-0.29656112,0.7458477
-1.1010545,-0.4557899,1.3352251,-0.012030183
-1.4748797,1.5722053,-0.35440096,0.09168877
-0.5674209,-0.024900684,-0.016700672,-1.1456285
-0.3097189,0.44220847,2.2658656,-0.77404857
1.2078236,0.40378404,0.11976963,0.57518333
-1.6104989,0.4689623,0.18050182,-0.8284798
0.92981285,1.4739807,-0.81094605,-1.5953202
0.16541418,0.7907884,-0.6270512,1.0156728
-0.34899327,-0.731763,1.1895291,0.0041680937
-0.835252,-0.88395,-0.49297175,0.5038853
-1.0131072,-1.1998578,0.29826874,0.5784693
-1.0238938,-0.3206211,0.5920693,0.79979044
0.38465172,-0.59225017,0.51196605,-0.5287013
0.9328111,-1.1631982,1.327961,0.4099981
-0.4587488,0.04850853,0.387681,0.1743928
-0.17162713,0.27224514,0.7570673,0.39580378
0.31675547,0.048725802,-0.07448133,-1.5722739
1.2912056,-0.12293139,1.2436057,-0.15516853
-1.149655,-1.0671444,0.70707417,0.97883546
-2.4632428,-1.3241779,-0.67331207,-1.4023063
-0.90824646,-1.1979532,-1.0484176,0.8186753
-0.45404765,-0.02440741,0.6774267,0.03163758
0.8857479,-0.56403345,0.95306826,0.21667238
0.18075931,-0.17400655,0.3815765,0.27447942
-0.07586149,-1.2256267,0.20005433,0.63596535
-0.123263225,-1.0826727,0.24004965,2.5821655
-0.72983986,-0.9485768,1.3343034,-0.4261402
-1.730697,-0.7960798,0.89966166,-0.12308705
0.5631852,0.98756963,0.6594391,0.50085735
0.7232683,0.8295982,-0.24107382,-1.0997411
-0.4815802,0.14600249,-0.52315754,0.58692926
-1.3402468,-1.1102508,0.11768092,-0.16119964
0.34885383,-0.14034675,-1.0730882,0.90246207
0.12017901,-0.14495395,0.3862105,0.308862
-0.70047784,-0.07600076,-0.19872434,1.3815168
-1.265814,-0.38054204,-0.8703282,0.87610376
0.24752055,-0.149407,1.5396574,0.051686242
-1.0157675,0.99116653,-1.0796971,-0.21284695
0.003986066,0.05026013,-0.33627936,0.17985894
0.80696493,0.051179044,-0.07990901,0.46712327
-0.85912824,-0.14216422,1.7210497,-0.6957857
0.4431127,0.69840425,0.25002182,-0.37644163
-0.07249142,0.15533023,-1.0418146,0.32540116
-0.9789519,-0.8412072,0.9896394,0.96889234
-0.7813159,1.603449,-0.6475853,0.5919175
-0.7044185,-0.7773823,0.41803733,-0.4168296
-1.0851746,0.003600866,-1.1672605,0.70976084
-0.8594537,-0.41419774,-0.63559,-0.0013027722
1.5205356,0.18738008,-1.4306555,-0.6354282
0.75122195,0.33197,-0.9630796,1.2656457
0.46885318,0.7449706,-0.65895796,-0.5729931
1.8766108,0.34852928,-0.8502034,-2.453193
-1.8635775,0.18663333,0.30290732,1.0532032
1.1299624,-0.55398965,-0.8634829,1.057523
-1.3706993,-1.0593555,0.31680822,-0.37193578
-1.5463138,-0.077862464,0.39283612,-0.40647545
1.0939193,0.37061864,-0.8484157,-0.6123925
-0.6024611,-0.49904093,1.961213,-1.7029399
1.1988618,0.9694262,0.26845592,0.097462036
-0.58860934,-0.5513565,-1.1877599,1.7147352
0.43822017,1.0596635,1.1803969,-0.6327237
-0.3443226,-0.6906945,0.30231294,0.94590193
0.37077257,-1.1927533,-0.90777916,0.29910675
0.2625269,0.42513683,0.3445487,-1.2317922
-0.9985657,-2.7642999,0.6695146,-0.505096
0.4820424,1.5221459,-0.32108995,1.5992097
0.40350738,0.12969613,-0.21599813,-0.42965612
-0.9099803,-0.13479084,0.05782301,0.12795539
0.06782999,0.65419865,-0.76813906,0.27496785
-0.4888794,-0.91401255,1.0327202,0.6046211
-1.6876224,-1.309533,0.11871028,-2.539489
0.8923342,0.5519506,-0.82312196,0.76790714
0.17143433,-0.0598996,-0.059674893,0.08779972
-0.22258438,-0.6409113,-0.22714992,-0.9875878
-0.59317243,-1.1047517,-0.09802645,-0.86250216
-0.19171084,0.4069935,0.88279724,0.74907136
0.15360838,1.1863209,0.32294312,-0.42610437
-0.2961137,-0.7754678,-0.7918671,0.060015794
-0.50280154,-0.72643924,0.6155209,-2.3050601
-0.075364865,0.2574476,0.36386737,1.1218828
-1.3686143,0.02173386,0.782278,0.50336653
0.020565532,1.1440326,-0.24669567,-0.06001053
-0.7733565,-0.32706752,1.3193165,-1.39013
-0.38928038,-0.49446392,1.7902108,-0.32367462
0.08547655,-0.16045623,-1.4800365,-0.4614061
-0.25673014,0.95948935,0.7480068,0.2983496
-0.5134169,0.31680855,-0.146305,-0.5179543
0.65038055,1.1766545,-0.8553851,0.02043288
0.1849913,0.62062126,0.8103302,0.5291
0.083829135,-0.6478059,0.05163164,0.2907208
0.24162705,1.4210516,-1.8363612,-0.3583859
0.7532118,-1.4935635,-0.4428248,0.33846053
0.53980863,-0.3547263,0.079044774,-0.1713934
-0.051883806,0.72828686,-0.74241495,0.32328993
-1.7613174,-0.4686111,1.6229441,1.4719023
-0.3620401,0.06511085,0.6591935,-0.085723974
1.3911482,0.33949068,1.061535,-0.9411704
-0.038313754,-0.30909693,0.16688924,0.71832514
0.393432,0.24539198,-1.1258392,0.11749874
0.49228975,0.25439587,-1.612708,-0.66745853
-0.29200187,-0.20465821,1.4107896,-0.51231724
-0.54196215,0.91553324,1.3880113,0.49131566
-0.1496003,-0.70389736,-1.2538515,-0.012662923
-0.515361,1.0429232,-1.144003,0.5055535
-0.69111645,-0.56837285,-0.45162192,1.3380479
-0.24127935,-0.80917424,0.07284796,1.6447928
0.74203473,0.06374604,-1.2026521,-0.23360342
-1.1322422,0.11517028,-0.6597493,-0.65705425
-0.9126978,-0.5048304,0.12541474,-0.0841716
-1.1224687,1.0707424,-1.3986267,0.76021993
0.5801456,1.177603,-1.3860496,-0.5538479
-0.3179818,0.8853469,-1.7432569,-0.43496156
0.8871507,-1.5320903,1.1341492,-0.75110996
1.8579602,0.0052920054,-0.643748,-0.7883371
-0.29369187,-0.039657366,-0.8269649,1.3390849
0.048421577,-0.1727053,0.2517963,-0.37378117
-0.32744074,-0.6962075,-1.487202,-1.7655334
-0.77491117,-0.38648725,0.5917763,-0.9111072
-0.9234668,-0.1997873,0.2566884,0.07857439
0.6988281,0.4348693,0.15596192,-0.6403998
-0.4320924,-0.021215113,-0.076806374,-0.4031162
0.053612195,1.0271127,-0.007249319,-1.6648269
-1.4178542,-0.39493436,-1.3197923,0.36215383
-0.24931662,1.062789,1.2439308,-0.06490345
0.30836692,-0.556448,0.3290369,1.9514714
0.045153704,-0.20890673,-2.3327165,-0.605694
-0.18543094,0.73467267,0.0008074727,1.1603003
-0.054479156,0.4991031,-1.069111,-0.033977024
-0.07366188,0.06427909,1.4381831,2.014748
-0.7011035,0.058569312,0.26360968,-0.5662188
0.74647933,-0.62768203,-0.35926643,-0.092694364
-0.8139454,0.1917142,-0.34994456,-1.0516123
0.3992285,-1.0603352,0.8489846,-0.68486005
-0.9019473,-1.1607593,-0.036754742,-1.4436195
-0.64553446,-0.6554242,0.5642854,-0.5098463
-2.3116386,-0.08542816,-0.6930066,1.1205055
0.07920965,0.9594889,1.0750606,0.6641037
1.360338,-0.20448138,-1.1731225,0.33056498
0.024192737,0.11989449,-1.2159871,-0.20703717
1.4736595,0.1800452,1.686639,0.30832204
0.20540887,-0.3118789,-1.1056073,-0.015176122
-0.37236863,-0.58626294,0.63298637,-0.116732664
1.2324727,-0.17680538,0.43057242,-0.94536614
-0.23049256,0.9959827,-0.13377796,1.3502946
-0.28610536,-0.7696429,1.2836344,0.67234117
-1.6152647,0.8741498,0.809008,0.6109137
0.14664531,-1.0613722,-1.1789917,0.020394841
-0.3679193,0.58528215,0.4127732,0.9910085
0.1615713,-1.2320161,-0.31955212,-0.24158573
-0.40332457,0.34391797,-1.7634579,-1.3470681
-0.09831454,-0.1828726,-0.14122753,-0.79601026
-0.46019223,1.219871,1.5994076,-0.44341218
-0.14709766,-0.5315183,1.0990599,-1.0015556
-0.078593366,1.1719881,-0.8193761,0.49046662
0.089335255,0.949576,-0.2841244,0.14986736
0.57480484,0.24075074,0.4219116,0.34348196
0.15550782,-0.4973805,0.61192715,-0.74490315
0.5946035,0.07980918,0.17796722,-1.2725964
1.0777905,-1.1883591,-0.81932384,-0.5563334
-0.32132584,-0.8769311,-0.39681408,-0.6885219
-0.8089323,0.5686744,-0.5129973,0.42376143
-0.06177411,-0.69583845,1.0193851,0.52362347
0.09358619,-0.7919697,0.22171575,1.7228601
0.11036764,0.775385,-0.6777695,0.37710553
-0.00248048,-0.7611035,-0.26914537,1.2925521
0.7963622,0.103975624,-0.73200136,0.54641366
-0.5231102,-0.4301038,-0.7084838,-0.007161969
1.1501086,-0.78629506,0.34466875,-0.70274216
-0.9053289,-0.30767232,-0.41336247,-0.33374155
1.6249884,0.644617,0.8073607,-1.2447109
-2.2963316,-0.6109446,-0.98180217,1.0008698
0.9232717,0.7819312,0.76598454,-0.19751999
-0.11873137,-0.6032845,0.40117356,1.3832352
0.90190136,1.1028687,0.5189485,1.6466695
-0.5583529,-1.7257649,-0.8524816,0.07991415
-0.94111216,-1.1077851,0.15485077,-0.30459118
0.55275315,-0.2059886,-0.58383334,-0.037247024
1.5566543,-0.2053666,-1.0991305,1.0283116
-0.2143199,-0.6983504,0.023634842,2.3635442
0.20343255,-0.38051185,0.87598574,1.091228
-0.7448519,0.42417246,0.9533688,0.43138307
-0.2811026,-0.050487507,-0.7767306,-1.4332881
0.9102508,0.8875926,0.27191082,0.42086914
0.4273547,0.11308229,0.24679276,0.31435812
1.5189668,-0.40016744,-2.0543165,0.13463114
1.0451055,-0.5725882,1.6411158,1.4531367
-0.32748988,-0.32529527,0.75607646,0.50063264
-1.0517212,1.0043839,0.17623514,0.66707414
0.2821013,-0.56171715,1.6016212,-0.34256947
0.14771357,-0.06368022,-0.78730184,0.051426228
-1.1569519,-2.0215955,-1.9548593,0.39626712
-0.6843372,0.20877917,-0.72725326,-0.9593842
1.0252113,-0.27686727,1.5473862,-0.53707856
0.040696677,0.3772489,-0.5567925,-0.20245437
0.41032535,-0.8689204,1.260424,0.16456416
-0.86984855,-0.13993001,0.7064958,0.688371
-0.5348669,-0.53978485,0.81805885,0.3945946
0.29020727,-0.36773708,-0.4559635,-1.5488361
-0.09315208,0.5105235,-1.8236772,1.5878125
0.13014801,1.1929048,-0.122115046,-0.55169636
-0.9643799,2.3314831,1.6598,-0.3843514
-0.63655037,-0.05935032,0.37697408,0.69663405
0.049514428,-0.1074997,-0.3841839,1.0981431
-1.1480888,1.446341,1.0117029,0.87348044
-0.18643807,-0.80408764,-0.8317971,-0.29912472
0.79305303,0.8979953,-2.7226353,-0.080412894
1.0491068,-0.010403204,-0.10722084,0.40120128
-0.60462564,-1.58134,1.3113165,0.31127164
-0.2794115,-0.72787166,2.3198776,0.24608769
0.16876717,0.5924482,0.041289456,0.8014248
-0.90512556,0.46182802,-0.57367736,-1.6646323
-0.7042246,-1.6679926,0.36354843,-0.6323662
0.45946953,-0.020457217,1.1306239,0.19518968
-0.6054388,-0.06666133,-1.3321213,0.06997654
-0.110706955,-0.7174599,0.6514374,-0.27925536
0.39891145,0.106391855,0.76828045,0.570129
0.13799103,-0.6735163,-1.3506968,1.754699
0.5743314,0.8306916,0.13481247,0.23255196
1.5887316,-0.29484808,-0.1540713,0.228126
0.60160047,-0.9213485,0.93245417,-0.16942813
0.92096204,0.53173393,-0.9947154,-0.005742274
0.0027829313,-0.33506396,0.2705637,-0.27241153
0.6939025,-0.33948943,-0.36788502,0.9037
0.99798954,0.18366508,-0.5374111,-0.1746241
0.045114953,-0.07421056,0.7393734,1.5563993
0.18804653,0.6978706,-1.1458857,0.46526596
0.17485319,-0.84221816,-0.7143917,0.7464658
-0.25235963,-0.67655885,-0.49152425,0.0316052
0.07467143,1.1567811,-0.31962505,0.36206537
0.46601593,-0.7943424,0.15823519,0.3995976
-0.6194485,0.5882823,1.131749,-0.14992093
-2.3344507,-1.0257235,1.0201219,-2.5883472
0.2334488,-0.27445227,0.06766091,0.47915208
0.5696133,0.3979187,-0.68877167,-0.3687677
-0.7508706,-0.17180842,0.3623656,0.80907196
1.3532326,1.3977572,-0.46684593,0.47398794
0.1022409,-0.37811363,-0.35123715,0.45967886
-0.334349,1.7176628,-0.09860021,-0.688018
1.3827327,0.20299135,0.13608104,-0.48382407
0.15675205,-0.16867594,-0.4442101,0.37475672
-1.0238978,0.8839808,0.54707986,-0.63683313
-0.938553,-0.52076876,0.32033986,0.8866726
0.18830824,-0.38675767,-2.8239822,-0.17348252
-0.032384682,0.5760249,-0.138289,-0.31862563
0.50336415,0.276496,-1.0580182,0.93994975
-1.536387,1.3450735,-1.1206344,-0.3028543
0.8737578,0.223142,-0.89516705,-0.77151626
-1.580759,-0.117833816,0.115923315,-0.315639
-0.6260836,-0.6823232,0.6404196,0.077149026
-0.89245015,-0.097975835,-0.033845037,-0.24887814
-0.5356702,-1.0947176,-2.0846167,0.12676343
-0.5376537,-1.2062753,-0.46953437,1.1851978
-1.2337646,-2.1688602,0.71139824,-1.1069244
-0.9414665,-1.3694776,-1.6880015,1.1117404
1.6842623,-1.134092,0.9894576,0.56539595
0.34335282,1.0254418,0.078163885,-0.5855224
0.029748637,-0.2781944,-1.0338032,-1.2424331
0.056415215,-0.67355055,0.72343934,-1.4692632
-0.92569697,-1.2229478,-1.6896741,-0.38813472
-0.6453954,-0.01325683,1.0545408,0.24778756
-0.95339745,0.71407276,1.5396218,1.4010385
-0.6313679,0.38527262,-0.5252737,0.53552914
-0.8100715,0.07509408,-0.03563701,0.019983714
-0.19052486,0.36998314,0.47076795,0.6354631
1.0092604,0.3071746,-0.9095971,-2.1235597
0.41590747,0.68202305,0.2276269,0.30022234
-1.1519513,-0.25899637,-1.3712852,-0.73953414
-0.8891076,-0.9927106,0.47677675,-1.4603915
-0.93930155,-1.3267212,-0.25343066,-0.40943027
0.5517743,1.3059592,1.6704733,0.0027109424
0.34073293,0.61395246,0.3430367,-0.24359223
-1.265367,-1.3709397,-1.4388384,1.3075684
-0.8445279,-1.0398707,-1.0570865,-0.003808477
0.96574914,0.2428424,1.7297561,0.28829342
-0.4316494,0.092017345,0.20816296,-0.23090103
0.989549,1.276351,-0.39934814,-1.1574839
-0.72070307,0.2257311,0.54833883,0.53485966
1.2442479,0.06537149,0.42545417,0.1833605
0.3702968,-0.6360057,-0.6847135,0.18926004
-0.27847165,-1.7174803,1.1892219,0.19707026
1.5699036,-0.25451845,0.5173185,0.3509478
1.1904265,-1.4230804,-0.36854118,0.5666769
-1.7321688,-0.9486927,0.779658,-0.18935692
2.043911,-1.1247553,-0.7226931,-0.18539238
0.8030895,1.7872604,0.30540335,-0.2798497
0.831301,1.7340764,-2.028831,0.46288484
-0.7417287,-1.0396553,-0.29656184,0.9816553
-1.2253566,-1.5237148,0.4663247,-0.5115054
1.1273222,1.9270401,0.3610538,0.2530003
1.408966,1.3607044,0.7756259,-0.073514305
-1.421483,-1.0662606,0.4536877,1.5363939
-0.073005676,-0.13418236,-0.47885045,-1.4111359
1.2135279,1.0448558,0.18116947,0.30498573
1.1551415,0.7841696,0.60783714,-1.5523771
-0.98703176,0.7085033,-0.6509549,1.4120085
0.42666218,-0.29121217,-0.12706468,-0.32817495
0.40626568,-1.3674185,-0.52032226,-0.29871693
-0.5900245,-0.46458527,-0.35711604,0.1012647
-1.8003762,-0.20186093,-0.7321694,1.298757
1.0999815,-0.7225829,0.7290291,0.14375097
-0.8293075,-0.82603997,-0.96763766,0.83118343
-0.51804864,-0.52943,0.28888234,0.06725609
-0.9131406,-1.3579829,-0.62178725,0.54576313
1.2377619,-0.7122136,-1.4293238,0.7128714
1.3202939,1.0348461,-0.21678594,0.14591141
1.9914999,-0.08733128,0.7455418,2.3811338
-1.0928646,1.857852,0.41679323,2.2846913
0.18170027,0.6035323,1.063964,0.25718868
0.38870555,1.6067582,0.049594212,-0.63317853
0.47033185,0.7352017,0.72465044,-0.69298196
0.76082027,0.21664493,-0.40786713,0.7710101
0.57822764,0.41369712,0.6684206,0.69090545
-0.35131928,1.2875922,0.8655184,-1.251168
-0.15953304,-0.5015376,-1.2353847,0.036624826
1.4079477,1.5686724,0.8271093,-0.2711849
0.93832016,0.86177695,0.087815344,0.22668071
0.6554624,0.72599316,-1.6265321,-0.5261195
1.070607,1.3317151,-0.9066081,0.3769832
1.0885533,0.96783966,-0.8850458,-1.5188584
1.2826788,1.7564046,-0.5241096,0.015428499
1.210187,0.786742,-0.26447704,-0.40662628
-0.7712779,-0.5283292,0.7066574,0.86758494
-1.9801404,0.29248363,0.5960952,-0.4314585
-0.28408864,0.5198989,-0.012988772,0.24199529
-0.35531387,-1.5900302,-0.5485763,-0.1618275
0.22145605,-1.2144428,-0.22962235,0.016351266
0.45466042,0.45392498,0.27369288,1.3118892
-1.2618681,1.0949255,-0.80759263,1.1217444
0.75999826,1.446764,0.030789535,-0.39270067
0.67886037,1.2853099,-0.45513806,-0.542158
0.5685832,0.8209887,0.24300125,-0.83338654
0.84027034,0.5118853,-0.45775986,0.91974753
-0.8084541,-0.95227116,0.9351439,-0.56005466
0.87799644,0.75210947,-0.13281468,-0.07205796
1.2168286,0.51322037,0.8193124,0.26570094
1.0434684,1.3750167,-0.5228359,-0.4844297
-0.34080493,1.053085,0.474739,0.1231942
0.46615806,-1.0721291,0.52687037,0.73214
-0.43754834,0.7638395,-0.014474386,2.8728094
1.635195,-0.22126196,0.5785505,-0.7901582
1.3576449,0.91675496,-0.51091474,-1.0022204
0.6233509,0.8699687,0.21096167,-0.14260903
1.268504,1.4956449,-0.58904034,0.30297813
-0.2061796,-0.19242382,0.1922486,0.79854506
-1.3093834,-0.32371902,-0.25760463,0.05500583
-1.5777326,-1.3736042,1.5482125,-0.58740795
-1.8262789,-1.0056317,0.3828791,1.4737283
0.14173119,-0.059153557,0.91124207,-1.3919019
0.3562516,-0.73060465,0.44724965,-0.6473745
-1.4072839,-0.058637314,-0.14985937,0.41158777
-0.6864575,-0.58622557,1.063448,-1.0518128
0.4796472,-1.0355172,-0.076497436,-1.1379232
-1.4839169,0.6192522,-0.115097165,-0.44587287
-1.3636469,-1.1375762,-1.3225068,-1.144458
-1.6535268,-0.8765912,0.4581801,0.3476044
-1.0568655,0.27207902,0.3605583,-0.45753062
-0.9658976,-1.437204,1.1841307,-0.17477266
-1.7879004,0.58293855,0.6177088,-0.0032770333
0.19731385,1.2524513,0.034620266,0.40048635
0.08629531,1.14641,0.8898879,1.0975796
-0.17052826,-0.14273207,1.063899,1.1630315
0.71693546,-1.084651,-0.6582745,0.5302196
-1.1447188,-2.0256124,0.112483256,-0.15036307
0.4410639,-0.09528608,0.5316495,1.2989153
-1.2490587,1.9170952,-0.3872482,0.2442248
0.3718984,0.49535182,0.23785983,-1.0042487
1.8310543,0.617541,0.35931215,-0.4321248
-0.6618336,-0.23636864,-1.3912283,0.58927697
1.6271816,1.1198277,-0.12189291,-0.44815564
2.341325,-0.017884623,1.130609,0.5609543
0.77904534,0.53527296,-0.7200038,0.2029874
-1.3684798,0.334061,-0.9578656,-1.4562993
1.6453905,-0.94666505,-0.94824547,0.8882878
0.3415918,-0.6686044,-0.38608837,1.0586113
-0.2499553,-1.2918117,0.6195186,0.36872843
-0.19948639,-0.3231982,0.60376275,0.24961355
0.0620741,-0.059167624,-0.17780341,1.5058892
-0.9724514,-0.8073003,-0.88842326,-0.050414886
-0.7793913,0.6565772,0.48473212,1.2280359
-0.35215235,0.25275716,-0.9095988,-0.385312
-0.6078164,-0.8326953,-0.51314867,-0.3868213
-0.09435743,-1.2465824,-0.30237123,1.4901643
1.1139368,0.7950883,0.36499256,-0.23283845
-0.5572929,-0.38485715,1.1241097,-0.014115045
0.10076355,-0.2746634,-1.5378536,0.36408696
-0.44729874,-0.4178818,0.11823493,-0.12322795
-0.032312285,0.050903883,0.12603047,0.13418546
-0.8670751,1.3272828,-0.025164545,-0.99417496
0.98747003,1.0168658,1.0911145,-0.72660375
0.62714225,3.476764,3.5527503,0.23021853
0.48570624,-0.14983566,-1.2848662,0.04421228
-0.47926393,-1.1883503,0.5120633,0.22258298
-0.6150034,-0.68548334,0.35675853,0.7103041
0.50300825,0.87994486,-0.92614096,-0.40094784
-0.27556387,0.6955839,-0.58807385,-0.9883769
-0.66644466,-1.646485,-0.7140177,-0.14244299
-0.27179754,-1.6046022,-0.053925082,-1.6050845
0.36168954,0.27077898,-0.9921855,0.360248
-0.8246092,2.4089584,0.83056235,-1.6821162
-0.42095318,-0.18543397,-1.1017057,-1.8276842
-0.20220782,0.44714484,-0.3623442,-1.7676754
0.6510418,0.3268611,-0.8243997,-0.053271856
0.010732407,0.22274171,0.36949342,-0.58191
-1.4649142,0.37033513,-0.28397697,-0.63198745
-0.6866636,-1.9323462,-1.3611022,-1.924517
1.1569495,-1.090248,0.37115997,-1.3383412
-0.2745704,0.59951997,0.9043929,-0.39453244
0.025520848,-0.2745701,-1.6808736,0.39586735
0.08462949,0.28373483,-1.0171076,1.7188741
-0.19044302,-0.15554126,1.0769975,0.050332222
-0.3182567,1.1542069,-0.7143612,0.09670279
-0.46255943,0.5472019,0.10400074,0.8627118
-0.14082673,0.19882096,-0.27579468,-1.2590659
0.36844718,-0.6755754,-0.1800578,1.0928621
-0.92481416,-0.90576655,0.8803915,1.4585462
-0.45101798,-0.26640502,0.42564523,-0.14969273
-0.5868383,-0.13979991,-0.42051476,0.38152528
-0.28263828,-1.2906594,0.43036458,-0.24667336
-0.63518536,-0.5703114,0.38382366,-0.19498153
-0.71502393,0.19461018,-0.68396795,0.46622184
-0.18845841,-1.1299373,0.32315338,0.6320864
-0.51242137,0.538159,0.32872006,0.15741621
-1.2860518,-0.22524905,-0.33295554,0.055452462
-0.23662573,-0.7618189,1.3658092,0.36802095
-0.012539698,-1.1000682,-0.40500984,0.4676063
-0.64936256,-0.8470781,0.49697098,-0.22232926
-0.6717109,0.9029638,-0.09823268,0.026377529
0.5901935,-0.4524276,-0.22455935,0.8337566
-0.27049753,-0.20843361,-0.5292741,0.5362753
-0.91004,-1.0814352,0.7591289,2.280269
-1.1441602,-0.4784072,-0.11298274,-0.43838933
-0.80988306,0.031582255,-1.2622211,0.5419171
-0.5453357,0.10205,1.0287069,0.20779374
0.61716926,1.058454,1.2166837,-0.35714078
0.83152884,1.1637225,0.62622625,1.1398085
-0.93418014,0.30076167,0.18941203,0.590109
0.9109573,-0.35573307,0.6549754,0.22990459
0.3225101,-0.5501542,-0.7484844,-0.63471115
-0.70987356,-0.97073954,0.74497014,0.18402456
-0.88710195,-0.22121221,0.19692264,-0.22902405
0.44656387,0.39685374,-0.12856969,0.038569774
0.13499291,-1.7117171,1.0209295,-0.21308856
-1.0634423,0.06040139,0.1509919,1.1488836
0.4287952,0.65741825,1.1559508,-0.47560465
0.21418913,0.33022478,0.30042437,0.84735954
0.32066894,0.32570872,-0.1758068,0.00917093
0.36223888,-0.34747392,1.7764132,-0.7345795
1.9202983,1.1430954,3.200098,0.33355513
-0.14280887,0.33447033,0.46628115,0.7968995
0.35553148,-0.724635,-0.97695965,0.69961417
-0.025085445,0.4510146,-0.56704533,0.53514755
-0.10945104,0.4836727,-0.6444757,-0.7309941
-0.18011053,0.5804577,0.13431883,-0.80041385
0.021350145,1.3326482,-1.1928965,0.5967232
-0.85309136,-0.83394235,0.7215038,-3.0188074
-0.3108345,-1.0971766,-0.20885119,0.60335255
-0.33314335,0.9460776,-0.006314242,-0.20686302
-2.1063676,0.290483,0.45400286,0.332952
-1.2605029,-0.37761506,-0.31417608,-0.19194216
-1.3216823,-0.5004984,0.16805613,0.81486666
0.05472729,0.6702939,-0.3103334,-0.7454577
-1.6047091,0.18019514,0.5582003,-0.4938902
0.7150683,-1.3003743,0.12508607,0.32207784
0.00084907655,0.7278808,1.5423071,0.9853885
-0.49209702,0.50377643,0.023522537,0.90425724
0.78801566,1.0452052,-0.24460417,-0.682463
1.0567921,0.2922045,-0.66330403,-1.9770484
0.6065499,-1.9318994,-0.35402668,-0.052993555
0.41762853,-0.9775344,-0.29012382,0.8253925
0.62209445,1.2092068,-0.61637247,0.13601513
-1.4926934,-0.13991559,0.88673425,-0.24092509
-0.073809445,0.15511875,0.7138565,0.82280743
0.5978943,0.56118333,1.4168319,1.3223165
0.0598657,0.25271863,0.094644755,0.5960464
-1.0127796,0.21583614,0.6035087,-1.3442762
0.48579457,-1.5021788,-0.5190634,-1.3453171
0.23972626,-0.20422837,-0.08994476,1.6719329
-1.1491891,-0.4668538,-0.42522812,0.82434326
0.34237528,-0.4095577,-0.86358154,-0.7599863
0.63588643,-0.6439798,0.11641961,0.7284996
0.25033233,-0.3887759,-0.30749527,-0.42970705
0.68939114,-0.31129247,-2.1664128,-0.29892004
-0.20945768,-0.12063413,-1.6708468,0.06494251
0.5533545,0.761935,-1.2633679,0.052263383
-1.1342664,-0.17883073,-0.6438813,0.8013845
0.035692014,-0.45681912,0.5806818,1.0979481
0.7529103,-0.38629615,0.26050588,-0.80647314
-0.76488084,0.9044867,-1.26473,0.40841797
0.107600026,0.66983783,0.12646048,-0.79813904
0.0023001863,-0.17445381,-0.87188965,0.37896618
0.1925036,1.2649257,0.92627597,0.75481486
-1.9382341,-1.2885692,-0.8806775,3.3810527
-0.0051381136,0.9021992,-1.196171,-0.7322948
0.65980256,-0.81954867,-1.5444682,0.18034668
-0.13580297,0.5417747,-0.88255626,-1.0101557
-0.15513214,-0.29620618,-0.040022694,-1.0172806
1.1889985,-0.37207794,-0.4205012,0.08544354
0.493937,0.43282178,-1.535204,-0.5904096
2.400512,0.55776805,-0.5022816,0.29865682
-1.0901634,-0.69195914,-1.1320747,0.08638873
1.0952189,-0.28475863,-0.45128867,0.14702076
1.4115078,0.0878642,1.3306675,0.5135406
0.63296914,-0.88804466,-1.1119126,-1.1757796
-0.3334157,-0.0581057,0.9985842,-1.3461121
-0.07967272,-0.20112999,-0.031501118,0.27244747
-0.4767977,0.07163188,-0.38204098,1.1261188
1.2634305,-0.82179946,-0.31895223,0.032327127
0.55932313,0.8737254,0.562912,-1.4910897
1.1833973,0.72722,-0.39202306,-1.5588742
0.23700109,0.15022302,-0.012938563,-0.14948611
-0.31814072,-1.6989202,0.027586136,-0.8481265
1.4920946,-1.3260759,0.9363848,0.3317749
0.3736422,0.35158554,-0.45780823,0.69065475
-0.49954012,1.2181486,0.43791443,-1.7791226
0.8389515,-0.6707048,0.34126878,1.0341222
0.73966706,0.7334671,0.96166676,0.075932726
-0.24808502,-2.4229395,1.0332174,-0.20843226
-0.27283925,0.61314535,0.2585787,0.15519392
0.048300058,-1.2206153,-0.525891,-1.2800546
-0.0017837791,-0.17030142,-0.3970387,0.69702595
-0.7234048,0.0005379982,1.4512285,-1.6111884
-0.22361365,-0.7626936,-0.643853,0.7500782
-0.66638917,1.182229,-0.90844333,-0.07261796
0.07436716,0.12344824,0.3669712,-1.5735062
-0.072360344,0.79027355,1.4783309,0.05403796
-0.2109735,0.2606896,0.14883195,0.82395244
0.22016984,0.16190791,0.8700648,-0.7254828
0.3024467,1.5589134,-0.25720617,0.61772686
-0.9666562,-0.26320922,-0.8485591,1.4790564
0.06675983,0.40621403,0.90751225,-1.2823005
1.4562682,-1.0864145,1.2221503,-0.11972211
1.9690357,-1.2554917,-1.8616073,0.55135554
0.15176146,-0.447954,-0.0640543,-0.12287791
-1.0759296,-0.8164929,0.92652327,-0.19078746
-0.0823615,-1.0129035,-1.6590817,-2.119491
-0.5456419,-1.2575126,1.7132239,1.7423348
0.36887842,1.3028069,-0.21553661,1.8315241
0.28721425,1.6098477,-1.4606222,1.1038682
-0.066367276,0.31136024,-1.4044964,0.24109732
0.3430402,0.8153381,0.26327357,0.264153
0.5695565,0.7489087,-0.60714835,-0.9971438
0.18099055,-0.81140554,0.13794312,-0.1146766
-0.28493044,0.32946795,0.51100284,2.02945
-0.2981466,-1.1397988,0.61470556,0.13638158
0.13396062,1.409761,-0.31411132,-1.2938864
-0.26831022,-1.9302528,-0.7099633,0.67750025
0.067084044,0.2154004,0.45537874,-1.5593343
1.8007896,0.5730876,-0.14088666,-0.73881215
-0.68006605,-0.24252754,-0.49942765,-0.7959135
-0.02691075,-0.105248034,-0.15254046,1.7346537
-0.5158549,-0.59332967,0.21662736,0.6276834
-0.14876664,0.7505321,-0.057658456,1.0081935
0.05816854,-0.37547657,0.1872513,-0.50672704
0.026234338,-0.78930837,1.2977959,0.14609337
-0.13125592,-1.6900032,0.71996486,-0.6370767
-0.35138372,-0.5392112,-0.38632113,0.4658335
1.9237039,1.2777175,0.7089649,0.032098845
0.05885296,0.14699525,-0.021642331,1.3646713
-0.2733626,0.6472209,-0.48881254,1.2921126
-0.45657116,0.38008595,-0.47410065,0.8261649
-0.13119395,0.21256648,0.44988105,1.4041477
0.6197918,-0.6196138,-1.9711223,0.42574266
-0.5222653,-1.101579,-0.40159258,-0.8511882
1.1327256,0.75341904,0.880855,-0.28386155
-1.6433874,-0.84106266,-0.31184533,0.29165038
-0.46282583,-0.33957928,0.7850583,-0.30022603
-1.201241,-0.02963536,-2.058705,-1.105503
1.157639,0.064263634,-0.57840025,-0.88226056
0.38885215,0.2108023,-0.31068718,0.24510138
0.07786238,-0.1695103,-0.489857,-2.3342767
0.44598588,1.1741035,0.40769452,1.2373627
0.6005096,0.028315354,0.59266573,0.9826522
0.59508884,-1.1204357,0.36524954,1.018168
0.36522198,0.63522136,-0.045830615,0.291591
-0.059174996,0.8661912,0.39572036,0.42108068
1.0719852,0.95098186,-1.4068922,0.6659604
1.3162421,0.76148117,-0.21849953,-0.66525036
-0.4922995,0.031497654,0.62391126,1.0970381
1.3743722,1.2246203,0.06928177,-1.0278196
-1.0623248,-2.0565917,-0.060492948,-1.1916474
0.6565468,1.0499705,0.93666506,-0.31686226
0.64256984,0.83525914,-0.20834902,-0.69904006
0.72420096,1.0748271,0.17689215,-0.45452088
-0.66403943,-1.929707,0.5863421,1.3030162
-0.18311435,-1.5590849,0.57358575,0.7343545
0.19944263,0.236746,-0.8651993,-0.7530607
1.0056926,-1.5548688,-2.4410126,-0.58943486
-0.8568888,0.41332945,-1.2289923,0.24846436
-0.5595034,1.0860412,-1.2457708,0.31650212
-0.3546824,0.57774556,0.2659763,-0.36475626
-1.6971127,-0.85154945,-1.0963249,-0.19770691
-0.20387217,0.114980265,0.49633425,-1.3006598
0.76280385,-1.00968,-1.0080036,-0.3006722
0.015154049,-0.619189,1.3169395,0.81353515
0.6641807,0.7748938,-1.4095566,1.5986258
-1.5906794,-1.6408684,0.23470445,0.20132051
-0.8451878,-0.82095593,0.630841,0.35979268
1.6156632,0.32752463,-0.1179494,-0.76341265
0.2934648,0.76776135,-0.0463155,-1.9756509
-0.93095195,-1.3121147,-0.46808228,0.57345325
0.42721838,0.76123065,0.020743752,-0.8636849
-1.1085176,-1.3969032,0.939728,-0.7726575
1.3189411,1.5907382,0.07977572,0.15388088
1.5998002,0.4794717,-1.1474248,-0.07126861
-0.22951557,1.0286719,-0.14666264,0.65773094
0.31539965,-0.6470542,-1.527695,1.0468806
-1.2123196,0.46201122,-0.39550927,0.5056938
2.2825139,-0.3430861,-0.5297032,1.4669902
-0.7497017,-0.38258812,0.06366641,-1.018419
0.42147744,-0.972588,0.7209328,1.2371475
1.0135429,-0.44659334,0.7873892,0.82617074
1.6378949,0.63770336,-0.7804499,0.14726733
0.9810291,0.87909365,0.5736376,0.015569376
-0.9473277,-1.6113641,-0.41882098,0.8553823
-0.9871799,-1.1994959,-0.310774,-0.792858
-0.5099478,-0.6338499,-0.96027875,0.52909994
-0.7341896,-0.9671534,-0.5384206,-0.76779056
-0.9767873,-1.5811272,0.21495657,-0.18874599
-1.6707855,-1.1354979,-0.077797994,-0.52329105
-1.1859325,-0.47982356,1.0739571,1.4916836
-0.6607378,-0.19156559,0.8107345,-0.6351051
0.31005648,0.43868792,0.90375143,-0.66463494
-0.3699034,-0.07395466,0.77737814,0.41786972
-1.1177907,0.25947103,0.02849142,-0.974923
-0.42773673,-0.9753716,-1.342064,0.82514876
0.38124162,1.3842193,-1.5686167,-0.48493713
1.3754689,2.039377,0.85893637,-0.33006093
1.6888189,0.8510403,-0.30000564,0.59199077
1.1441296,1.1829805,0.28835547,0.21587926
-1.4421759,-1.3919047,-0.5162653,0.86140543
0.23032317,0.8121686,1.6351421,-0.58997685
2.340458,2.3275778,0.24255086,1.3350171
1.1443092,1.6730882,0.19785316,0.016334783
-1.1931934,-1.4735413,-0.8133409,0.06754792
1.0781753,1.164151,-0.28468373,-1.1037973
-1.7454122,0.14785372,-0.68777424,0.9378073
0.13849214,-0.45630494,0.5284815,1.2727317
0.26429033,-0.832462,0.26867288,0.79161865
0.21321523,-0.12968807,0.08717742,-0.062734365
-2.06024,-0.3988971,1.1874236,-0.84242004
0.06983725,0.6323092,-0.7985832,-0.53301805
0.9287974,-0.64945406,0.59657687,-1.1158301
-0.78158134,-0.7736578,0.46503174,-2.1576304
-1.208018,-0.9219128,1.1316211,-0.39163828
-1.6994125,0.7717797,-0.82428384,1.3361261
1.0838501,1.2330588,-1.611409,-0.04533452
-1.1909311,-1.6099097,-0.42445892,0.45134005
0.9462301,1.3140017,-0.23491009,0.29844788
0.9399719,-2.8934894,-0.66442347,-0.099211335
0.91455287,0.6563556,-0.3257565,0.42212278
1.0900043,-0.020766554,0.0126640005,1.1327124
0.1992369,1.2221994,0.15901902,1.0016189
-0.020791354,0.3103179,-0.73169136,0.75569856
0.39738894,0.48590633,1.0008842,1.0970707
-0.14811587,0.03266431,-0.7641036,-0.51648694
1.3702548,0.36473078,-0.792324,-0.20344673
0.4968156,0.0713308,0.18909022,-0.61147
0.81418157,1.2516496,-0.08452354,-0.32771888
0.36486915,1.3814425,1.8955835,1.2676579
1.3692031,1.0335394,-0.12136689,-1.2161758
1.3555171,1.5047413,0.116912924,0.0799512
0.7315659,1.100062,0.52444273,-0.21616468
0.980785,0.7294289,1.3859583,-0.21983531
0.89952743,1.0678024,-0.33262137,-1.5203192
0.71985406,-0.095863916,0.303493,-0.6276345
-0.4899813,2.4260674,-0.7644511,0.94700694
0.016720824,0.37764975,0.29131693,-0.189375
0.7789265,0.02594726,-0.48069307,-1.6614586
-1.4208213,0.6601332,-0.2976649,-0.12363327
-1.2157154,-1.7111504,-0.013558878,-0.59289634
-1.6443487,-1.1640157,1.5891734,-1.0637991
2.0033083,-0.8518933,-0.63113713,-0.38957924
1.4976209,1.4479517,0.5205497,-0.9846625
0.5743991,0.7976347,0.67109466,-0.8717151
-0.6196284,-0.50458866,-0.52280116,0.020113043
1.2907256,0.50840944,0.60891724,-1.3392422
-2.0066025,1.0998735,0.32036307,-0.9907327
-0.27466783,0.30275273,-0.53682196,-0.36595526
1.3840934,0.15721883,0.47657794,-0.6470834
0.097569555,0.1724933,-0.24563742,0.70726526
0.90017194,0.8553291,-0.33733582,-0.2946688
-1.1205223,-1.1441855,-0.46181723,-0.08707825
-1.9409237,-1.11278,0.88964397,-0.35812706
-0.75558156,-0.7318548,0.5134611,-0.06479497
0.6237164,0.55132335,0.25405714,-0.7039361
1.4584666,0.56558555,-0.20190975,0.038357675
1.4537318,-0.112142794,0.09064962,-0.31308126
0.9013903,0.69136673,-1.4792119,0.33799556
0.78592926,0.8481584,-0.08478664,2.1475248
0.40183312,-1.4975086,-1.4342699,0.22779414
0.33449244,0.96776754,0.08705695,0.51210165
-0.8739497,-1.9090723,-0.5887128,0.4686958
2.1970544,-1.0128626,1.2108291,-0.8560169
-0.2295956,-0.38250706,-1.0266964,-0.9387915
1.8257691,0.38080388,0.07653694,0.37053052
1.8201311,1.952215,0.5379823,0.48394898
-0.69916123,2.8310125,-0.2296638,0.15902399
0.79292154,-0.034985237,-0.5768933,0.10951045
-1.2072017,0.68360716,0.71178114,-1.0779612
-0.16707225,1.1201679,0.64629316,-0.51962036
0.4132007,-0.6055873,-0.030390892,-0.18929136
-0.21686041,-0.035642795,0.6501171,-0.7708652
-1.2794166,-0.9676583,0.057101727,0.20432983
1.4485173,0.3467273,2.2665133,-1.4136131
1.2358931,1.1047047,-0.5448254,0.41323966
0.03874889,0.18877356,-1.0724721,0.26800364
0.30380824,0.611557,-1.0731164,2.7393355
-1.3195909,-0.821342,-1.5885766,0.6899797
-0.026284108,1.3305614,-0.13602532,-0.15057462
1.4988121,0.5456071,-0.034572363,-0.287706
-0.029876968,0.3922546,0.13756114,-1.038025
-1.0034105,0.104360156,1.169378,1.0387397
0.07847221,0.18149683,0.27160177,0.73403656
-0.17505072,-0.5869192,-0.7693126,1.5449363
0.045872174,0.16893938,-0.7756422,-0.51749015
0.8170212,1.2263987,-0.3126805,-0.68415684
1.8532453,0.654379,-1.4926939,-0.24315894
0.4357509,0.6952588,-0.34001318,-0.35343415
-0.9309825,-1.3975385,0.08448075,-0.588125
0.01238138,-0.45463684,-0.22395468,-1.0500149
-0.4256103,-1.3679115,-1.6282089,-0.5483984
0.83498883,-0.6153007,0.5265376,0.033314377
2.1675107,-0.13830239,0.7346988,-0.9093223
0.20605373,0.47818136,1.3980664,-0.33653596
1.5871738,0.23087059,0.39653933,1.3626584
-0.023370534,-0.6267238,0.23212764,1.0575566
1.290198,-0.05575512,0.24099651,0.77315664
-0.06689858,-0.36552027,-0.22105321,0.034938008
0.28827426,-0.993466,0.53307366,0.8849553
-2.1715577,0.22437763,0.48489797,1.1616681
-0.29985502,0.23228371,-0.36510238,-0.20377655
0.6743832,0.2175344,-0.25881606,-0.51545703
-0.56509805,0.5915494,-0.3137021,0.14034681
-0.108901575,1.0351895,0.74135065,-0.63079864
1.3254358,-0.9035362,0.067248054,-0.13958392
-0.10753266,-1.1543422,-0.33145913,-0.38070402
0.15412061,0.107108586,1.3039848,-0.53544146
0.19667004,1.0359026,-0.07042503,0.4185175
-0.08807721,-1.1700835,-0.36493298,0.14235479
0.6347959,-0.0048286486,-1.09752,-1.1860579
-0.70400417,-0.044085763,-0.17007832,-0.67392206
0.013140867,-0.8739333,0.47657767,-0.6982076
0.7903934,0.46151266,0.6308847,-1.0237019
1.0019172,-0.21650633,-0.81825876,0.6160595
-0.5190407,0.95378584,-0.06692981,-0.59105515
0.68486696,0.0014234984,-0.057363488,0.24144705
-0.24161802,-0.801677,-0.7868364,0.8294153
0.5531753,-0.07644167,0.7810947,2.1697133
-0.7599984,-0.5045772,-0.0098182475,-0.15884894
-0.19190226,-0.52595025,-1.1140898,-0.54088753
0.6589831,0.084629975,-0.61653394,0.53854185
-0.927348,2.6628942,2.4311385,-1.169811
0.8142511,0.2045662,-0.21589692,-0.8528508
-0.62643915,-1.069139,-0.00023065541,-2.2110941
1.2672136,0.6968126,0.8579047,0.6047903
0.49322078,-0.04206397,-2.554409,-0.98615044
-0.55567884,0.49647507,0.37205493,0.14116767
-0.36169952,1.024583,0.8247649,-0.5193622
0.28479388,0.14710407,1.6578301,-0.07222487
-1.481169,2.187964,-0.6510182,0.58996505
-0.1576938,-1.1451712,0.41330978,0.5375604
0.58409667,0.21287021,-0.044079784,-0.050113264
-0.9352113,-0.1465146,0.7736498,0.94555587
0.027150886,1.2598155,-1.2524964,1.069739
-2.0565422,-0.3111628,-0.95846945,-0.2609725
-2.2015414,-1.7866372,-0.36078587,0.052749343
-0.22566223,1.8651278,0.5562314,0.6325697
0.26995522,-0.31340528,-0.37405723,-0.09667966
0.058958285,1.1294152,1.1817216,-0.36175388
-0.0061583603,0.8070804,-0.16177022,-0.5665524
-1.4080585,-0.35237065,-0.4251452,0.71871454
-0.1247065,0.89053774,0.4518681,0.91164035
-0.3652455,1.2457459,-0.31918442,0.3871337
1.1099329,-1.2006379,-0.32000834,-2.2998354
-0.10249582,-0.15372773,-1.3113822,0.8603947
0.47926313,-1.3728417,0.3797297,1.4737936
0.42449865,0.032079976,0.14176294,0.54591125
-0.58590496,0.06305274,-0.85895884,0.07182763
-0.3218025,-0.47129,-0.76646423,0.7960052
-1.5109613,-0.38338354,0.6504594,0.22479142
-0.8351254,0.085695624,1.0454682,-0.3156776
0.3390032,-0.3411257,-0.17520617,0.07189705
0.6197553,-0.9387506,0.2665416,0.20178568
0.20284635,-0.5508371,-1.0524166,1.6152406
-0.07988797,-0.82913244,-1.0408177,0.12138541
0.8492442,1.0230052,-1.572896,0.17731789
0.9016398,-0.6880221,-0.740983,0.63803744
-0.32075033,1.4043738,-1.4123588,0.95545715
0.4825938,0.31968725,-0.91917485,-0.8915242
0.78091526,0.6224689,-0.32058686,1.0794696
0.13400622,0.27976373,-0.99411726,0.88313
-1.6551985,-0.58623874,0.5434831,-1.1281887
0.31607327,-0.69994026,-0.22736593,1.1573477
-1.1591054,-0.43399653,-0.28256458,-0.53132325
-1.5178056,1.6927389,-0.5858295,0.065467045
0.39769268,1.4935703,-0.51522136,-0.7891557
-0.18566816,-0.44212592,-0.5017568,-0.87205124
-1.6835523,-0.09844624,-0.29692364,0.4459882
0.010602691,0.020332508,-0.19723496,-0.02883261
-0.03820359,0.17341985,-1.4443687,-1.2097964
-0.4038589,0.6506386,-0.61817384,-0.018721659
-1.4748716,-0.36296725,-0.80458856,0.02456
0.8528457,-0.90237325,-0.55726737,0.67799777
-0.039280474,-0.58524597,0.33654922,-0.26273814
-0.7235884,-1.6274176,0.51341444,0.55767816
0.31559908,1.534004,0.2688982,-0.93294466
-0.4867739,1.22219,-1.183654,0.14458436
1.42145,-0.009030151,-0.60294694,0.33885303
0.93435913,-0.587644,-0.35630625,0.5671944
-0.09169738,1.5284685,0.42892557,-0.28565446
-0.70574707,-0.035676476,-1.1421275,0.015757157
-0.94734114,0.8494797,0.11396159,-1.1822038
-0.1282278,-1.2274601,-1.484098,-0.6052686
0.13439687,-1.5108651,0.02790329,0.06570375
-0.144562,-0.5433404,1.1171062,-0.7858417
0.9009721,0.58577883,-0.8956185,-0.22236773
-1.7126832,-0.94421977,-1.3110136,0.9402824
-1.6430081,-0.18296508,-0.65569246,0.5235392
-1.930767,-1.0427096,-1.7336996,-1.1192756
-1.091004,-0.26625356,-1.0527651,-0.40866247
-0.12850899,-0.49979666,-0.3751087,-0.92967755
0.410705,-0.3388202,0.14161363,0.015360448
0.473658,0.20077243,-0.3993844,-1.7316301
1.0459815,-0.004379261,0.40131903,-1.0222821
0.1506547,0.22393583,-0.1507792,-0.80526155
-0.43169445,-0.28160533,-1.0559709,-0.27600384
1.2969705,-0.5307479,0.36771208,0.24625535
-1.6523013,0.42657763,1.0637555,0.6876851
0.8969686,0.052346192,-1.085362,1.3673241
0.51840234,-0.35121486,-0.48038605,-0.53303367
2.1337984,-1.846211,1.340368,-0.6112345
-0.64423287,1.2239625,-1.3446375,0.0075322366
-0.3100951,0.56307787,1.6387703,0.4264783
-0.68184096,0.27193427,-0.82402825,1.3561196
-1.1156666,-0.47962964,0.84339285,1.1983792
-0.19896531,-1.3289493,0.616464,0.5374641
0.96718144,-0.57309216,1.068776,0.44541183
-0.1267119,-0.9367141,-0.4094961,0.96705854
0.88894963,0.3402967,0.10663264,-0.20096894
1.0392528,0.28279388,0.5084493,-0.38363257
0.06803892,0.16882205,0.52805287,-0.11186225
0.35107478,-0.18104905,0.6045209,0.43176642
-0.38314494,0.61413205,-0.28545707,0.41824293
1.3876917,0.21723689,0.19195217,-0.16181155
-0.20041898,-0.07180474,-0.75110906,-0.1427097
0.5424101,0.5228627,-0.36112824,-1.8949622
-0.5678232,0.3169051,0.8254734,0.26462567
0.06348951,0.5306786,-0.34483644,-0.3021126
-0.6309386,-1.0134891,-0.011510225,-0.8423666
-0.1324465,0.60409474,0.87132215,-0.12062605
-0.14892979,-1.4855835,1.0515496,-2.483225
1.2675935,-0.23967652,-0.91203064,-1.3222682
0.2580403,0.12510471,-0.65675884,1.2711676
0.64965844,0.66208816,0.49190426,-1.3701206
1.3674699,-0.3194042,0.543724,1.3356061
0.20425215,0.727596,-0.75273854,1.0228707
-0.300308,-0.53628045,-0.7986147,-0.2405262
0.24812013,0.7389381,-0.4247041,-0.7125825
1.0273598,0.5006878,0.44141918,1.1048243
0.37490553,2.3407276,-0.747505,0.64517516
0.65772486,-2.0491967,-0.9684768,-0.5076013
-0.72726256,-0.21229693,-0.48375145,0.65170366
-0.121601045,2.633789,0.1420237,1.1315275
-0.22939543,-0.38739792,-0.51262605,-0.77337825
0.5618641,-1.1569536,1.0147262,1.519862
1.3943015,0.35021886,-1.0251842,0.1264142
0.41299233,0.25832638,1.7553371,-0.5104086
0.45217255,-2.493544,-0.5617246,-0.4800338
1.5817212,0.35742992,-0.75408685,1.358266
-0.5299452,0.9989966,0.8852997,-0.4423136
0.10833328,1.2176301,1.1629977,0.27313158
-0.3145214,-0.39445183,-0.30429557,0.84643096
0.1987603,0.74081045,-1.9968915,0.013907608
0.22822174,-1.6140649,0.2870339,0.5712824
-0.38557193,0.08338415,0.102237485,0.1221212
-0.82470703,0.09105974,0.123851955,-0.8482924
-0.072267264,1.4532058,0.8026062,1.5450418
-1.4609728,0.031126054,-0.45535716,1.6085225
0.42432368,-0.40161723,1.7143629,0.6090479
-0.6980176,-0.668725,0.44551942,-0.19911654
-0.56979144,0.24478857,1.2782599,-0.370014
-0.6764425,-1.6094217,0.20233805,0.5210129
-0.76986516,-0.19290574,0.9877742,0.19815557
0.28368765,0.9638794,1.2314311,1.2715212
0.01493323,0.21008898,-0.15859582,-1.9887916
0.07001864,0.3806096,-0.89107484,-1.1739936
-0.98901635,-1.1537397,0.25185862,-1.7498266
-0.07268063,1.6899552,0.46155956,-0.24093774
-0.119644955,-0.3806767,-0.51908207,-1.0462676
0.44144735,0.16935013,-1.026166,1.0145154
0.31535333,1.211318,-1.7802063,-0.35141098
0.24720465,0.78531754,-0.072711475,0.99068546
1.8438872,-1.6365215,1.1078373,0.65101373
0.7387433,-1.5813702,-1.830203,0.78047353
0.12818965,0.44276166,0.115973815,-1.1983281
0.60577977,1.1035234,0.60333955,0.05202802
-1.6411515,-0.33520442,-0.5330337,-1.2237148
1.179747,0.6231173,0.24945511,-0.22912121
-0.998195,0.43340415,-0.6988076,-2.3184066
-1.2398227,-0.9002808,0.49056327,1.2065041
-0.6978748,0.22812587,0.53615886,-0.8339999
0.33688524,0.5189098,-0.03094619,-1.1749023
1.0822011,-0.31428066,0.20215778,-0.9689077
1.2071208,-0.40622953,-0.6698911,-0.6653004
-0.2727798,0.8833579,-0.014583998,-0.15333012
-0.547349,1.7957823,-0.42340496,0.69992024
-0.03419641,0.7452293,0.6623407,0.59898615
-0.94219303,0.121938415,1.9335018,0.42106488
0.113588326,-0.93288803,0.04779373,-0.5094502
-1.530227,1.2854859,0.38212478,-1.3704163
-0.2864341,-0.7484552,-0.45946673,-0.5811445
1.4704076,2.392817,-0.6992859,-0.33290234
0.7922579,0.88645256,-0.37474483,0.52964866
1.2279266,-0.85132676,0.6755395,-1.3730013
-0.5941463,-1.2871034,-0.17951049,-1.8048605
-0.39525914,0.4970646,0.38256773,-0.88259155
1.7472209,0.6277597,-0.37543777,-0.0024197295
-0.03628072,0.95239705,-0.58215606,0.22181511
0.36260816,-1.8916605,1.7418693,0.1943283
-0.4018963,-0.23467042,0.15983757,-1.0325072
-0.7782458,-0.54324335,0.20761313,0.10447632
-0.32517394,-0.53850496,0.6668429,0.78017175
-0.10323383,-0.96321666,-0.20754482,0.85487956
1.1620972,-0.21600729,0.08159206,0.075545385
1.9946259,1.1569756,-0.4864684,-0.17165616
1.5837818,1.4187635,-0.7687263,1.0797735
-1.614318,-1.0707191,-0.4827203,-1.6875088
1.0876026,0.9275641,-0.22116329,0.25890929
0.6573672,0.39053246,0.2099117,0.21447721
2.1224215,2.214232,0.36051592,-0.17633545
0.62436706,-0.16917159,-0.50841105,-0.7495615
1.320753,0.33176053,-0.35051352,0.88029474
-0.7202833,-0.80311304,-0.39209953,-0.6074606
-0.79648215,1.3059759,0.35240015,-0.046658643
-0.6799064,0.83923024,0.13453013,0.6510324
1.5134453,0.014079393,-0.40367407,0.26841578
0.34611338,-0.7920899,2.0227094,-0.040836945
0.014073347,0.5105056,0.7159867,1.9516492
0.15989691,-0.20940189,-0.15808025,-1.5831338
-1.3294536,-0.7037904,-0.16880934,0.06312357
-0.9005411,-0.2272784,-1.0664098,-0.63694775
1.1747943,1.2518957,0.76073986,0.1507239
1.2269878,1.0476482,-0.043678824,2.445093
-0.65634423,-1.3579568,-0.44035813,1.2630212
1.1323786,1.100632,-1.4102374,0.43119788
0.1937777,0.5794176,-0.26220283,-0.4148034
-1.5141971,-1.3302273,1.1951227,0.19713345
1.7493771,0.04220221,-0.32317412,0.9345606
0.7521218,-0.15989561,-0.21782172,1.2400863
-0.19696079,0.6711686,-1.747662,-1.7066519
-0.42115134,1.0290772,0.8320525,-0.093782924
-0.53567606,0.752514,1.1428442,1.3908517
0.054507848,-0.7517135,-0.33346936,1.6426278
0.89403546,-0.69852346,1.8261654,0.9389415
-1.0414565,0.20488465,0.18061224,-1.1075444
0.45084676,-0.27285197,-0.02725619,-0.019828383
-1.6828686,-1.1267307,-0.03896549,-0.2232281
-0.44607577,-0.5644748,-0.32054028,-0.40020066
0.8362655,0.86992574,-0.90562046,0.056481153
1.5377986,0.8800745,2.2004793,-1.3733691
-0.6804635,-0.49472564,0.325806,0.2450409
0.64479667,0.8577358,-1.1043249,0.538655
-0.5238796,-0.62316304,-1.4152735,0.19030935
1.2206827,0.16026738,0.20467809,-0.17838527
1.3701303,-1.2712111,1.0890656,-1.3985964
-0.47582835,0.2264329,1.0784074,-1.406811
1.0355864,1.5643859,0.46164307,0.93138796
-0.62582827,-0.74399394,0.23802227,-0.06663031
-0.8145651,0.50374424,-0.018925514,-0.21417704
0.7546313,-2.4639335,0.095141836,-0.3921798
-3.2494764,-1.4369072,0.6964257,-0.8969914
-0.6853214,0.88484573,-0.16461165,0.35047597
0.7458765,0.74591476,-0.5537405,-1.5102279
-0.4989035,-0.31104907,0.6481035,0.84311515
-1.3218496,-0.76731634,-0.56574064,0.5295249
-1.0070153,-2.0197108,1.3392898,0.26969454
1.2339891,1.4643515,1.1185176,-1.6819444
2.5926356,-0.88065594,-0.2535875,-0.60984975
-1.5624548,0.4124747,-1.9700248,-0.72602105
-1.0761082,-0.07433422,-0.36546132,-0.5971743
0.11717324,-0.13951471,0.021908466,-0.29288742
-0.19710496,0.861018,-0.34044108,-0.14519368
-0.23614426,-0.088007204,1.0458549,-0.34699735
-0.50749505,-1.1508101,2.3547478,0.10895948
2.0440183,-0.24341254,1.1875242,-1.1028336
1.7542114,0.29195842,-0.45441112,-1.657626
-1.4202832,-0.93682986,-0.42966545,1.5462908
-1.1629791,-1.8966588,0.723945,0.5220295
-0.57293427,-1.0044233,0.13563775,0.33429697
1.3531634,0.84928703,-0.29135302,0.19154409
1.5124447,-2.237793,-1.3531368,-1.1476703
-1.3749349,-0.84863466,0.3270005,-2.352387
-1.7594048,-0.48184776,-0.6753516,1.4622344
-0.53550035,0.1461602,-1.4190576,-0.0075576697
1.0594765,-0.08304081,-0.94691753,-0.26468846
0.19954471,0.14471672,1.3288219,0.9313125
-0.44449118,-1.5232308,0.57685864,1.1007699
0.5381601,0.62727946,-0.32865176,0.57046115
0.37897557,-1.2014914,1.4330804,-0.43923035
2.2462733,-0.21646276,-1.3855371,0.20640506
-0.9792116,-0.960215,-1.2182493,-0.37989777
-0.9768317,-0.7635498,0.24565646,-0.9773395
-0.9147937,-0.40555713,-0.11611042,0.08253097
1.1436939,0.8128804,-0.07922952,-0.10443565
1.6846507,1.2474344,1.0502061,1.6118275
-1.662859,1.5859897,0.25759774,0.78741693
-0.6455999,-0.75365996,0.6156108,0.4109781
-0.9251707,1.1216716,-0.101428606,0.07045918
-1.1739556,-0.37508664,0.43068478,-0.4942932
1.1988047,0.13183121,0.4699581,-0.9071845
-0.47656897,-0.55185413,-0.040955707,-1.2726024
0.02989072,0.05285523,0.5554962,1.9426422
-0.89067495,0.49644446,0.2279513,-0.35786787
1.6938922,-0.8953833,-0.0038276133,-0.8862954
-1.6025473,0.11089398,1.8893578,-0.23474005
-0.57073796,-0.21038793,-0.027333725,-0.038961176
1.5554101,1.4892834,0.68170834,-0.50995284
1.3740923,0.58160645,0.45315787,-2.0328152
-1.1059977,-0.13883412,1.7642454,-0.7826947
1.2607772,-1.0061185,0.024192264,-0.5675325
-2.115759,0.25421602,0.7593742,-1.6903349
0.14388645,-0.20489824,-1.2237657,2.0187414
0.57557213,0.42841575,0.9316799,0.64405227
-0.11794467,-0.4262167,-0.59619516,0.010339571
-0.054342844,1.1845855,2.2433302,0.46384847
-0.12500043,0.29855743,-1.054143,-0.562632
0.76919496,-0.13468827,0.18455529,0.87365156
-0.6378887,0.29555508,-0.056219142,-0.91869354
0.058907617,-0.06372903,-0.95868796,1.4596165
1.7780243,-0.06525845,-0.08785857,-0.2771001
-1.1141446,-0.46533152,-1.2445356,-0.1196069
-0.19825041,-0.803093,0.5712675,-1.0297872
0.52711016,1.0262434,0.5064642,0.40570188
0.5374095,-1.2776634,0.41132,0.6322758
-1.4343222,0.6904841,-0.34177715,0.17970775
-0.67945343,0.6677585,0.59257334,-0.5571273
-0.011256834,1.1398289,-0.25996742,-1.2885205
-0.055703316,0.30468714,0.15814483,0.35539937
0.27401114,0.86151713,-0.65139186,-0.45440364
-0.05400359,-0.60702235,-1.4384122,-0.31322822
0.66834515,0.2787737,0.025205513,-0.14770038
-0.23341905,-1.6588986,-1.2104449,0.6790297
0.3568195,1.3292956,-0.5169067,-0.40957925
-0.0031171483,-1.2229464,0.39477363,0.18123378
-0.12019587,0.049534064,0.17658445,-1.6253228
2.2822142,-0.97005486,0.12251699,-0.9447616
-0.31969514,-0.35045984,-0.23765035,0.7600682
0.23812714,0.5427632,-0.87142766,0.72738636
-0.056555845,0.055613875,-0.09538654,-0.33364508
0.22570746,0.14933577,0.9932896,-2.3585021
1.1152599,1.8356642,-1.1046802,0.17503054
0.8769014,0.7082704,0.45249814,0.101475365
1.318915,0.7245043,0.10770083,-0.79525465
-0.005533659,-0.7712497,-0.85512424,-0.10748389
0.48667872,-1.3680031,-0.41975126,-1.1851902
-0.41405132,-0.072976485,-1.8680322,0.12506624
0.12157557,-0.87329614,0.8561788,-0.8312775
0.30424657,-1.0631527,-0.7074331,0.66283196
0.8352412,-0.8711253,-1.4758135,0.3491741
0.2295245,-1.2722499,-1.1978717,-0.5495564
0.55653197,0.036201667,0.08357719,-0.07252364
1.4501665,0.04544208,-0.21024027,-0.084184326
0.75475097,0.075013325,0.26701078,-0.65597236
0.68918306,0.008096109,-0.74144566,-0.7099723
0.13449381,-1.8462789,-0.09040765,-0.017551983
0.094463706,-2.0422156,-0.41734213,-2.0670872
0.0906903,0.22187571,0.22072475,1.506677
-0.04129262,-2.4404883,0.5712267,-0.63361585
0.4954289,-1.9172575,-1.2479956,-1.5942488
-0.38822952,-0.20313886,-0.3788036,0.77411187
0.81253135,0.6967159,1.5308595,0.90890455
0.059989624,-0.47948772,0.20756023,0.04092643
0.060955957,1.6635615,1.7396476,1.5511883
-0.6591029,-0.67816937,-0.657549,0.21385773
-0.05718132,-0.4600776,0.7393571,-0.5298243
-0.8016753,-1.0685093,-1.5314515,-0.09594509
0.10561892,-0.42588913,-0.24503754,-0.7791066
-0.17921308,-0.97914433,-1.7803972,0.33169228
-0.5698124,0.108137466,-0.6584146,-0.0018516385
-0.21442434,1.8233837,-0.04043821,0.52154154
0.6272478,-0.93069917,0.269434,0.99059653
-0.8060344,-1.3106931,1.9433692,0.21438994
-0.19064301,0.63676524,0.868061,0.1345434
-0.12680644,-1.0640633,-0.24788162,-1.2223113
-0.3819869,1.412193,1.4861269,-2.0523577
-0.85175496,1.7737496,-0.99503094,-0.49468228
0.88878524,-0.9892159,0.5359854,-0.93891287
-0.07302692,0.08334366,-1.1946535,0.31109455
-0.23384838,-0.92379254,-1.5122577,0.93584067
0.001284355,-0.34120703,-0.33733752,0.05190455
0.291907,-0.5792557,0.72575676,-0.008814238
-0.11444496,0.2802944,-0.062199004,0.8766534
1.358542,-0.25450906,-0.30061856,-0.78030854
1.0853747,-0.05072763,-0.18420629,0.22767368
0.62826025,0.8986484,-0.19497953,-0.5026241
1.522273,0.26165196,-0.61330986,-0.8656289
0.12368866,1.0895392,-0.6206746,0.037171263
1.235176,0.5342381,-1.1942428,-0.002683688
0.07578799,-0.647489,0.7710203,-0.48272875
-0.34182116,-0.745676,0.5970454,2.199478
0.88596374,-0.9611483,-0.7685964,0.42927796
0.5741456,1.0644481,0.46807125,-0.08255469
-0.83858705,0.3872905,-1.8666435,-0.91991985
-0.11528158,0.6821357,-0.008690833,0.98175955
1.0095421,-1.5217195,1.7594411,-0.62398285
0.17771374,0.605045,-0.48302096,-0.1853563
0.21676366,-1.1796048,-0.14282025,0.1677046
-1.2704089,-1.343052,-0.19725597,0.9251504
0.23358981,1.0949237,0.027919134,0.04209367
0.09786769,-1.6193659,-0.19225551,-0.7122487
0.05376353,0.67605144,-1.2170562,-1.934076
-0.48565227,1.1305108,-0.016675236,-0.3799478
0.68221503,0.20391539,0.30981207,-1.4402081
-0.03770607,-0.27284023,1.3143691,-1.0481586
0.31122255,0.57208896,-0.057916056,1.0983323
-1.0137274,1.0947388,1.0007343,0.099336654
-0.9612585,1.3349434,-1.2018209,-1.2448902
-0.060274057,-0.35039005,0.056869917,2.481215
1.260122,0.12348986,0.22727115,1.2314019
0.60956216,-0.3092901,0.4322246,-0.9326648
-0.3633634,-0.9479741,0.7274339,-0.018605774
-0.059618194,0.35668266,-0.78545076,0.8129962
0.30244684,0.92731285,0.0053416514,-0.32385388
-0.15628755,-0.635956,-1.6725242,-1.1819235
0.03721189,-0.19120705,0.38865855,-0.54543316
1.2765651,0.11949852,0.6130699,1.91641
-0.41072723,0.6393504,-1.4494079,-0.5114098
0.50039625,1.1989679,-1.221081,-0.075414896
-0.037835203,0.8738413,1.8544308,0.1713472
-0.3743981,-0.02185327,-0.5692131,-0.668892
0.33036673,0.26821634,-0.9651306,0.2778471
-1.6412898,-1.176511,0.36184397,-0.47475332
-0.6130667,0.6156046,0.51877445,1.5273936
-1.9043725,1.1853174,-1.2160467,-0.2636135
-0.1193496,1.0976403,0.73574835,0.021955451
-0.000376872,0.06485834,-2.4679122,0.7042116
0.09366607,-0.93203026,-0.8117174,0.8326596
1.3181714,-1.2084424,-0.3617384,0.45021263
0.23179816,0.59281254,0.862216,0.49198955
-0.23700964,-0.9272835,-0.087390155,-0.37310162
0.76803756,-0.6157497,0.12955305,-0.059211314
-0.31366014,0.19211313,-1.9744446,-0.6847433
0.49205416,1.2820097,-0.7447685,-1.24306
1.3828949,-0.038604457,1.2692592,-1.7883136
0.4190493,1.3467221,-0.2388855,2.1587958
0.32338104,-0.2814653,-0.24728727,1.8205247
-0.2993082,-0.5935899,0.5462528,-0.08873354
1.8219851,1.6608901,-0.740302,0.6069589
0.4818493,1.0186682,0.49556774,-1.0530353
0.9566212,0.62875867,-1.0953516,0.86736494
-1.2864794,1.0183504,-0.5600424,0.8264104
-0.70231843,-0.8063807,0.9573377,1.1473061
1.5521815,-0.60954463,-2.210578,0.11777751
0.68017787,0.62479675,-1.0999241,0.044587564
0.3336709,-1.2792073,0.4366144,-0.5796219
1.0313588,-0.020301333,-0.10411854,1.0968785
-0.65041935,0.5789659,-0.015452929,0.30088663
-0.3943592,0.7213481,-0.8650173,0.14308058
-1.5977602,0.4493455,-1.5064381,0.49570853
0.84413075,-2.2278602,1.0698822,1.202364
-0.89930767,-1.344123,-1.3596995,0.51222163
0.7255116,0.07890329,1.0520813,-0.2527207
-0.5078795,-0.24642825,0.32670364,0.61835486
0.007804305,0.8181901,1.0075138,0.6727316
-2.085764,-0.88158673,0.09144239,-0.35174513
-0.00933821,0.38805646,-1.0026357,0.72918844
0.47137523,1.7802556,0.9351504,0.97442526
0.71980023,0.019305404,0.25381193,-0.035701614
1.006168,0.45343584,0.69706595,0.01169686
-0.44864652,0.20040981,1.2998072,0.577246
-0.23709019,-0.91517466,-0.9459336,1.0235817
0.5378803,-0.80428034,0.3813373,0.5755809
-0.11168625,0.08928097,0.7615926,-0.37776786
-0.11448131,-0.60498524,1.6989405,-1.3721535
0.16885164,-1.3393054,0.3689026,-0.64561796
-1.1150173,0.34876397,0.8211049,0.7032725
-0.41154903,-1.8295752,-1.0249084,-0.4836077
-0.5753161,-0.13754232,0.18611988,-0.54741335
-0.3007845,0.60791564,-0.6936333,-0.22247824
0.17000468,0.05231274,0.7451875,0.43280166
1.3263825,0.103902474,-0.6544553,-0.37393877
0.5160897,-0.0014904363,0.99227613,-0.71432036
-0.6879375,-1.4236779,-1.6216538,0.4398232
0.22960547,0.47374997,-0.9476111,0.41957662
-0.18928467,1.9676435,-0.7312173,-0.27861246
-1.1773143,1.9053909,0.22478104,0.62950474
-0.088235505,-0.48056164,-0.47733644,-0.43572766
-0.322071,-2.14096,-0.79978395,0.50783736
0.2578472,-0.9769651,0.81950057,-0.19028448
-0.24806716,-0.40128908,-0.72364116,-0.19964267
0.099492304,-0.028869595,-0.13982762,-0.6503087
-0.0956905,-1.3670181,0.2659687,1.0113856
-1.524102,-0.51023114,-1.6384568,0.09132423
0.18207799,1.1203986,-0.49115336,0.5030695
-1.2953647,0.10647825,0.23916438,0.71283877
-1.7818266,-0.9148892,0.40598446,-0.8827822
0.15052122,-0.19005461,0.93780154,1.7359273
0.75836974,0.3854957,-0.68564606,-0.22891954
1.9188192,1.2965698,0.60322416,1.0700916
0.0042996826,0.5140546,-1.6240016,-0.36370432
-0.83295023,0.2271849,-0.226018,-0.88353133
-0.3065973,0.9184839,-0.49652618,-1.6141225
-0.12661117,-0.4718412,-0.99773085,0.60740346
-0.4187708,1.1995988,-0.67649764,-0.6759408
0.61595094,-1.0688934,-0.96513665,-0.4636611
0.32218832,0.5476419,0.30078128,-2.5541813
0.019900547,-0.39064914,-0.092570364,0.9146275
-0.13385186,-0.72779125,0.27985755,1.385206
0.034239497,0.8259621,0.28639102,0.38256747
-0.5050078,0.67762786,0.14736812,-0.31425044
1.1302041,0.2963338,-0.90970093,0.0079095485
0.06409407,-0.25534955,0.17444146,-0.05010206
-0.3006666,0.35326523,-1.4675043,-0.5942324
0.6592493,0.24721767,-2.6029165,-0.02921453
0.8394406,-0.49388662,-0.3245302,0.59154224
0.45127574,0.03845241,-1.5846788,0.44404256
-0.35579836,0.42042106,-0.69226754,-0.28329977
-0.36241928,-0.6623572,-1.1408883,0.843717
-1.1354265,-1.0172174,0.23986365,-0.47271043
-0.3699231,-0.36417162,1.0384864,-0.63939655
0.39903703,-0.31763467,0.43255672,0.4955206
-0.2774535,0.68838096,-1.4179409,0.86582667
0.20823586,0.81934756,0.25119424,-0.29426682
-0.078407355,-0.6019726,0.4001553,1.1905401
0.016735876,0.8478359,0.008698637,0.64993465
-0.052860674,-0.2120796,-0.22512823,-0.30323815
0.99894077,2.0166261,1.0068762,1.5697181
1.2060084,-0.050627816,-0.041072592,-1.1024956
-1.197274,-0.511656,-0.22460671,0.991343
-2.545047,-0.16262451,-0.5568624,0.83390087
-0.66778535,-0.11146462,-0.6270268,-0.64505273
-0.49636927,-0.5404055,-0.9133588,0.2442777
0.26720807,0.088336796,-0.2680896,1.4830766
-0.8615436,-1.8892419,0.76369953,0.20659472
1.0317062,1.5734931,-1.3845963,-0.012765643
1.1897272,-0.35920385,-0.5843467,0.2879307
0.8376298,0.16361642,-0.62690127,-1.8485066
0.69785994,-0.51782286,1.1166571,-0.804946
-1.1869562,0.39090607,0.10065335,-0.46480703
1.161748,1.2741296,-0.20909256,-0.36358202
0.44500378,1.1177173,1.3269023,0.5847816
0.18753026,0.13745049,1.154928,1.9283412
-0.56842196,1.1706569,-0.968854,-1.1214
0.5587553,0.6534042,0.38478073,1.3409562
-0.31281486,-0.25264552,1.3240446,0.1869857
0.9225505,1.2097344,-2.1752832,0.38696948
1.1327472,0.99826986,2.1824033,-0.72579163
0.72474694,0.9883008,-0.4652122,-0.007688133
0.90391886,1.0224966,0.38069162,-2.3340943
0.94398093,1.161167,-0.19624615,0.37512586
0.7999051,0.6795733,0.68358624,-0.47101888
-1.3278933,-1.3371359,0.27273825,-0.5655522
1.2288935,0.42532465,-0.40817288,-0.28936818
-1.3582201,-0.36982495,0.4001552,-0.16878915
-0.27065888,0.28895774,-0.48661795,1.4326469
0.3974988,0.34125897,-0.7906088,-0.3868297
0.49202624,-0.48586184,0.5955076,0.4361547
0.80548334,-0.2607498,-0.3795024,-1.303395
0.8327761,0.8523823,0.5261846,0.54047626
1.0780486,-1.9586618,-0.18207757,-0.7060313
1.691942,0.61594975,-0.27976713,-0.21888837
-0.85730827,-1.3466325,1.2011313,0.47062647
-0.953005,-0.5370243,0.5185043,1.4556524
1.1996125,1.1837872,-0.28244543,-0.12578665
1.0532203,1.1937182,2.0269258,-0.29520234
-0.74718475,-0.82503045,0.10439513,-0.5853453
0.906638,1.0380752,0.11251649,0.3697388
0.85190004,0.8056426,0.43847424,1.1732811
0.949881,-0.6133375,-0.054290544,0.2172017
0.44142753,-2.4303641,-0.7594358,-1.3124079
-1.2185243,0.8509265,0.16215147,-1.2170191
1.8555583,-0.44168046,-0.8004382,-0.40069634
0.05261822,0.1371099,-0.29533845,0.7420531
0.13891292,0.06096845,-0.9181761,0.43691856
-0.28860053,-0.24798478,-0.221712,1.8804519
0.927251,0.47858238,-0.106688835,0.17217588
0.15978101,-0.20260997,0.5729297,1.5052176
-1.1269661,-1.5603144,0.3738403,-0.67354864
1.3727432,0.69374895,-0.8073516,-1.8506296
1.56686,-0.086250395,-0.050652176,-0.67230487
-1.3491509,-1.1287445,-0.7964815,0.11568706
0.6209102,0.86802393,1.108643,-0.17723106
1.2092236,0.7494645,-0.039550252,-0.3818827
-1.2698215,-0.8881885,-0.15173016,0.53618026
1.461,0.5535645,0.09440838,-0.24256966
-2.238496,1.2136146,-1.5809394,-0.07207809
-0.8153636,0.20594275,-0.75615585,1.5833846
2.118457,-0.98915786,-0.03850332,0.86936563
0.166835,0.22278486,0.077602595,-0.26991588
-0.8372816,1.3540909,0.38987806,0.32553914
-0.7915791,0.22342275,0.44945034,1.3438098
0.4571903,-0.23944779,-0.84517896,0.62688994
-0.46823946,-0.30527076,-0.22529705,1.4290888
-2.222556,0.5561852,0.6184367,0.9181914
0.60710746,0.7040689,1.18247,0.6676836
1.0154934,0.6512608,-0.04319574,1.5040041
1.5466453,1.0891069,-0.3094784,0.54743636
1.6436883,1.0726392,-1.0398815,0.080248825
-1.5726796,-0.8745484,0.88809186,-1.5866764
-1.2640007,0.14971028,0.119426474,0.16352034
-1.7131995,-0.8109337,0.7405832,-0.7678631
1.8655058,-0.18285704,1.2656217,0.19411008
-0.55641544,1.5817386,0.005199589,-0.4966969
-0.21414609,-1.1092126,-1.363502,-0.196979
-0.34512985,-0.93297446,-0.7621922,-0.71577406
0.44403127,-0.3983389,0.56114787,0.39188936
-0.04384047,0.28052533,-1.1354874,0.10719972
1.6572522,0.47792664,-0.9160533,0.4361845
2.0630455,0.28515616,-0.049170863,-2.4664023
-0.9071786,-0.44517696,-1.023195,-1.7411656
0.7681634,0.50968444,-0.14703146,0.37096745
-1.2027757,-0.5256801,0.16524544,-1.3782601
0.42965648,1.3475016,0.91096765,1.632103
2.4751983,-1.1196054,0.2437594,1.5311279
0.6698289,0.3854764,-0.73417526,-0.014503546
0.8151681,-0.59779775,-0.08188951,-0.1378837
-0.91876936,0.02929838,0.1696427,-0.64271384
-0.89958185,-0.15735726,-0.3843863,0.79038197
0.14313298,-0.29352772,-1.0885695,-0.09982863
-0.012303469,-0.12653641,1.4631531,0.867238
0.29608467,-1.0370603,-0.9784421,-0.25615865
1.2164439,-0.09936276,0.2086979,-0.8442434
0.7713449,-0.3322173,-0.056417137,-0.45506898
-1.0341085,-0.64189345,-1.432301,0.92454386
-1.7674589,-1.6512929,-0.88892794,0.7234073
0.9167855,1.003218,1.0222622,-0.92493635
-0.4364087,-0.8446937,0.23031235,0.27287012
-0.4532214,-0.72700185,-0.09223821,-0.5715676
0.41322583,0.10981401,-1.0011326,-0.03644888
0.64378256,-0.5137486,-0.7126951,-0.9768787
0.8213509,-0.35390148,-0.6410289,0.2694371
-0.6278709,-0.5031896,-0.2732348,-1.2974873
0.32943264,-1.194485,-1.8313224,-1.6303785
-0.28375587,0.13845032,-0.022949766,-1.5413939
-1.0559597,-0.79018414,-0.36319822,-0.47641373
1.4645609,0.26925585,0.43581533,-0.9067185
-0.104650795,0.11551306,-0.1496353,-1.228661
1.0894216,0.33144367,1.0880513,0.15622796
-1.032595,-0.3472317,0.45003775,-0.65342015
0.77826315,-0.043719344,-1.2910777,0.67232037
1.7567705,0.12791812,0.541771,-0.152506
2.5954444,0.16047806,-0.8640556,-0.35353532
-1.7923656,-0.8985702,1.1156592,-0.6970426
1.0252538,2.1547751,0.07474379,-1.5786711
0.6972282,1.1768537,-0.15345216,1.2331082
0.041296195,-0.298738,0.58129966,0.86968225
-0.039623234,2.3975575,-0.5312734,1.107389
-0.96250165,-0.15832399,0.47842073,0.46108592
-0.13284008,0.8462039,0.34155524,-0.43377727
-1.2031679,0.021857183,-0.42461666,-2.1732106
1.6686119,-0.02896945,-0.076823264,0.9115472
0.75628656,-0.4054006,-0.17953366,-3.043578
-1.5145884,-0.7305254,0.083363675,-0.393779
-0.2077001,-0.10138592,-0.33283204,-0.7907801
-0.98830223,0.053544942,0.47924176,1.0145165
0.98253727,-0.9312368,-0.250791,-1.0594239
-0.59075165,0.7695097,-0.53142357,-0.20907064
2.0654402,0.9626873,0.63175994,-0.3222208
1.5235364,0.35270602,-0.16135916,0.69742125
0.3389234,-0.16057257,-0.01853849,-0.4531838
0.9024475,-2.21226,2.1175976,1.949058
0.22538374,-1.3519359,-0.2980598,1.3232727
-0.1890644,-1.3664875,0.8558362,-0.13975205
1.1481938,0.16854386,-0.45608208,0.8744072
0.42078397,-1.0143135,0.23534402,0.9671564
-0.5456058,-0.9073101,-0.81702894,0.5431594
-2.4133332,-0.7267462,-0.38787496,1.5636055
-0.8895439,0.1532453,0.7164737,0.19933808
-0.1194368,-0.11332581,-0.23553614,-0.6251914
0.527642,-1.3339128,0.49832153,1.211279
-0.5422961,-1.1581051,-0.1829025,1.2099637
0.45310122,0.8718793,-0.3695224,-0.52652204
-0.33090225,1.0848008,0.9352061,-0.99017376
-1.0404596,-0.383582,0.13934825,-1.1455611
-0.036949277,1.1055535,-0.38398042,0.86743534
0.8963839,1.8698813,-0.041847553,1.0158783
2.3562663,-1.3928068,1.1145915,0.56960225
-0.35863444,1.7291421,-0.7529563,-0.58653575
0.9532669,0.12185078,0.8970565,-0.68233925
-0.5861381,-1.3015851,0.39257693,-0.21429399
0.081735335,0.7133927,-0.63215375,-0.6116484
-0.28316706,-0.18637837,1.0748888,-2.0897768
0.742057,-0.60209006,0.7536519,-1.0627006
-0.30733478,-1.0141084,0.6330785,0.5187498
-0.2211941,0.57694316,-0.61325943,-0.21432659
-0.9892273,0.16495134,-0.1983463,0.1482174
-0.45349473,-0.29501313,-0.12546103,0.18784173
-1.0166028,0.035395954,-0.45370445,-0.018959869
0.19526471,0.3305836,-0.5424587,0.69584656
-0.011054711,0.0066189896,-0.9070344,-0.7292258
-0.4842257,-1.1084117,-0.57336104,-0.99155235
-0.22091232,0.43295813,0.16944116,2.053219
-0.30744073,0.7821928,-0.15232795,0.91669244
0.2170092,-0.25872773,1.0531403,0.6545566
-1.273335,-0.057362903,-1.0589011,0.63536125
-0.07229182,-0.30476385,0.9607758,-0.58708274
-0.48845837,-0.36246467,-1.051651,-0.6054498
0.3605197,0.0770002,0.85262674,-1.6910346
-0.09709401,0.0064076753,-0.006480014,-0.16804928
0.019543514,0.23532453,-0.14267607,1.3402407
-0.3815266,-0.35200882,-0.8228978,-2.0629082
-1.0400115,0.40797642,-0.59943897,-1.205518
0.19889633,0.45600593,0.11595668,-0.5198343
-0.75007266,-0.011033217,0.7275134,-1.4555882
-0.24748679,0.52823585,-0.21760613,-1.6810857
0.26348126,0.026885927,0.28414738,-1.2430935
-0.14884482,0.690741,0.4646699,-0.5780811
0.81254154,1.0890669,-0.27357748,-0.13698538
-0.9579991,-0.050534148,-0.94830465,0.0009587976
2.2896407,1.3370241,0.6064508,0.5501954
1.6826919,1.3167801,-0.103449605,-0.6273559
0.37798065,-0.50717103,1.404499,0.8106946
0.18418735,-0.5446763,-1.1672807,-0.9401764
0.5391609,0.5323618,-0.5053504,-0.4379782
0.1358068,0.72300696,-0.5277694,-0.37599212
-0.6121923,0.0011985004,-0.4232326,0.70374805
1.0706002,0.5585773,0.6833428,1.7120908
-1.0342579,0.09699841,-0.103795394,0.45109585
-0.508721,0.1082944,-0.034626108,0.2605616
0.30446002,0.34939378,-0.1559592,-1.0490147
0.16346747,-0.66407657,0.91513085,-0.14068437
0.26609296,-1.2366477,-1.7377373,0.241511
-0.3224532,-1.140905,1.4532379,1.6370752
-0.7656179,0.18223853,-0.7334736,-1.3344254
0.02826575,-0.6379047,0.30695984,1.3627684
-0.83754104,-0.07299613,-1.3059858,0.24182625
0.8988096,-0.15110348,1.4092767,0.1706051
0.0025281406,0.5834702,0.07061193,-1.2317041
0.9209784,0.8498388,-0.8460827,2.0471323
-0.30250356,-0.5893919,0.13154933,-0.908076
-0.016314227,-0.22456917,0.5392663,-0.73857456
-1.0915581,0.06334439,0.7881035,-0.58384067
-0.30992922,0.54588014,-0.46741405,2.2048197
0.010226498,0.5430598,-0.0886426,-0.45980227
-0.5445615,0.5444973,-0.45271435,0.8954263
0.73939663,-1.2442293,0.6207349,-0.3597497
0.29136634,-1.6235129,0.20241815,0.9851185
1.4466628,0.96685755,-1.1644592,1.485705
0.02564777,0.67544997,-1.1429428,-1.7710482
1.5711402,1.5914826,1.2343143,-1.5634779
-0.40178788,-0.44277894,1.1254126,0.24544759
0.13431557,0.2742928,0.95651096,-1.0220994
-0.23198786,-0.45787343,0.19141032,1.1324593
-0.66386414,-1.030198,-1.6130927,-0.15027235
0.4717798,0.079819344,0.69538325,-0.13336915
-1.4435741,0.46079606,-0.33383992,0.7739717
0.9212891,0.012944395,1.0711212,-0.73177284
0.052556816,1.4801673,0.41971278,-1.4496114
-1.1876024,2.8783429,0.20177095,0.8224364
0.19500123,-1.8640358,0.16106153,-1.165876
1.2468395,-0.077973336,0.13538504,0.3333
1.0233755,-1.2126188,0.9512194,0.16692215
-0.23612435,0.73425317,-0.5929482,1.8051585
0.7264276,0.6851593,-0.041147184,0.10164604
0.018688634,0.33906448,-2.5376177,-0.38164172
-0.23267116,0.85147005,-0.63463265,0.4452873
-0.42278805,0.6943907,0.3858223,0.5104706
0.8683555,-0.469112,0.68849784,0.177033
-0.65616894,0.38747507,1.7864144,0.012999905
0.6841963,-0.3319443,0.23868553,-0.28089723
0.80675906,-0.053083006,-0.51627684,-0.5135774
0.611878,-0.23523484,0.15751222,1.5899054
0.45890534,-0.6948697,0.5759623,0.055088248
1.188037,0.5935103,0.6105533,0.1113728
0.16891661,-0.59066033,0.584149,0.043535512
-0.5060412,-0.25936288,-0.9320828,0.028298067
-0.52659404,-0.14993307,1.1521128,0.3844873
0.8802172,-1.2066379,1.7319537,0.22070354
-0.69982374,0.09499707,0.09207908,0.77243763
-0.11841174,-0.8769911,0.789678,0.13875942
1.5808743,-0.7663324,-0.12875685,0.17690445
-0.4385499,0.028425833,-0.13060114,-2.5155973
-0.14154103,0.5166639,-0.045532744,-0.9159941
0.449913,1.4474937,1.0188102,-0.8499657
-0.9524026,1.2117531,1.9195594,0.12310105
0.2445161,0.80953074,-1.765622,-0.3759454
-0.63896984,0.4608368,0.40141374,0.052521467
0.040613815,0.3293493,-0.5032002,0.9674992
0.12647636,0.7171211,1.7988396,0.16603515
1.0002599,0.98776096,-0.9084278,-0.9117554
0.4398071,0.49937797,-0.7171393,-0.81032366
0.17751114,0.47041377,-1.1027428,0.14651014
-0.028963218,-0.7211564,-0.58621085,1.5309079
0.955837,0.110346,-1.3591716,0.16442437
-0.24960388,-0.09598818,0.82033706,-0.14356622
-0.62166965,-0.25925523,-0.48673514,-0.9431001
0.7227444,1.3450643,0.10619942,-0.77654713
0.0423924,0.053680707,-0.5142734,-0.15466705
-0.4458542,-0.34659332,-0.61612225,-0.5466713
-0.5418558,-1.1845659,-0.20972823,-0.0944287
-2.301034,-0.12056491,-0.16554148,0.7128247
0.111994706,-0.44741914,-0.95582145,-0.35642257
-0.5030667,-1.299313,-0.24457581,-0.12819365
0.020700084,-1.2017794,-1.3374854,-1.3748242
1.0234679,-0.79007816,0.42913574,1.0266767
-0.3657919,-2.2252624,0.3347237,-0.27992442
-1.2145379,0.4728534,-1.1042076,-0.2024746
0.12188569,1.1278744,0.55239546,-0.5171131
-0.2433932,-1.4312181,0.24793972,-0.08132137
-0.5902925,0.0045703417,0.1360281,-0.38915396
-0.3987789,-0.3711898,-0.08298753,-1.1914976
-1.2503757,1.1669297,-1.1523572,0.53997034
-1.235325,1.5691736,-1.1269833,0.14482386
0.2223462,0.5590441,0.7136567,0.45201907
1.064125,-1.1434133,0.082277775,2.249179
-1.7289852,-0.5993465,1.8384514,-0.2967041
0.8184782,0.28378588,-0.5327782,0.4354841
-1.0396528,0.39614174,-1.9322639,-0.30092677
-1.5768324,-1.0174447,-0.18309768,-0.5293516
0.57137996,0.8626644,0.16714662,0.1256025
-0.1802041,-0.15867908,-0.61200106,0.112507634
-0.33742285,0.27356404,-0.72099364,0.23260227
-0.48819092,-0.19370607,-1.58016,-1.377741
1.0580474,-1.2524779,-0.35016128,-0.022312053
-0.37977594,0.09044842,-0.7889332,0.051984884
0.044669013,-2.833883,-0.74606824,0.41550943
-0.25487977,0.15726769,-0.5671951,0.8001623
-0.04322524,-0.16032134,-0.57157177,-0.1244611
0.20308949,-1.5212653,-1.0157896,1.5349218
0.26474312,0.39408413,-0.6200651,1.6453993
-0.6384445,0.18714418,-0.788321,-2.026971
0.025651112,-0.85902715,0.32016098,-0.022669101
0.22324874,0.15488587,-0.9850161,-0.06064727
0.700292,-0.12754534,0.49618235,-1.6098323
0.70468175,0.8956448,0.047388256,0.44626996
0.74599284,-0.9505428,0.45340556,1.6206001
-1.230328,-0.89800537,1.3797616,0.20320171
-0.057869,0.011167272,0.5022334,0.3431361
0.8345038,0.35505185,0.45115092,0.73299044
-0.056047544,-1.1507345,0.4853026,0.7261716
-0.14400427,-1.6039393,-0.017447153,-0.16779125
1.0757328,0.4900046,-0.24973094,-0.1299397
-0.06500053,0.78814125,-0.29937044,0.74855775
0.34144598,1.2261842,-0.07614057,-0.20759393
0.9837073,0.25787908,1.0588325,-0.12665783
0.40363306,1.7391893,0.27236322,-0.44532278
2.1281097,1.2398542,0.1899514,-0.8768548
-0.69292104,0.3249942,1.2716475,-0.11947664
-0.40579948,0.94175327,-1.0136912,1.0067489
-0.014450923,-0.17983541,-0.014421392,0.81931347
0.43983796,1.7764323,0.078288674,1.0266303
0.36594778,-0.67367953,-0.23568977,-0.99282557
0.1436138,0.8041357,-0.21298973,0.14730538
-0.7273997,-0.15192294,-0.001202629,-0.50326705
-0.8787083,-0.42958447,-0.7119917,0.6181119
0.88938797,-0.1701204,-0.16804555,-0.27033854
0.6530014,0.05409091,0.31979564,0.17760219
-0.83297104,-0.7749023,-0.18764508,-0.45602906
-0.40321037,-0.44025686,0.42452195,-1.1145418
0.0044893506,0.23635396,-0.4827735,0.42067018
0.18160662,0.32476273,2.1229098,-0.27304506
-0.029873136,1.0271584,0.58553815,-0.7865462
-0.59910333,1.1293939,-1.5032564,0.25713894
-0.46071672,-0.7418828,0.19695951,-1.1214732
1.0051178,1.9090288,0.58205754,-0.91050446
0.4657527,-0.45442566,-0.66946757,-0.29059353
-0.79125315,-0.6983599,-0.22713096,-0.29166964
0.24700893,-0.0010258857,0.46384177,0.13093759
-0.21622938,-0.4645164,1.3226343,1.3279912
0.2793089,1.7804654,0.3533645,0.5798866
0.14619265,0.2477916,0.2764258,-1.3177503
0.41344437,-0.18365578,-0.22139537,-0.04196238
-1.1902494,0.27590322,-0.43622804,1.2298913
0.18026376,0.4725603,-0.62813044,-0.051315833
0.08436176,-1.1262106,0.1839299,-1.023194
1.0433732,-0.6138485,0.3721961,-1.0324436
1.9129937,-0.7348643,0.5967679,0.50725764
0.22335038,0.14353168,-0.58928716,-1.9120454
0.4721465,-0.15152441,1.3941826,0.35196474
-0.5477991,0.6511233,-0.40977558,-0.77789044
0.10480481,-0.077454455,-0.24620865,-0.32941982
-0.14342082,-0.13289857,-1.3058535,0.9782356
1.155686,1.6769773,-0.19722606,-0.45949087
-0.94547653,-0.6177653,0.5747237,-0.20943904
-0.7365316,0.796222,-0.5992919,0.05325622
-1.8529387,0.87069136,0.89934695,-1.312805
1.0353001,-0.11641345,0.803071,-0.45367768
0.97157526,-0.24579397,-1.6058168,-0.40193486
-1.3366606,-1.3670973,-0.9738991,-0.28479335
-0.744675,0.527436,0.4192826,1.3237649
-0.23078687,-0.17807452,-0.43865713,0.8225516
-1.354354,0.6324645,-0.75451964,-0.76202434
0.11598257,0.1887237,-0.009083851,-0.27903473
-0.8391907,-1.0444727,-1.9072034,-1.3869741
0.8364674,-0.43350145,0.1745522,-0.53694665
0.31257045,0.8918972,-0.24870206,-0.48884493
-0.82235056,0.55651,-1.0242196,1.4529124
-0.9850904,-0.27916348,-0.6823095,-1.2964166
-1.2157598,-1.121933,-0.7677731,0.72823703
-0.4264668,-0.62889993,0.5951299,-0.13186072
-1.2251253,-1.2452086,-0.5746451,0.7547701
-2.0072365,0.35965672,0.030060645,1.296864
-1.185279,-0.7972223,-0.22742045,0.042714708
1.5618155,2.306004,-0.16304526,-0.08321478
2.4310567,-0.52507365,0.7381737,-0.44538462
-0.33170733,-0.15922311,-0.16666123,0.33288813
-0.19924764,-1.1738925,-1.7885053,-0.5198151
0.90156066,-0.23612773,-0.32114303,0.9409241
0.728581,-0.89865667,-1.4959874,-1.038183
-0.5492327,0.26781416,0.24064703,0.8813259
-0.33972436,-0.5843776,-0.61523706,-0.15831232
-1.1660184,-0.07352701,-1.3629081,-0.74434716
1.2866244,-0.053549036,-0.9118361,0.114317454
2.441534,1.890435,0.27225587,-0.48458925
0.74720085,0.41022024,1.4842031,0.5309504
-1.2041895,-0.9883814,0.89999515,0.7309722
-1.9149106,-0.3575252,0.11743009,-1.9002088
2.2149007,-0.020132191,0.088680536,-1.1660372
-1.5968863,0.87029725,-0.62342113,-0.3509424
1.422221,-0.09150721,-0.266632,-0.38296825
0.6873648,0.051009994,-0.05732483,0.4840685
-0.5563867,-0.17091593,0.33737317,-0.3609071
-0.5550619,0.8638953,0.1831072,0.8005794
-0.8759561,-0.06712466,-0.06337782,-0.45112205
-0.08914401,0.8660691,1.0683426,2.7022064
-0.48665863,-0.03470901,-0.5767602,0.3096902
-0.22317185,-0.07134034,-0.5167225,-0.025486454
1.2535034,0.77872074,0.22885056,0.31639022
0.6273621,0.49341014,0.023541752,0.21548742
-0.70083314,-1.0323256,0.12690005,0.2973339
-2.4832354,-0.90165794,0.31767583,1.3493087
0.87219363,0.43862957,-0.1433527,-0.0780157
-2.3986397,-0.7176823,-0.3302151,0.0060589802
-1.7645646,-0.75543505,-0.13800652,-0.27227435
-0.53676933,0.18994278,0.04851355,0.9112536
-0.12632783,1.2975268,0.40198874,0.08744376
-0.3084217,-0.4316982,-0.8667977,0.7967333
0.874573,-0.19922481,1.2004247,-0.5199459
1.9337761,0.58357483,-0.4413025,-0.43833086
-0.34405708,-0.09106177,0.17056265,0.9233464
-1.1848124,-0.7037313,0.423211,1.063405
-1.0276406,-0.4388249,1.0640743,-0.21805878
1.3749915,1.2448148,-0.086150825,0.38342953
0.9892388,1.002323,-0.7098201,1.0092503
-1.4803743,-0.57148814,1.1697528,0.5221844
1.2155231,-0.242814,0.08548454,0.34758255
-1.1205791,1.1945176,1.3772026,-0.6342478
1.3037153,0.6762724,-1.1519862,-0.3152385
0.92423403,0.10347433,-0.16970667,0.50028014
0.8181542,0.25369468,0.795499,0.33492413
-0.2637331,1.0189782,0.7375468,-0.78522205
-0.30077186,-0.45756227,0.13803142,-0.35642675
0.9380944,0.16127047,1.3735343,0.7651451
0.32715124,0.65468353,-0.575612,0.83273625
-1.0610206,0.54884654,-0.85526663,-0.23951472
2.3580449,-0.87458956,0.29689842,-1.0444031
1.0250117,0.41966873,0.784622,0.96135706
1.9106473,0.74699223,0.59011537,-0.65297526
-1.1667483,-0.44932902,-0.2543182,1.162438
1.2661555,-0.2581802,-1.1286404,-0.76930237
-0.46999696,-0.1565633,0.79560274,-0.44328046
1.3371564,1.9310046,0.21438584,-0.18394825
0.7473772,-0.44445348,0.9205356,-0.9659088
-0.4792334,-0.40300456,-0.6333947,-0.522422
2.1912255,0.366071,-1.4078135,-1.8477564
-0.59951204,0.055129778,0.02497936,-0.8501452
-0.2974882,-1.1443214,2.4506886,-0.45766583
-0.0863642,-0.38677114,0.3179097,-0.4290729
0.52905566,0.50739086,1.8887057,-0.18168963
1.3536589,-1.2214632,-0.34207478,1.3297472
-0.90770775,1.5092626,-0.53476983,-0.076132394
0.9908651,0.43881562,0.18739577,0.8108938
-1.2993172,-0.80214083,0.46347424,1.6703775
2.2027023,1.7396965,0.07007432,-0.0078746015
1.3178037,-1.0428656,-0.66894215,-0.9515343
-0.7170071,0.07590488,-1.0224566,-0.72105473
0.73399067,0.99738854,0.24462563,0.054406766
0.29433325,-0.71016216,0.009862475,-0.8272699
-0.037615433,-0.058159135,1.4601152,1.953665
0.39742124,0.3947019,-0.29566258,0.24614683
-0.75221837,0.07069177,0.9383952,-0.65107304
-0.19433786,0.3302532,0.2734868,-1.6559653
-0.6208884,-0.012645017,-0.44445467,-1.8096249
-1.1273597,-0.09591401,1.0589068,-1.5103201
-0.097988576,0.565284,0.5414659,0.0008474944
0.9152702,0.16304846,-0.3137798,-0.45502645
0.7216352,-0.36320025,0.8490507,-1.0097524
-0.53633076,-0.11527423,0.13409525,0.58786625
-1.2764267,-0.57769257,-0.6437525,0.015521969
1.1133803,-1.2759002,-0.71203,1.0928363
-0.7726395,0.6173497,-0.86613077,1.4819576
-0.48507646,0.32711324,0.18481693,1.4723895
-1.0330313,-1.9036896,1.8451197,0.8131442
0.6417836,0.8130693,-0.032082107,2.3804712
0.3788321,-0.55469364,-0.027464237,-0.06765006
-0.024305746,-0.5743232,-0.22603257,-1.4082724
0.543285,-0.0678664,-1.1588194,-2.0912154
0.46206406,0.1161475,-0.74564457,-1.8186257
-0.012178282,1.9088578,0.5890159,-0.03339875
0.0014875681,-0.07725688,-0.0029198844,-0.9292743
0.15125126,-0.46488518,-0.60971093,-0.6256448
-0.6863269,-0.24756865,-1.308691,-1.3902178
-1.0498332,-0.21774259,0.9279419,1.1454364
-0.13067633,-0.7558011,-0.078995496,0.05129331
1.5506258,0.5251213,-0.18163908,0.06126053
0.36617047,-0.92624676,-0.8177648,-1.3767879
0.9118531,0.08091969,-0.15412715,1.1244841
0.7805531,0.12534755,-1.492779,1.0038458
0.38017452,-0.21085921,1.1026517,-0.8322635
-0.1251116,-0.23571646,0.819121,-0.60592693
-0.47291857,-0.632341,0.576134,0.6577653
0.37760752,0.33061475,1.2496308,-0.10745953
-1.6258303,-0.68994457,0.34423998,0.21540537
0.3248725,0.19113788,-0.6680973,-1.1476071
-0.11301036,0.88862836,-0.19933954,-0.6903103
0.7654553,0.6545022,-0.8468584,0.0069237654
-0.4242123,0.20775226,-0.16898824,1.3956741
1.9580656,-0.6302349,-1.1348442,0.85196507
-0.4997418,-0.66392535,0.33106443,-0.10947745
-0.9843088,-0.31368375,0.387505,0.48805064
-1.3544139,-0.10930336,-0.14286184,0.872581
-0.3032246,-0.26404867,-1.1573538,-0.80116683
-0.5571537,-0.38020203,0.15889327,-0.6141023
-1.3207332,0.17897338,-0.16756634,-0.6102336
-0.16223088,1.0784347,0.19905645,1.0085474
0.019724265,0.0456594,-1.2653049,-0.4926182
-0.7854869,-1.4253588,0.25786272,0.17537104
0.87643516,-1.1860703,-0.21302336,0.7118717
-0.043194633,-1.6426979,-0.4011872,0.8677094
1.4357153,-0.7169633,-0.7464249,-0.8465271
-0.7390685,0.33181638,1.685671,1.3765016
-0.028454509,0.8129293,-1.0966011,-0.76857567
0.7787648,0.40219697,0.5680997,1.086848
-0.13867213,-1.4255126,0.9727925,-1.0835248
-0.4834016,-0.6606306,-0.2432088,-0.19369255
0.61364096,1.3285409,0.11553665,-1.4670341
-0.23079824,-1.189786,0.046526473,0.5022541
0.33564115,-0.043224134,-0.9547389,-0.14000909
0.36796442,1.0071365,0.23761903,0.28062603
-1.2621497,-0.5135605,1.0436137,0.66700447
0.7134102,-0.52955925,-0.17969182,0.117745884
0.27356252,-0.39812785,0.3244857,-0.07444705
-0.41074246,-0.19281308,-0.4033434,-0.11712594
-0.56417584,0.5741634,0.067007154,-2.5273075
-0.57469285,-0.11629491,-0.66528213,-0.37672007
-0.09764843,-0.482018,1.699349,0.012376644
-0.8083965,-0.54743826,-0.37731457,0.8451038
-1.4418421,0.00076744775,-0.81285405,0.48302075
-0.49939343,0.8909935,-1.0358394,0.39057186
-0.26795268,-0.7702645,0.19083051,-1.4723309
-0.018073509,-0.7614346,0.3064831,1.4930038
-0.02971592,-0.050961755,0.09019214,-1.2582921
0.11378828,0.3876603,0.29040486,0.52687013
0.22554144,-0.2775138,0.6241741,-0.35845634
0.27406365,1.7049787,0.7948667,1.5905848
0.6542342,-0.8417869,0.8048713,-2.2037532
0.21196473,1.0260234,0.6540207,-0.051886324
-0.081402175,-0.33978012,0.2666271,-1.0348121
-0.9486039,0.03931714,-0.9131694,-1.2840214
0.23318629,0.0069448124,-0.6250918,-0.6381289
-1.1228951,0.0662016,0.6417989,0.32212397
-0.12554179,0.75059247,0.0031183532,-0.932442
0.37865788,0.58701473,-1.6467224,-0.13187699
-0.95362794,-0.521927,0.99223775,-0.7634842
0.7757027,-1.3097736,2.0706072,-1.0388632
-0.33845988,-0.57845277,-0.27814814,-0.40547237
-0.08506961,-0.32983422,-0.90998304,-0.50810784
0.30575264,0.91354537,1.3563863,0.24900012
0.76542497,0.88356835,-0.49737862,-0.06102871
-0.06673674,-1.9896781,-0.0049976152,-0.3595964
-0.06664735,1.360375,0.5482926,-0.18116541
0.59863776,-0.9421726,-0.17056224,0.045392204
0.8989321,-0.7801867,1.3028868,-0.31323707
0.1440133,1.1985853,-0.28365174,-0.55545485
0.035575207,0.6938393,-1.996237,0.72282577
-0.24176657,0.30141827,0.4493159,0.39204115
0.369353,0.24428162,1.1681759,-0.3797141
0.5466301,0.39891928,0.10065528,0.5050234
1.1741664,0.9864978,1.4482032,0.62321085
0.93510216,1.3305902,0.7664382,-0.0833806
0.67635065,-0.7080292,-0.49399465,-3.0582194
0.13000631,0.0110466955,0.1648662,0.22263534
0.15208268,1.2874986,-1.2869643,0.8824284
0.12788619,-0.610607,0.3740175,0.05778843
-0.54282326,-1.0307279,-0.9711699,1.4073477
-1.8633788,0.1557832,0.22939734,-0.9413039
0.71428376,-0.03618376,0.10037988,0.34818622
1.3543922,-0.5941654,1.5288024,-1.2905982
0.32586086,-1.43436,1.2265428,1.2133175
1.0300428,0.29066515,-0.6076623,0.76324564
-0.036565077,-0.36702117,0.12923953,-0.5326694
1.0279955,1.3151575,0.029844,-0.031042457
-0.10968768,-0.41296247,1.2797594,-0.555118
0.24589199,-0.01588955,-0.5005084,-0.7269511
-0.13394885,1.4146236,-0.13381693,-0.23775078
-0.39050668,0.98677725,0.25076407,0.46246386
-0.7881948,-1.1690556,0.08679994,0.8514244
0.08773589,0.71801126,-0.21431659,-0.010422181
-0.69204724,-0.41166374,-0.62604535,-1.5131662
0.04621893,0.60658646,-0.6634089,0.054612257
1.6288321,0.35008878,-0.22677681,0.46446025
0.73797417,0.08760122,0.26478016,0.29401398
1.1463337,-1.5297036,0.5882627,-1.6718992
-0.041610096,0.006988864,0.7902169,0.059673138
-0.052726816,-0.4824292,-0.9585836,0.21039616
0.8295447,-0.33359095,-1.1121626,0.5558686
-0.3825251,0.6139395,1.2312436,-1.0333327
0.27485025,0.9715658,-0.032518074,0.17595771
-0.5911157,0.45623878,0.7243556,-0.5505289
-0.7389594,-1.1502271,-0.87711114,-1.8030977
0.0053777965,1.3248762,-0.1455024,1.7081319
0.4768206,0.17076534,1.4300139,-0.9656445
0.17026834,-0.0017499471,1.14543,-1.0952079
0.70251304,0.7919013,0.4387006,-0.7022941
0.6066148,-0.06319561,2.6866832,0.83841515
0.3743156,-0.22235686,-0.8395683,0.119272605
0.059338458,-0.051658105,-0.58477,-2.0241635
-1.2589504,-0.92503846,-0.64808476,0.41301697
0.0007627159,0.033379316,-1.5191461,0.9532717
0.33118388,0.9885167,-0.26635495,-0.44290274
0.99289227,0.26147646,-1.2731254,0.73040116
-1.4525996,-0.28584665,-0.20117281,-1.0492924
0.016682113,0.00148723,0.6549214,0.2824835
-0.25787848,1.1733484,0.5662059,1.1200596
-0.27412808,-0.15507141,-0.072035104,0.90065795
-0.18148036,-0.08632832,-0.91192347,0.6781669
-0.2527162,-0.4195054,0.25621912,-1.4725246
0.32844564,-0.72901946,0.0168452,0.84619164
-1.1414609,-0.4360455,-1.7037932,-0.50257957
0.0636906,0.09959394,-2.087043,-0.05130944
0.4492274,-0.8344561,-0.17999049,-0.64006454
0.11068164,1.0918435,0.19102252,0.7522475
-0.6902303,0.35695228,0.8235882,1.1079898
0.31167373,1.9727062,0.15871058,-1.4532075
-0.10603122,-0.102411225,1.5564197,0.3414223
-0.41029269,-1.1416774,0.28861073,1.2699376
1.0890584,0.92503065,0.1853295,-0.21136744
-1.270743,1.082061,1.4549309,0.14705874
0.77576315,-0.18837316,0.81542546,0.6120631
-1.0569664,2.136625,0.07003059,0.01530533
0.063857384,-1.4431863,0.038260378,-0.7996611
0.6078189,1.4366639,0.51163197,0.0031763155
0.11796251,-0.23466411,-0.43508565,-0.6723823
-0.3965501,-0.7792897,0.9091618,0.7541088
0.28105938,0.8564901,-1.637245,-0.037422284
0.28483114,-0.10347053,-0.07612806,-1.1033989
-0.23268484,-0.32196283,-0.37515873,1.7654862
-0.6767084,-0.23437704,0.3299967,-0.01028012
-0.61852324,0.39250076,1.6221437,0.84817976
0.92711735,0.98147994,0.8532019,-0.28452802
-1.0862573,-1.3258232,-1.0845389,0.9936935
0.60767776,0.7978799,0.7043807,-0.69708467
-0.09735999,0.6047051,1.1004057,-0.4607646
-0.2917006,0.52675635,0.6704964,-0.44847155
-0.14419343,0.6703167,-0.2948054,-0.28126577
1.3336658,-0.22853257,0.78424317,-0.896722
-1.2749814,0.19963235,-0.5611398,-0.6087545
-0.6418553,-0.22170454,-0.8714409,0.8690144
-0.81077707,-0.58905417,-0.74450356,-0.4915336
0.42174217,-1.3435148,1.1702917,-0.35109153
-0.17910121,-0.6990316,-1.2281983,0.10058532
-0.09015858,0.97285485,0.40480432,1.7172158
0.4984661,1.1204209,-1.2542855,0.6625261
0.31677645,1.0785813,-0.360844,-0.7442218
-0.29542354,0.39374155,-0.43239665,0.9682984
-1.5079076,-0.8458245,0.08457223,0.9124141
-0.3783708,-2.5710793,-0.17044629,1.5233529
-0.6777066,-0.22671865,0.68144506,-0.29547322
0.3969897,-0.701026,1.1234971,0.3921514
-1.3944376,-1.1455768,0.39106363,-1.4938658
-0.31729776,1.0430398,-0.3458787,0.33835086
1.556708,0.045913085,0.23258454,0.1881797
0.877863,0.33220997,0.76344293,0.8219052
0.58019626,0.6468498,1.8855112,0.3010066
-0.08138115,-0.540369,-0.9122618,0.3100796
0.22494315,0.9400957,1.176515,0.11664739
0.3209091,-0.36098766,-1.6939696,-1.6519078
1.1885506,1.7816541,-0.40901235,-0.16092016
-0.22155347,-0.013491402,-1.3322614,-0.7129048
-0.0018847027,0.51953465,-0.72411346,-0.46244344
0.63018394,-0.5244332,0.42772248,1.1797494
0.10240705,-0.15879205,-0.11166851,-1.3724171
-0.48691362,-0.47868755,-0.012851097,1.2707788
-1.2066636,-0.5096327,1.0418882,-0.960205
0.20110123,0.24419984,0.2721393,-1.0309565
-0.3411712,0.8025315,-0.17905658,0.7755147
-0.36761802,0.38726977,-0.609455,1.5162512
0.005890962,-1.8682396,0.96193767,0.2478029
1.212493,-0.018987242,0.5772491,0.16764365
0.71305555,-0.13289073,-0.8235206,-0.08472057
-0.5456192,0.14599119,-0.3370132,0.8741747
0.022530591,0.35896996,-0.6626738,-0.4632094
-0.9068559,0.23119347,-0.91024375,-0.65204936
1.1243918,-0.21656062,-0.2777943,-0.8503805
2.3902264,-0.41381344,0.016056165,0.7966389
0.6354607,-1.2880758,1.5509937,-0.10241951
-0.17573833,0.45255566,-1.4304007,-0.30464143
-0.17659988,-0.62693083,-0.11287153,0.89795476
1.3426723,0.5381431,1.0722734,-0.01849624
0.6728147,-0.50710416,1.4560663,-0.08543507
-0.02124351,0.4946101,1.5692353,-0.57801527
0.27083686,0.33130386,-0.087277554,0.666799
1.8219854,-1.5805979,0.15990765,-0.26625374
0.26024017,1.8249109,-0.90050274,-0.57244825
-0.11972609,0.036617685,0.6979973,0.60147667
0.1586245,-1.3369043,-0.5796589,0.8285973
1.1729413,0.10127598,0.9525985,-0.30033386
0.58004063,-0.13978384,-1.4308597,-1.3764404
-0.045378566,-0.751259,-0.6619444,0.69526863
-0.6131583,-0.11925853,1.4011643,0.46253058
0.06157227,0.3223464,-0.7038073,0.58293235
-0.2600498,1.4210421,-0.7560029,-0.62571186
0.7290073,0.09332329,-0.3343698,0.86138093
0.6511452,0.7552666,0.96128523,-0.5141167
0.3154201,0.2825534,-0.07390531,-0.7418274
0.84438425,0.33075595,-0.6497502,0.0005815025
1.1063681,0.25385976,-0.686808,-1.2532197
0.058190756,0.5544067,1.5464457,3.1893384
-0.45491537,0.13364114,1.4991786,0.5439192
1.384022,0.2812717,-0.9805239,-1.0174754
0.93210715,0.030077824,-1.3479306,0.18950567
2.2934806,0.04102618,0.34173316,-0.70241976
-0.0718978,1.8731047,0.5180788,0.09776751
0.4956357,0.0020521092,1.099286,-1.2089919
-1.9990418,0.7201295,0.19873933,-0.23959298
-1.656482,-0.7324466,-1.2823002,-1.0077419
0.66774744,-0.78269106,-1.122266,-0.744981
-2.0596917,0.70792127,0.13999596,-0.15204489
0.90714294,1.1191155,-1.1845473,-0.5542148
-0.54901147,-0.551352,-0.7802052,0.2758719
0.76226807,1.0698358,-0.4439138,-0.62399936
0.45602947,-0.7464073,-1.2809856,-0.251056
0.62363195,-0.60233855,-1.5658764,-0.4152407
1.3286422,0.2475339,-0.09149141,0.018719278
-1.2609425,0.20031972,-0.9106835,0.87784386
1.0996991,0.0018604374,0.99380535,0.58912235
0.76125956,-0.048905477,1.5711507,-1.3863597
-0.615376,0.82792705,0.63701165,-1.4195201
0.94759953,0.23272532,0.73828083,0.29348475
-0.13057002,-0.83963555,0.6762964,0.66930634
0.82423073,-0.47354037,-0.3133645,-0.39308706
0.47305727,1.0438545,0.24783069,-0.6188081
0.60180545,1.3686419,-0.013509064,0.6619144
-0.14004445,-0.18370913,0.03567279,-0.5382936
-1.0412765,0.46482912,-0.9608868,1.2822366
-0.4422962,-0.6603433,-1.1431404,1.2414334
0.12691829,-1.293246,-0.022598749,-0.58399343
1.777625,-0.25880876,0.26757276,0.79937196
-2.3050444,0.74565977,-0.43135157,-0.29392996
-1.3736453,-1.1828052,-0.15511432,-0.55587965
-0.6869102,-1.9032854,-0.2520369,0.6543564
-0.9077533,-1.0239404,-0.610862,0.3813909
-1.9222656,-0.026438206,-0.55072093,-0.7710865
-0.37920776,0.9991001,-0.18146335,0.82508314
0.7065382,-1.520249,0.8001312,-0.6983233
0.6897995,-0.9050028,-0.29655996,-2.1819134
0.44356003,-0.75407714,1.3829039,0.8288127
0.2175964,0.49525976,0.56947935,0.88944274
-0.31895536,-0.062578045,0.9779743,-0.03272325
-0.34467763,-1.0519592,1.4445078,-0.1244745
-0.5643506,-0.2662687,1.2288313,-0.704233
-0.5615105,0.12889814,-2.4729753,-0.6237789
2.2054136,1.5759841,-0.19466417,-0.11448192
1.0768423,-0.16947839,-1.2744877,-1.1890029
-1.7494509,-1.1552969,0.5620494,-1.7700558
0.9012687,-0.45328858,-2.3876994,0.109548725
-0.9046638,-1.935366,1.0247204,-0.36992955
-1.3226148,-0.38658383,0.24505992,-0.9120535
-0.43848878,1.8963677,-0.86499536,-0.16090812
-0.48152784,0.43716615,-0.6593272,-0.026412144
-0.34314105,0.67217153,0.7983526,-1.8718256
-0.04148208,0.65517867,0.28186446,-0.3588843
-0.35455564,-0.05978863,0.9303818,-0.6211542
-0.07850978,-0.35044155,0.36801973,-0.40982506
1.2871779,-0.02524766,1.4912822,-0.41793838
0.80734396,-0.20015094,-0.92465264,-1.1803766
1.2692912,1.4528475,-0.30138806,0.019587787
-0.6001749,-0.34270266,-0.7064846,1.0578549
-0.94156885,-0.9099504,-0.12326387,-0.39450505
-1.6647865,-0.36874625,0.8468153,-0.7204699
1.182241,-0.5939435,-0.93454653,-0.27529776
-1.249861,1.7048699,1.2920707,-0.335245
-2.3222458,0.06960559,-0.54717183,0.85809755
0.35938847,-1.6982015,-1.4924431,-0.19131134
-1.2080486,0.5006224,2.273834,-0.1746275
-0.0038504824,0.19316265,-0.019968504,0.13391678
0.06430758,0.6231874,-0.40422562,0.1420627
1.3172874,-0.877639,-1.2311513,1.1191523
0.16283017,-1.9541913,-0.43885824,-0.26162258
-0.17626683,-0.070125215,-0.16599214,0.15678294
1.1156075,0.16484497,1.117764,-0.7012626
-1.6616648,-0.7359468,0.39165387,-0.23308182
0.87560344,0.6003056,0.97071147,-0.72565705
1.9183403,1.4930943,0.33427364,0.97755945
-2.7950716,1.3030697,-0.5610309,-0.028093211
-0.28622976,0.61215234,0.3093624,0.21323802
1.103929,-1.0793169,-0.27074012,0.1145341
-0.6678199,0.8243365,-0.22442335,0.45062304
0.38498253,-0.5718005,-0.0567466,0.5448528
0.3500706,-1.5850754,-0.16565654,0.07261254
0.33941942,-0.21219018,-1.3263348,-0.9641775
-0.94098383,0.86580724,-0.37835446,-0.16320415
0.06874171,0.6681685,0.5534747,-0.03902075
0.008502971,-0.70324355,-0.5798803,-0.021828169
1.2323607,0.93615216,-0.6511729,-0.528954
-0.9248622,-0.07312312,-1.0191919,-0.039499786
1.2396845,0.469858,0.681059,-0.436992
-1.5762565,0.18514442,0.5398427,1.2108206
-0.8908075,0.5084942,-0.52032226,-0.47942334
0.7989965,-1.6549695,0.121763095,1.3432738
-0.6019064,0.11254413,-0.22167173,0.24812299
-0.01801586,1.016525,0.39941278,0.49738547
-0.42643023,-0.8144219,-0.96322674,0.5152368
-0.5277965,-0.08319351,-0.312971,-0.6674478
0.8288276,-0.3408044,-0.5668567,-0.5549069
-1.6152726,-1.100071,-0.30150697,2.2222025
-0.9760972,0.6932484,-0.2135744,-0.27128503
-0.91990626,0.05482007,0.59850365,1.5288848
0.505303,-0.105207264,2.6191847,1.0859085
0.7219898,-0.29674435,1.9406139,0.61189395
-0.56989616,0.40605608,-0.2534755,-0.9461357
-1.3073739,0.9339651,-0.98375124,0.7716138
-0.25498,-0.4981605,0.007849105,-0.008725897
0.8414377,-0.41532487,0.0071291765,-0.39796525
0.8620558,-0.20388864,-0.050652023,-1.8753682
-0.40186462,-0.7279122,-0.5069954,1.0213741
-0.99713606,0.0011143796,-0.3092484,-0.22307017
-1.450415,-0.2502914,0.044935983,-0.79589784
-0.8453531,-0.57229495,-0.327155,0.24255773
-0.12844834,-1.6618208,0.5713026,-0.95472026
2.5631902,-1.4789182,-0.6445306,-0.074772015
-0.22161458,2.0124383,0.5279446,0.16721006
-0.037876997,-0.47774822,-0.5020507,-0.79753745
-0.023142908,-0.01763247,-0.8141793,1.263631
-1.6339798,-0.92852885,-0.9651634,-0.14332673
0.1384842,1.9815239,1.9706533,-1.4550667
0.21238989,1.1096765,0.6153095,1.3139342
-0.0074529783,0.5651657,-0.13843046,0.5753236
-1.4000933,0.85382694,0.85020554,0.17012449
0.07890359,-2.1605327,0.43152803,0.8236359
-1.7413534,0.92039,-0.22952525,0.051272318
0.4965397,0.7472509,0.62212574,0.73165506
-0.34351832,0.5758843,1.5495102,-1.2103401
0.64675206,-0.29728624,-0.22487275,0.96785045
1.0484267,-0.49226585,0.79368424,-0.27454585
0.744702,1.3000033,0.06834379,-0.3302775
-0.5256018,-0.54381746,-0.8605086,-0.8571466
-1.1748927,-1.4081292,1.2462031,-0.6090763
1.8304415,-0.065313324,-0.14523846,0.43083254
-0.19688144,-1.2306646,0.9011601,0.41023746
0.035399042,0.011256802,0.98692214,0.22862962
-1.5768272,0.6192408,0.027757436,1.4535142
-0.66733164,-0.7713965,0.15819965,0.20431723
-0.55500317,-0.14646538,1.0795331,-0.03709316
-0.37356904,-0.545866,-1.100959,-1.6536441
0.65933543,0.7737327,-0.56286913,-1.4420292
-0.12798694,0.5408983,0.121414974,0.24809474
-0.39775732,0.13998649,1.1804427,-0.4514473
-1.7576321,1.2458771,-0.03179736,1.3760897
-0.37459138,0.25241363,0.4961044,-0.53034854
1.5180737,1.4945058,0.6735264,-0.22099145
-0.19153051,0.8871726,0.055250753,0.8305845
-1.7923098,0.3948305,0.9347457,0.43874493
0.42247072,0.3763856,0.4376479,0.468019
-0.8990015,-1.0351223,0.14216019,0.4003781
0.5642391,1.093152,1.1466954,0.24509288
-0.36621603,0.71059346,0.47475296,-0.63112956
-0.020592194,0.5790903,-1.6442958,1.4807546
0.2559834,0.24966401,-0.06928442,0.5881383
-0.84508014,-0.13759176,-0.15611777,-0.9349578
-0.44654664,-0.32006842,0.45323402,0.6581141
0.3392638,0.015004147,-0.8435193,0.6530407
0.028228385,-0.16186526,0.0016610057,-0.8034425
-0.74325484,-0.59773135,-0.51261395,0.003975919
-1.6784168,0.6513473,-1.3313462,-0.23063166
-0.16045344,-0.08768486,0.028638892,-0.49078828
-0.45930013,-0.563383,-0.8205685,-0.09763997
-0.64188415,1.1398818,0.49787852,-0.7365567
0.7488558,-0.45734715,-0.0172568,0.37195867
-1.0704769,0.76781535,0.24869198,-0.7867771
-0.22832571,-1.0728115,0.28792804,0.3098592
0.14626117,-0.39629513,-0.60042083,-1.1970321
0.0020704444,0.21979676,-1.4008508,0.2754492
0.43882194,0.9514278,-0.24686499,1.0877326
-0.384294,-0.11076814,0.47017345,-1.22174
0.117636405,0.6496377,0.36005294,0.42338187
-0.004745476,0.5315193,-0.8393324,-0.1664994
-0.39773208,-0.44512168,1.3283854,-0.79681724
-0.65946996,1.511098,1.1209928,-1.0713253
-0.020279039,0.80853444,-0.7397452,-0.6059118
-1.4950501,-0.5894455,0.6881819,-1.0126978
-1.5208305,0.9331762,0.33635768,1.3081625
0.03973397,-1.0589274,-0.39377585,-0.43641093
0.5938379,0.86060214,-0.9363365,-0.7414506
-0.1474317,-0.653879,-0.034113694,-0.40472427
-1.6948645,-2.4455523,0.0981871,0.45383552
-0.902965,0.17491056,1.1085114,-0.38897264
-0.4770513,0.63705266,-0.97263086,-0.31978074
-0.6176529,0.18602864,0.7360163,-1.4913554
0.536501,-1.2539297,-0.2996719,-0.52670157
-0.7271987,0.3633048,0.5486853,0.28243834
1.2110763,0.9785773,0.3303907,-0.60523885
1.141328,-0.4643676,1.1087246,0.965777
0.37297955,0.013260598,-1.2780873,1.2596017
0.09947533,-0.41761065,-0.4172636,-0.9252856
-0.46924186,1.0749364,-0.07620473,-0.0638554
-1.0205536,-0.3035016,0.87136865,1.3926177
-0.060000587,0.120521575,-0.41590607,0.667239
-0.17712592,0.41332984,-0.30818573,0.25255972
-0.15875927,1.867374,0.15754029,-0.31418493
0.41715625,-1.6561298,0.13645147,0.7213145
-1.0991346,-1.0903336,-1.2053599,0.48881012
0.9174996,0.49273017,-0.9823671,-0.22416204
-0.893118,-2.0048172,-0.9318446,1.3390744
-0.3640079,-0.43528068,-0.26272956,0.16217133
0.03271554,-0.72202927,-0.5541206,0.74038965
0.13689333,-0.20714633,1.2318504,-0.8081426
0.9119026,-0.4634012,-1.2088493,0.4392423
-1.1127424,-0.07715258,0.17059593,-0.16548721
-0.87543774,-0.48130992,0.10361979,0.3969396
1.6374581,0.112392634,-1.3104026,0.9986853
0.34639615,-0.34538525,0.06454883,-1.1004236
-1.5195807,-0.46832225,0.026964966,0.216232
-0.36320814,-0.23854014,-0.4539226,0.5273912
0.28924057,0.3796864,0.20460208,-1.3335634
0.080532104,-0.08720926,0.28211632,-0.8215156
-0.23884715,1.8219776,-0.09658896,0.49167928
-0.023364263,0.30692393,0.81708175,-0.6670438
1.0471495,0.7630867,0.53793716,-1.0561076
1.2515633,1.1215882,1.106072,0.3343514
-0.13314982,1.1046824,0.00034171573,-0.5512659
-0.5159384,-1.3103509,0.59966105,0.6384218
-0.03880982,-1.5831752,-0.26551858,0.70823455
0.9083826,1.821318,0.41113776,-0.5713655
1.2788515,-1.1254472,-0.5689786,-0.5555367
0.33676887,-1.2297852,0.17704417,-0.64767504
1.5942827,0.57608235,-1.6288352,0.3839056
-0.69624186,-0.36472997,-0.9495868,0.7142751
0.76404345,0.16116603,1.1255105,0.8324693
-0.8395359,0.5574784,-0.09923747,0.5604108
-0.21631244,0.17274287,0.92654735,-0.427708
0.56659186,-1.3519534,0.26712668,-0.8673565
-1.1641865,-0.88390523,0.7330569,-0.26666376
-1.2931691,1.1267219,0.6335792,1.0414839
0.048751265,-0.48515412,-1.1525248,-0.0722525
-0.6245041,0.0045173527,-0.95262533,0.34437957
-0.14303449,1.0643175,0.07380382,0.7184184
-0.22781454,0.69028527,0.014341743,0.69210005
0.8351748,-1.0980313,-0.048138313,1.3700119
-0.08191866,-0.5969569,-0.99932384,1.1369148
-1.4289078,1.7576308,1.3605324,1.3914124
0.35941747,0.6427946,-1.2809917,1.0918064
0.92492706,-1.1729888,0.6355057,-1.7701623
0.63560164,0.36366886,0.74776644,-0.8254985
-0.36770082,-0.7139456,-0.9303461,0.55624473
-0.06636359,0.19834928,-0.52645385,0.8110121
1.0355799,-0.010781928,0.11562421,0.22132134
-0.5780252,-1.13507,0.021184225,0.247782
0.49529257,-1.2095194,0.61350507,-1.064537
-0.27669293,-0.046486888,0.4411549,-1.1683059
1.2454325,2.645874,0.42336056,-0.42971945
0.30096292,-0.39924678,0.060715295,-2.1083493
-0.45927328,0.3990497,-0.15471637,-0.7677109
0.36171764,-0.62787724,-1.0258079,-0.12746081
-1.3112848,0.46492958,-0.69755834,1.4943773
-0.6569614,0.07331538,0.5512479,0.9445388
-0.7682044,0.98360455,-0.41709384,-1.0737638
0.8432664,0.6723982,1.3702167,-0.5624937
1.2578102,1.6901835,1.3331109,-0.28117853
-0.1065569,0.98895335,-0.75694585,0.09296315
0.39449865,-0.70930016,0.3931399,2.3615327
-0.16684574,-0.68367815,-0.9153874,0.6153332
0.3078991,0.5512235,-0.81074303,0.26557562
0.45809072,1.2569344,0.36419111,-0.15261865
0.3148448,0.05873921,-0.7020674,0.47318906
0.668536,-1.6700623,0.24207981,-0.6991967
-0.31850165,0.56561065,0.42288855,-1.0608387
-0.026417525,0.27057654,0.88622695,-0.14976706
0.8469215,1.4648851,0.62812626,0.97761637
-1.2873455,-0.46929255,0.38936412,0.44118124
0.53654057,0.6021012,-0.09886455,-0.27756685
-0.27131268,1.1067725,-0.33934912,0.2005609
0.08033952,0.1835093,1.6208705,1.4858706
0.29749253,-0.3009152,-0.38189104,-0.7729585
0.07152843,1.2797664,-1.0784987,-0.4021266
-0.44384605,-0.5795978,0.15906927,1.595455
0.07940224,0.63109875,0.31298834,-0.9697589
0.47295624,-0.88350916,1.1624316,0.80463666
1.2127157,-0.20185572,-0.33188272,-0.29550636
-0.8858539,0.5154266,0.6908995,0.7118284
-0.61967427,-0.48336977,0.9398682,-0.45636192
0.631657,-0.35364604,0.6875648,-0.47806987
-1.4329118,-0.11259706,-0.250215,1.5703859
-0.57357144,0.15407334,0.55612135,0.24008042
-1.0680046,-0.28401008,-0.008497005,0.085995406
-1.692366,-0.8395069,1.5898631,-0.21121293
0.85397464,-0.38997498,0.3495811,0.21876323
0.27969372,0.90395296,0.16494639,-2.0083897
-1.8625275,-0.55991584,-0.5334779,-0.0015206758
1.2531829,-0.1770801,1.2282631,0.2662344
0.31178594,0.42592216,-0.19460532,0.88708884
-0.026953567,0.08611312,-0.5329794,-1.1673799
-0.7123814,0.063864864,0.27575806,0.7607927
0.37658224,-0.12864345,0.09512471,-0.21983124
0.5611491,-0.6397317,0.81807256,1.1104499
-0.25284016,-0.31708124,0.6526005,1.6563796
-0.6686132,0.25730026,-0.13025507,1.7248784
-0.24253592,-0.95428133,0.05217344,0.70690733
0.10410729,0.20519684,1.925932,-0.74394983
0.60362935,0.044708546,-0.8876764,1.4428761
1.371486,0.023995034,0.23462316,0.54013157
-0.16193447,-0.09399422,2.1273513,-0.2739973
-0.93483835,-0.09695675,0.2453095,0.103522696
0.71123874,0.86696404,-0.5607245,1.903804
0.12298722,0.16992526,-1.7331629,0.45298126
-0.08397909,-0.4784376,-0.7855879,1.6908405
1.527983,-1.3464692,0.04374324,0.073301926
1.0429261,-1.3889381,0.73034954,-0.45285207
-0.16109377,0.38592124,-0.6172693,1.1113129
1.0892016,1.4441922,-0.11035374,0.00206162
0.30414715,1.0698377,-0.40626273,-2.2076104
0.10205375,0.45810944,-0.6798889,1.430036
-0.37142977,0.3546008,0.21712774,0.69637746
0.23593807,-0.40653527,-0.6715885,-0.09911884
0.70628834,0.95694137,-0.96860087,0.8505221
0.11107216,-0.20679414,0.2749713,0.03124855
0.05882826,-1.1262367,-0.5606231,0.38750455
0.6112039,-1.0724916,-0.54751164,0.4556352
0.5123696,-0.0061126635,0.20277487,0.39482567
-0.71286505,1.0701805,0.9989415,-0.79240835
-0.09647237,0.2912292,-0.12497421,-0.15634418
0.019291647,-1.4381728,0.7144794,-0.31932774
-1.028005,-0.49689484,1.6194912,1.250152
1.1648288,0.4917654,-1.1010128,-0.4221476
-0.113446325,-0.12291573,0.8118011,0.31011927
0.31142187,-1.6404035,-0.44576326,-1.6615014
1.0787019,-0.6788257,1.1920997,1.4480875
0.8846747,0.42309546,-0.025366804,1.2070915
-0.50786406,0.123194404,0.89758915,-1.1489139
0.74288565,0.92728335,0.061591715,1.037635
-1.2946266,-0.46355012,0.8200372,0.19301616
-0.58859706,0.4711446,0.43158823,-0.02965938
-0.27376932,-0.59092695,0.23757136,0.29731
-0.4611192,-0.63536143,0.27956712,0.12797405
-0.8445929,0.54851186,-1.188792,0.009081042
-0.9189647,-0.19334382,0.6686608,-0.5367188
-2.3522902,0.6337723,-1.0388434,-0.072445616
-1.4624687,-0.41917193,-1.1735464,-0.1887252
0.29713482,-0.68870616,-1.1735032,0.47493288
-2.436211,0.21598926,0.012860118,0.72797877
0.6775334,-1.1427404,1.7183236,-0.15598285
2.070728,-0.61641616,-0.9272433,-0.700248
-0.6305944,0.2593792,-1.3187497,0.6227827
0.046865046,1.1298772,-0.58096987,1.034207
-0.1639835,-0.7159576,1.0017081,-0.15184627
0.8091338,-1.2429699,-1.2106841,-1.8229792
-0.6344757,-1.2440084,0.06069113,-0.4960201
-0.31442872,1.1103386,-0.2160901,0.78760475
-1.8936862,0.39447957,1.048582,0.25983995
0.80231214,0.4086453,0.28631237,-2.042054
0.8703932,-0.23927054,1.3169402,-0.5815039
-2.1611297,-0.29126176,0.16894092,-0.3490777
1.006265,-0.3379135,1.5706031,-0.54179037
0.54513854,-0.6750153,-1.4859672,1.1473626
0.49278396,-0.039169677,0.07674001,0.6275748
-0.25114918,1.0687836,0.91361374,-0.23878017
-0.22395925,0.4092024,-0.864229,0.048967052
-0.6677103,1.0016468,-0.89122784,2.507248
0.7594594,-0.040484753,-0.13096176,0.427738
-0.5758101,0.10203852,0.48265585,0.50524926
-0.35595903,0.61731106,0.058845572,-0.2630863
-1.9134758,0.26005337,-0.28569928,-0.35339186
1.0551205,1.0255665,-0.62761945,-0.41435722
-1.57355,0.04714744,-0.9787963,0.69994956
-1.296952,-1.1463308,3.2639503,1.1851295
-0.5592344,0.0008319523,-1.3408777,-0.015959738
-0.7074739,-1.110645,2.2292602,-0.30770496
0.4714349,-0.6403614,0.26423603,-0.45342317
0.21724336,0.44978368,1.6656193,-0.05461862
0.2561795,-0.18455173,0.06828414,0.7565781
0.13018098,0.27495804,-0.22559237,-1.5329943
-0.68410474,0.4276251,-0.5419549,0.13064224
0.611442,-1.1396116,0.34162694,-0.62110466
-0.46651846,-0.99569523,-1.6042577,1.3013792
-1.0458698,-1.1003659,0.14037547,0.57097495
-0.27755746,0.22857097,-0.2542832,0.247323
-2.0023296,-0.4837819,0.5814962,-0.14686161
1.8746934,2.006511,-0.5340644,-0.89626926
0.6885822,0.15826328,0.42624435,-1.9272909
0.20327517,-1.9507296,0.63503706,0.121948205
0.24448574,0.3314394,-0.6571509,-0.1001142
-0.4562669,-0.018657248,-0.42260537,-1.0778213
0.45271394,-0.02230483,-0.1349142,1.0270241
-0.49154907,-0.47025535,-0.6513159,0.8370694
0.6478411,0.6140061,-0.9873847,0.61295694
-0.5514533,0.0068747425,-0.536897,0.298981
-0.7541556,-0.6253775,-0.22196808,0.23940831
0.6877297,0.3119378,-0.3416573,0.19704422
0.18839835,-0.45593497,0.605491,-1.581841
-1.2907326,-0.7579918,0.95944226,-0.06547861
-0.13379095,-0.34984654,0.9631517,1.030886
0.24704611,1.6446006,0.82865447,0.43754855
0.27854896,0.7610549,0.7723177,-1.568625
1.4014044,1.1868465,-0.18834141,0.32327408
0.015068331,-0.0023002466,-0.29706657,-0.20233017
-0.94908226,0.25463656,0.57486856,1.4011465
-0.36272436,1.0509716,1.2600158,1.6316031
-0.5795752,0.9635245,1.9653785,-0.1120914
1.1015013,0.7170872,-0.18815824,0.25387812
-0.3291631,-0.61102635,-0.19699816,1.011423
1.4504228,0.4434859,-1.7647891,0.20288394
0.46709025,-0.7016025,0.07086894,-0.080789775
-1.725638,0.9080276,0.8655054,2.114133
0.9929039,1.1423115,1.322383,-0.2810717
0.7327273,-0.47958207,2.2689803,-1.8215196
1.059961,0.95455325,-0.47784874,1.1296237
0.1110106,-0.92466456,-2.0930107,-1.2451552
-1.4163499,0.4946599,1.1631114,-0.13873419
-0.75184697,-1.403276,-1.3100792,-1.4014558
-0.37690422,-0.45548615,0.6412841,0.31531778
-1.400616,-0.4637728,-0.20327957,0.072051026
-1.1342332,0.32048514,1.3299081,0.6931065
1.3847618,-0.14005572,-0.29909703,-0.2717831
0.9520677,0.32434633,1.3842912,-0.6871192
0.28584462,0.9224699,0.5754803,-1.1949503
-1.0920522,1.4256254,0.4869514,1.1114391
-0.5620394,-0.06279292,-2.0158653,-0.017632883
-0.98448944,-1.5563918,0.5055794,0.16815394
-1.4041877,2.4329293,0.6798964,0.7110001
-0.3690731,-0.7674067,0.45848808,0.30340216
1.1562217,-0.41524246,0.24661748,0.40193874
0.231465,0.24684413,-0.008814864,-1.4789958
-0.1077179,-0.044692937,-0.13155293,-0.603766
0.06742414,0.60111666,-0.09390361,0.044577334
-0.83432794,-0.8998576,-1.2253389,-1.6331009
-0.012731624,-0.2442236,0.71281314,-1.1933973
0.10216614,0.38678196,-0.8137088,0.95072836
-0.78283054,0.24877602,0.32635826,-0.86741793
0.17291233,-0.27605188,0.53960687,0.75775343
0.24296299,0.8815785,-0.3894817,-0.13434123
-0.018533584,0.4124379,0.42911962,-1.2864465
-0.636961,0.14902495,1.3292782,0.4494458
0.3637136,1.4065641,1.3556895,1.4215983
-1.1705809,0.09575225,-1.5290772,-0.30781278
-0.11814123,0.7982934,-0.1878548,0.9459591
0.01329871,0.034418255,-1.0263953,-0.107746944
-1.3053848,-1.5547658,0.563353,0.40171254
0.23547333,0.63641506,-0.617067,0.94503635
-0.3838373,1.0523666,-1.5025637,0.67610896
-2.0837576,0.21435827,1.1870226,-0.46447787
-1.003696,-0.35546786,-0.09557065,0.617014
-0.10774501,0.18275765,0.6865598,0.6003733
2.0618293,0.1818692,-1.1696186,-0.65247375
-0.14979768,0.55142814,0.16618872,-0.910494
0.028514914,0.4847135,0.84850556,0.028284252
0.43424347,-0.7343101,1.0320683,-0.99300593
0.6904255,0.7119509,-1.2497113,0.806245
0.43589315,2.188228,-0.5758246,-0.7071939
-0.19846395,-0.5421221,1.356952,0.030115224
0.57345456,-0.7107813,-1.9511434,-1.4002097
-0.09532074,-0.7768055,0.644895,-0.73301774
0.21174881,-1.3786361,-0.08914193,-0.46863192
-0.19886991,-1.0076574,0.18696038,0.10883647
-0.0318129,-1.21851,1.1679081,-0.016688664
-0.5011203,-0.615861,1.4981602,1.0066569
0.057046,-0.48288515,0.4805946,-0.5745747
-0.39447567,-1.0422418,1.3261833,-0.360711
-0.20013905,-0.4302942,-0.70654976,-1.2282907
-2.2582138,1.2214522,1.9560353,0.55750054
-0.17053424,0.8946785,0.14395879,-1.0967773
-0.557098,0.002949566,-0.77518505,1.4866499
-0.20562182,-0.81662863,1.488614,1.3729464
-0.8415971,0.3583984,-0.36302552,0.6296758
0.1934036,0.01003224,0.2099735,-0.5840024
-1.0504023,-1.7408468,0.54256034,-0.2834446
-1.3320997,0.050305985,-0.18945229,-0.1847434
-0.78428257,0.72780114,0.35819826,0.393121
0.27834046,-0.09026428,1.1130852,0.015898746
0.123070985,-0.946555,-0.4688678,-0.22589193
0.9559306,0.16568083,0.10059454,0.13513035
0.6031641,-0.6858619,0.08214213,0.8885359
1.3448975,0.42291465,-0.81273127,0.9149256
0.5016573,-0.21784908,0.0913902,-0.27636307
-0.08133634,-0.6520695,0.13664259,1.6680814
-0.0753521,0.98905206,1.6877204,-1.743547
-0.17385766,2.678665,0.890121,1.0358956
-0.7218927,-0.15012175,0.31005657,0.08785895
-0.48844808,-0.43394613,0.77027243,0.18189646
1.2564349,-1.4432793,-0.3741668,0.70265913
-0.51377445,0.69141775,0.32965282,-0.5632665
0.5308606,1.5923033,-0.85761356,-0.1961269
-1.5383605,-1.1137767,-0.4365554,-0.31510594
0.59030855,-0.2848699,-0.31369278,-0.5187403
-0.5123191,1.9803264,-0.5303792,0.05526141
-0.88554174,-1.6249665,0.7094253,0.009380047
-0.07011057,0.691649,0.090597615,1.0996653
0.60308415,0.5804532,-0.1242598,0.6729838
0.8989835,0.9634255,0.66101,-0.50260955
-0.72581315,-0.47635677,0.72327274,-0.16267602
-0.51699495,-0.67667156,1.7757064,-1.1210022
0.1189724,0.65188396,-0.85696375,0.7777757
-0.46619594,-1.5475891,-0.61666083,0.8069631
-0.48903137,1.78441,-0.267311,0.5154259
-1.8762088,-0.29007146,0.517336,0.7788037
-0.66344815,1.0692928,0.68027014,-0.7454066
0.36167443,1.3955241,0.9297269,-0.6582534
0.14110494,-0.1881488,-0.8951334,1.8770398
-0.5108131,-0.41274735,-1.226348,0.37165973
-0.70863557,1.2574824,0.7169794,-0.78462243
0.3745767,-0.17130017,-1.3867804,-0.77238554
0.74641365,-0.56937164,-0.18087,1.673122
0.58918846,-1.211003,-0.5594162,1.0584431
-0.5544266,0.09830849,-0.6081681,0.8468478
-0.8006914,-0.13526271,0.14326344,0.7421528
-0.43331504,-0.43185496,-0.064055815,0.7097441
0.043757293,0.053706925,-0.24614394,-1.2908667
-0.6586413,-0.88409597,-0.27537686,-0.15534922
-0.1659194,0.028263982,-1.5309998,0.12987041
1.2947494,-1.3090314,-0.98755556,1.2268834
0.60520303,0.3558988,-0.8107906,0.012742723
1.0966446,-1.060989,-0.53493387,2.005428
0.32692662,-2.1437287,-0.7271565,-0.33130702
1.0383105,0.7608592,-0.14878558,-0.09178059
0.1628501,0.68179345,-0.45154044,-1.6263188
-1.1477531,0.96790296,-0.8486531,0.18372151
-0.3068518,0.34768587,1.3847433,0.20649928
-0.38037694,0.85005486,-0.28285268,-0.03341134
0.29816762,-0.30543864,-1.22582,0.6862431
0.7253435,0.87573355,0.97089255,-0.35780558
-0.03635277,0.14935851,-0.49362823,1.0374137
-0.006720005,0.292732,0.025573058,1.0032892
-0.099808775,-0.6429151,0.43276125,-0.31106794
0.4427061,0.48726618,-0.11459398,0.47325757
-0.7089145,0.8350316,-0.1499328,-1.2226076
-0.4618717,0.74206644,0.5449842,-0.28386572
-0.82262,-0.14126864,0.9084833,0.24759284
0.041870728,-0.015921902,-1.2503508,-0.7049235
1.0211707,0.80503434,-1.3118485,-1.0626402
0.27816474,-0.016012825,0.55363303,-1.5508637
0.49893352,-0.5387467,0.033891045,0.10511683
0.5544575,0.6104492,-0.25582096,1.3009781
0.03946637,0.19648734,1.1457537,1.9121208
-0.29942006,1.3784459,0.24555156,0.8547923
0.061958335,-0.4256307,-0.64355654,-0.5737903
0.8249539,-1.1750983,-0.5245239,-0.61421716
1.4894866,-0.7384298,-0.50768095,-0.21508215
0.41964543,0.13687184,1.0468278,-0.8959008
0.28530657,-0.36625513,-0.45794573,0.2161186
0.27300873,-0.43790752,-0.45241264,-0.30590078
-0.14718287,-0.67739516,0.6542746,-2.06904
0.060995236,0.009549676,1.6464219,0.010456482
0.034478225,0.25435513,-0.7628749,-0.013903779
0.007071569,1.4284708,-0.41144258,0.5521221
-0.74347216,0.8010326,-0.69471765,0.16654032
0.46172568,0.33842862,-1.6907218,0.8679376
-0.100155935,-0.6067156,-0.3252034,0.072926596
-0.53015214,0.8545805,-0.06505566,0.041219205
0.2105525,1.2137275,1.2329277,1.1746815
-0.07675015,0.3284771,-0.37666413,0.07626719
-1.8303686,-0.9594293,-0.15460756,0.55025667
0.16501436,-2.098249,0.22394684,0.21541326
-0.022332156,-0.060178924,-0.6940319,-0.38714272
-1.3382357,0.48152447,0.6208649,0.4049679
0.8420725,-0.3262419,0.23917367,-0.8929488
-0.30453914,0.75175196,-0.7917739,0.7434918
-0.83952445,-0.3345106,-0.006325284,-1.1644847
0.1684739,0.42431328,-0.8080588,-0.06478232
-0.14164308,0.29657844,1.2913951,0.21285501
1.1979967,-1.2415795,0.98728305,0.63478774
-0.6943937,0.33663005,0.5234471,0.14573035
-0.31624734,1.385647,0.3811664,0.8189428
-0.033261158,-0.27322394,0.14264992,-0.72346073
2.1026149,0.7269037,-1.3359445,1.0968171
-1.1165413,-0.7214605,0.11349053,0.8080302
-1.5929772,-0.5397179,0.43792897,-0.6836061
0.27029905,0.39251938,-0.8455729,-0.20011094
2.558741,0.996839,-0.37418962,0.61912197
0.4469045,0.19683425,0.34980828,-0.9447221
-0.87878174,-1.2959005,0.013612846,-2.1869006
0.58973444,-0.21840292,0.90231735,1.3047445
-0.019985795,0.71229607,-0.32936588,-0.7831714
-0.12507015,0.42293078,-0.49873185,-0.64068586
-1.3983791,0.5634066,-0.7484695,-0.000910305
0.8252707,-0.39119667,0.8500432,-0.25347966
-0.64665884,-0.381231,-0.22867565,0.03153829
0.5881005,-1.2683249,0.3086942,0.4284259
0.96985835,0.3674134,-0.69104487,0.68144095
-0.6057317,0.39283422,-0.010071903,-1.510866
-0.6897911,-1.0964695,0.8658717,-0.7515191
-0.7929823,-0.7494931,0.4868927,-0.03735861
-0.13711888,0.08149735,-0.24182822,0.5193973
-1.267691,-0.011510608,-0.9458018,0.12805831
0.23932488,1.8277204,-0.25995007,0.18768886
-1.5748495,1.2078117,-1.134869,0.6977112
0.0029419232,0.9007713,-0.4136179,0.8096802
0.5046857,-0.6319656,-0.13515416,0.2882255
0.20233952,0.06847651,0.4382779,-1.301518
0.18954007,1.2397153,-1.46889,0.26711217
-0.34362426,-0.030949285,0.2973524,0.19192782
-0.18775462,-0.14829816,0.3761685,-0.48283127
-0.28723937,1.5919708,-0.17422251,0.34127071
1.7767884,1.2717003,-0.42517507,0.05366759
0.4421689,-0.29537863,-0.052089594,-0.15092146
-1.184717,0.3734808,1.2444729,0.62188673
-1.513653,-1.1257523,1.6930164,2.0878737
-1.2887356,-0.62552434,0.5704399,1.2744747
0.3326987,1.1287936,0.22244045,-1.0352743
-0.96217966,-0.019232271,-0.05233632,-0.37749305
1.1431363,1.4467367,0.2933932,1.7911857
-0.12951376,-0.03341401,-1.0335616,-0.13061887
1.0865821,-0.41293216,1.7017754,-0.33921555
1.0621408,0.6831255,-0.030916244,0.7659299
0.4382602,-0.2524542,-0.29740694,-1.052231
1.1464173,0.678979,0.8855556,-0.64394075
-0.5299704,0.001070842,-0.8144452,0.2774356
2.821687,-0.40118694,-0.81013215,-0.2569925
-1.3240563,-0.15113235,-1.3775177,0.18315502
1.3747469,0.69832295,-0.77939254,0.8328673
-1.2863412,0.5825254,0.5534767,-0.1914766
-0.056201782,-1.3028284,0.15035035,-0.2267275
-1.0269524,-1.0702528,0.90689903,0.27045015
-1.0221498,0.5491585,1.076752,0.12872915
1.5457746,-0.81135976,-0.6176163,-1.7158272
-0.18903714,-0.3144391,0.16433941,-0.19470422
0.96218723,-0.6905372,0.09659835,-0.7673134
-1.2589757,-1.0296048,1.2203991,-0.5318943
1.0051416,-1.2224156,-0.72726357,-0.41152975
-0.25476262,-0.105420455,0.38182724,-0.8183726
-0.05853436,0.22579254,0.2139665,0.6993879
0.16722667,-0.03789769,1.2641947,-0.8532022
-1.0264301,-2.024199,-1.0510095,0.1474211
-1.5378575,0.19516756,0.84522665,0.6156413
0.44227123,-0.93306917,0.78712875,1.716147
0.07151752,-0.022531256,-0.72477794,0.14074156
1.5490888,0.91608036,-0.86886173,0.41893348
0.81078845,0.059136953,0.23114197,-2.0942075
-0.8956195,-0.026588464,-0.050386555,-2.3038895
-0.025540935,-1.3902631,0.4979759,-0.32540545
0.52182144,-0.050527256,-0.277567,-0.37327105
-0.19048485,-1.186592,0.679737,0.026274895
-0.04853269,0.4560481,0.07848327,-1.0564213
-0.07044124,0.3825364,0.25037327,0.96575564
-0.16372938,-0.5656428,-0.103874005,1.7128264
1.4826288,0.10900767,0.009121478,0.057921994
0.78184026,-0.6481824,-0.120665476,-0.70295453
0.09285667,1.0183895,0.0870576,-0.5232021
-0.45277727,-1.9495126,-1.1002696,0.8684741
0.924049,0.07891403,1.0282327,-0.51395977
-0.1714829,-2.0211182,-0.6924096,0.71977365
-0.2970895,0.25722188,0.10602308,0.7154896
-0.012372141,-0.6687256,0.60944164,-1.4557163
1.1934733,1.330576,-0.59445953,0.05793026
0.6102898,0.59927034,0.07448538,-1.8119092
-0.62058026,-0.89702153,0.14902605,0.538767
-1.740207,-0.0945312,0.8971218,-1.8605663
-0.39167595,-0.45517737,-0.7997872,-0.8076196
0.25153473,-1.1024244,0.88105565,0.4971696
1.1833438,1.0009083,0.90066797,-0.04488612
-0.1319322,0.6767178,1.5597526,-0.7311249
-1.9106859,-1.0321612,-0.68683434,-0.8702096
-0.6597698,-0.60326105,-1.2634401,-0.14367527
0.29960963,1.4578433,-0.043829378,0.18734933
0.43606716,-0.55206543,-0.31269953,0.006662572
-1.2445983,0.69230604,0.89031637,0.13380915
-1.5269794,-2.3147018,0.7286669,-0.32842758
0.4287699,-0.12804498,0.41974172,-0.14587559
1.040162,-0.80898315,0.8036591,0.1346817
0.9806118,-0.6087021,0.6488084,0.00022484094
0.15349162,-1.0527714,-0.5803997,-0.44298553
0.47141576,0.09567697,0.6977251,-0.9684288
0.55743355,1.7224691,-0.220722,0.45835963
-0.7261284,-0.2773705,-0.5495392,0.31267905
0.77251434,0.18608578,-0.3846359,0.09309378
0.52002805,-0.18655184,0.116991505,0.05604777
0.3347583,-0.99142987,-0.022819195,-0.41777247
-0.9324107,1.5731313,0.387338,0.39836285
-0.49889725,-0.4877822,-0.6921934,-0.16068006
-0.009208493,0.49411917,0.17695951,-1.265897
1.4351861,-0.20080465,0.9357942,1.637305
1.4509087,-0.8374138,1.3130019,0.6399176
0.4774236,0.13847245,1.3983214,-0.31014353
0.39301434,0.5112663,-0.19740354,-0.9453177
-0.83702606,-1.4140673,-0.8965139,-0.6101995
0.26545587,-0.4778881,-0.08565977,-0.002052174
0.763032,1.0062612,-0.9647386,-1.306661
0.07476419,0.29184616,-2.266677,-1.2644365
0.4271635,0.09974662,-0.93720704,0.55564094
0.079671174,0.45931652,-1.0973397,0.44000754
1.3943869,1.0530277,1.2230334,0.10972875
-1.3022156,-0.41277736,-0.044623677,-1.1924694
-1.5401217,0.70363426,0.22498785,0.6679649
-0.71414876,-0.25031418,0.005718711,-1.1911259
-1.0338609,-1.1138664,-0.71318847,-0.58456564
1.7552198,1.4738443,-0.47479808,0.46852946
-0.15837125,-0.07137666,0.03657041,0.05441418
1.5550885,-1.8947664,0.28887326,-0.3973426
-1.5828979,-1.0333892,-0.5569054,0.57971257
0.46814135,-0.078893945,-0.9710717,0.24480464
-0.76093864,0.27128303,-1.1593169,-0.046955522
0.66016,1.5522187,-0.25882596,0.63526356
0.86465484,-0.8273768,-0.42176768,2.0653358
-0.011270759,0.5343003,-0.024976298,-0.05720043
1.1382865,0.066044316,1.0079613,-1.1268122
1.1413691,-0.18248862,-1.0704631,1.107925
0.5942716,-0.55380905,0.27682585,0.6896797
0.67870474,-0.91783166,-0.1464899,1.0148263
1.0394541,-0.6213694,0.013223755,0.3030388
-0.12671402,-0.099881254,0.97376525,-0.35849258
0.09839736,1.3585836,-2.0665073,-0.6755609
0.20915404,-1.3355385,0.16791448,-0.43890482
1.288771,0.922856,-0.40748265,1.508708
-0.050605834,-0.78893393,-0.0062419875,0.27490795
0.6929374,0.27955964,0.20508048,1.0577495
-1.1557585,0.7005998,0.5122285,-1.2604764
0.026248379,0.35382342,-0.28866315,-1.1386597
-0.30153388,-0.017414616,0.39977697,-1.2272027
-0.21887067,-0.3919494,-0.036168296,-0.24530348
0.19592537,0.0480403,1.7034644,0.3614929
-0.52742934,1.2097006,0.22156556,-1.194116
-0.263296,-1.2491267,0.11176777,-1.734007
0.64808893,-0.37173092,0.76470023,0.55682194
-1.5172211,-0.4061757,1.1070269,-0.12413901
-0.8323977,-1.4533851,0.30570433,-0.0051201037
2.158034,-1.4457275,1.4670731,-0.1619133
-0.42278913,-0.20190619,-0.70114696,-1.9189746
0.9119762,-0.1571727,0.21740617,0.46532595
-1.0823871,-1.2152979,-0.44604138,0.2981289
1.02705,0.3533918,-0.014724417,1.3643941
0.9532282,-0.28794485,-0.86056846,-1.0633852
0.036619864,-0.7879486,0.8622878,0.30898365
-0.34119293,-0.52457225,2.6193058,-0.55937606
-1.0221696,-0.27690014,-0.38093004,0.11985787
0.41822562,-0.84542316,-0.59278744,0.07443816
-1.4905715,0.37417868,1.3547148,-0.41184247
0.77347213,-1.6703452,0.017205078,0.034910616
-0.14320615,-1.2367862,0.82742095,-0.99798393
-0.32602632,-0.52744544,-0.9879975,0.19067699
0.48853874,0.40900457,-0.06944775,0.8428504
0.8369701,-1.3253577,-0.45893738,-0.18458088
0.14328098,0.21909717,-0.35468873,-0.030885627
0.4103387,-0.11454987,-0.19536962,0.03814809
-0.17040607,0.98040277,-0.5370886,0.5699033
0.34713584,-0.75603485,1.0444328,0.27136827
-0.4303405,-0.54789644,1.1274792,0.4427764
0.16619213,0.54082996,-0.28315923,-1.514139
-1.0805155,-0.83791095,-0.27527055,0.7417919
1.3932967,-0.25846693,-1.2477236,0.26808193
0.63480234,-0.4360632,0.5254441,0.5979999
-0.34331456,1.2605366,1.4822316,-0.22168414
0.2242097,1.7156096,1.1443611,0.8503541
0.33765694,-0.3242569,0.12948872,-0.73210734
0.73623234,0.50439984,0.3068327,-0.58269495
-0.50915915,-0.8213466,0.0732415,0.24122071
0.63003635,-0.6936641,-0.5490149,-0.748424
-0.45679334,0.6836391,-0.5128617,0.5441202
0.030631054,1.5939059,0.7361651,-0.4358483
0.11443666,0.46994895,-0.5160761,1.8132886
-1.2820219,0.012476074,0.2783761,0.572447
-0.56049174,-0.031531423,-0.17376785,-0.64844364
0.9432052,-1.1984608,-1.2700002,2.050009
0.31073835,0.09695011,0.41429687,0.8888227
-0.27904785,0.008671476,1.1546873,0.116606236
0.5604853,-0.041379612,0.33974576,1.0922912
0.12559484,-1.2116268,0.28642142,0.41965896
-0.28846037,0.44363332,-0.74403965,-0.98836774
0.56671727,-0.057042643,-1.1392361,1.3385494
0.56554407,-1.1664017,-0.26321974,0.11733947
0.4322819,-0.008359731,0.18724781,-0.12106461
-0.28868634,0.32188153,-1.104594,0.18369
-0.07864925,0.4846552,0.63683075,1.01033
0.90473706,0.17178074,0.048818633,0.18901998
-0.104510434,-0.13640478,0.6891024,2.0215354
0.025868159,0.026478723,-1.2125387,-0.21981771
-0.49368322,0.68610585,-0.6172419,-0.08697684
0.1366126,-0.12855284,0.6409661,0.19939634
-0.256277,-1.0577632,-0.81659937,0.08214933
-0.8146247,0.12914525,0.23008026,-0.58773124
-0.7591993,-1.210343,0.34193268,0.64947635
-0.24114192,-0.27101406,0.6688159,-0.59633803
0.16420303,0.7842925,0.075345226,0.26607093
1.0285448,0.43699688,-0.72246236,0.012304891
-0.16981423,-0.9004234,-0.2930263,-1.7806079
0.79167753,-1.0967864,0.033022325,-0.1380258
-0.35676417,-0.57472944,1.7975918,0.18515629
-0.1924166,-0.010054173,1.0054076,-1.4096286
0.3360214,1.0514226,-0.06264216,-0.5323721
0.56084245,-0.24603939,-0.8105347,0.08950755
0.774103,0.4224582,0.5924185,-0.04234665
-1.5477403,0.033730738,1.6426347,-1.024839
0.49187964,-0.70315695,0.16187605,-0.8994506
-1.0939157,0.37816918,-1.5205729,1.6922114
-0.83765763,0.18932249,-1.2018174,-1.4167247
0.13554324,-1.6146234,-0.3311202,0.48102188
-0.055061545,-0.04706407,-0.55555016,0.42359534
0.40631428,-0.16334333,1.3865701,-0.9410175
0.5883008,-1.0764096,0.31456977,0.8577875
0.31241807,1.2510742,-0.044556707,-0.36501315
0.0017230352,-2.2887537,-0.073815875,-1.0518048
0.10492326,1.4138957,-1.3293169,1.0285099
0.3715345,-0.35329995,0.02679019,-0.54200613
2.2782023,0.62895775,-1.1594449,1.4407666
-0.96533877,0.06555382,-1.6608464,0.69662535
-0.2623784,0.1520707,-0.8198586,-0.6453274
-0.17021906,-1.7920809,0.9593624,0.986377
0.30671063,1.0890499,-0.06097034,0.124532476
0.30631247,0.092568524,0.94824904,0.27098688
1.041397,-0.26401582,0.24706493,0.50837094
0.52160966,-0.021888038,0.28506735,0.94447726
1.5294818,1.1433161,0.45298177,-0.7226565
-0.684048,0.7863765,-1.5682931,-0.29949912
0.5975868,0.47811767,-1.5289664,-0.48076305
0.36671814,-1.3431716,-0.45933625,1.3720026
-0.27494013,-0.67764896,-2.8088431,-0.5277932
1.5523224,-1.270176,0.2102063,1.7554154
0.21270658,0.74202824,-1.0820638,1.9445435
0.18899946,-0.91510177,-0.13406599,-1.2024896
-0.15652278,-0.56832814,0.61644185,-1.1209743
-1.1674654,0.32557964,0.14127588,-1.7885445
0.1724291,0.20831466,-1.1497536,1.3178301
-1.5300941,0.4483748,1.1021214,-0.19416372
-1.2448015,0.1451069,1.0032008,-0.25185335
0.6535647,0.54090106,-0.18528564,1.5197351
0.4104898,0.9557772,0.6624361,-1.2267867
-0.9722627,0.16409768,-0.8597478,-0.8563739
0.25579146,0.7796372,1.1345419,0.0015343241
0.7719584,1.1256522,-0.0044411123,2.4550786
0.54504555,0.4126709,0.34096187,-0.5408065
-0.020669037,-0.81779665,0.48906708,0.031558126
-0.37567934,-0.38979667,0.21285914,0.49508578
0.14702843,1.03256,0.63908106,-0.55239236
0.111386925,0.31024846,-0.7585255,0.57611513
0.18158641,-0.25819466,-1.5360073,-0.27704778
0.6751292,-0.2541747,0.43506628,0.33897084
0.11329636,0.48387197,1.6138818,-0.6214912
0.25229803,1.1403072,0.6797845,-0.26917583
0.5122402,-0.20389512,-0.14466141,0.5300922
0.28095084,0.042398594,0.6907733,-0.1714694
-0.11953228,-0.39998317,0.3785063,-0.053620823
1.9456885,0.6251685,-0.35976115,-0.011525331
-1.0226476,0.6259652,-0.9155067,-0.7835251
-0.6218994,-0.46064246,-0.75241685,-1.1899171
1.1697628,0.47903943,-0.8155569,0.33721045
-1.1617374,0.2779243,-0.67615604,0.78024155
-0.18945079,-0.16448817,0.26954705,-0.28734222
-0.57806927,-1.9442245,0.5075346,0.5006705
-0.84038365,-0.7196036,-0.16957481,0.55047154
-0.30114463,1.3246926,0.41948712,0.9509031
-0.5039724,1.6275579,0.49591437,0.8143945
-2.3565114,-1.0671101,1.5815687,0.069637425
-0.023323266,0.4193633,-0.71118575,0.52238846
-0.8439544,1.5133742,-0.6521641,0.69575286
-0.44635478,-0.34778106,0.0893001,-0.11589082
-0.05704712,2.7204378,-0.90106934,-0.51888317
0.31166992,0.56221783,1.6052257,-0.77249044
0.22350113,0.6544809,1.2293307,1.4714257
0.26540458,-0.17790897,-0.120126344,1.9027798
-0.08833389,1.2373204,-0.3384606,-0.43132102
0.22936031,-0.11233007,0.8889209,-0.06595507
0.2415044,1.9252454,0.25712729,1.6023035
0.94848776,0.5769006,1.0983313,0.5675522
0.38420272,0.31646305,2.1243033,0.38279176
0.7483408,-0.4938144,-0.058106896,-1.2376397
0.80811447,0.7039142,1.0360328,-0.7481769
1.8987331,2.0622401,-1.2892613,-1.6907549
-0.5096867,-0.49345246,0.20805217,-0.201496
-1.2163721,-0.09455181,1.2106377,1.2056522
-1.3488421,-0.4232117,0.1127112,0.26213259
0.9967503,-1.0558083,0.8630374,-1.0159014
0.5492086,-0.030183516,-0.079324745,-0.14816187
-0.45198265,0.50236815,-1.1946402,-0.45500234
0.26880777,-1.9712293,-0.57015646,1.5280917
0.50846565,-0.6937252,-0.47041962,-1.765101
0.524722,-0.48768046,-0.77524865,0.8064146
1.6884282,0.018023256,-1.1565526,2.0250733
2.2800033,0.469549,-1.2271614,0.54005516
0.58022374,1.2770394,0.85808545,-0.681124
0.21468396,-0.18312088,-0.571062,-0.18514356
-1.0980638,0.33674598,-0.011566112,1.2179565
-0.48682553,1.2378134,0.8290009,1.356427
-1.0593846,0.050588146,0.6265834,-1.1792444
-2.3196192,0.018006882,-1.7101966,0.33235145
-1.090058,-0.20824137,-0.5165222,-0.1589001
-0.048713606,-0.59944886,-0.4759308,-1.2625841
0.16295753,1.3164061,0.4508546,-0.1785419
1.9253263,0.25291887,1.6850827,-0.10123248
-1.124917,0.20905797,0.17805043,-0.49389473
-0.07643341,-0.46133423,-1.030099,-0.76580703
-0.43067664,0.25072047,-0.54974115,0.613365
0.11013871,1.8511597,-1.2853926,-1.0737102
-0.076317586,-0.49092567,-1.0627648,0.7051204
-1.5883173,-1.3318994,-0.0948661,-0.465227
-0.69498223,0.77472717,-0.016114619,0.071488015
0.16765964,0.4968743,-0.3390282,0.041018445
0.88838464,-0.1764039,1.8584971,0.5255176
-0.46953523,-0.48868543,0.31816286,0.37258926
-0.5485741,-0.7121204,-0.12889765,-1.9361966
0.21723844,-0.20578054,-0.5564775,-0.015773535
0.0015276207,0.22155292,-0.6741134,-0.7515023
-0.46250862,-1.0101429,0.08745807,-0.29348522
0.57563514,0.33437943,-0.428938,0.78701043
-0.6021957,-0.6999601,0.24579921,-0.018400336
-0.5266304,0.43875277,0.054084715,-0.046701394
-0.046013393,1.1013408,0.13363683,0.27064717
0.4209465,0.23026739,1.3313469,0.43873078
-1.3415865,0.71506095,-0.63739455,0.3801701
0.22286138,0.030462457,0.81434804,-0.59332615
-0.20118119,0.0028999513,0.92312014,0.7593274
0.5778706,0.29485482,-0.25979578,0.07850014
-0.51832885,1.5517356,-1.368893,-1.0072583
0.17236175,-1.1737878,0.28656608,-0.7898577
-0.30617312,1.1515973,-0.7592425,-1.2763385
-0.45710358,-0.64209485,0.1639654,-0.01770444
0.18684155,0.081168436,-0.29876968,-1.3297759
0.03981225,-0.67497206,0.4011164,0.22808287
-0.8391103,-0.75763386,-0.5904407,0.6747913
1.0103176,0.34122568,1.1514094,0.13883367
0.40294003,0.54063344,-0.19035758,-0.577992
-0.7913663,-0.18626653,0.013836826,0.27763632
-0.8212824,0.7831985,-0.70985895,0.3734711
0.4316562,-0.71559095,1.1095302,0.008014829
-2.455839,-0.36046377,1.0303502,-1.201875
-0.74593794,1.5146282,-0.13523324,1.2362789
-1.2105333,-0.2326993,-0.11318397,-2.438368
-0.8643203,-0.1625008,-0.53551596,0.5045176
-0.28061676,-0.33454892,0.86163497,0.023892628
-0.37425074,0.07968537,1.7013636,-0.779174
0.5282831,-0.62673277,-0.07793062,0.3683317
1.9320476,1.0931627,-0.160482,-0.20132978
0.13960293,-1.4501953,0.03793653,0.0413426
-0.083279945,0.14072774,-0.20644921,0.6592175
0.45024943,-0.15300708,-0.5538676,-0.9134383
0.4831009,-0.35625413,-2.018962,-1.6454461
0.6644809,0.53733027,0.22569036,0.7887396
-0.3791424,-0.09155611,-0.76639104,0.75848573
-0.36291394,0.33407944,0.24665375,-0.20857951
0.78358305,-1.9203683,-1.1400967,-0.25739822
1.1286778,0.867239,1.175457,1.3439019
-0.2869932,0.042717554,0.25624654,-0.55941105
0.41594845,0.20703244,0.48043203,-1.0497296
0.20327446,-1.13483,0.17869866,0.9841842
0.54939574,-0.16665624,-0.58837205,0.19816297
0.7676835,0.34217846,-0.31278712,0.050105024
-0.23004276,0.63636875,0.119814865,0.13057747
0.42148206,0.7045277,1.6105901,0.8350008
-0.6903586,-1.9021038,0.19821724,0.37574452
0.18759948,1.156968,0.0690091,-1.6296031
0.9375938,-0.97970134,-0.60097563,1.3205891
-1.0096753,-1.3878148,-0.12487073,0.13364564
-0.011978657,0.81779057,-0.15745632,-1.0579655
0.16853234,-0.45209825,1.4184719,-0.9029169
-0.56766045,0.6407665,-0.2987051,-0.39374113
-0.015463601,-0.19968066,1.2468181,-1.501419
0.26614407,-1.1581446,-0.124109395,-0.074273236
-0.7251883,1.5267626,0.6018868,0.5761715
1.8379835,-0.04130811,0.8349324,0.23084605
0.61484396,0.8370673,-0.997192,1.631401
0.4751445,-0.46450236,-1.1402274,0.21283512
0.106678136,0.012323527,0.8011336,-0.40721995
-1.8622516,-0.26864743,-0.1408022,0.2640328
0.09000305,-1.7648879,-0.68750024,-1.6548877
1.2624476,0.23044783,1.8862318,0.7829676
0.61613274,0.26306036,0.3001816,1.1422787
0.87145084,-1.0988727,-2.2327726,-0.107074484
0.6825712,1.7022314,0.282215,-0.21845777
-0.65195626,-0.9421366,0.085941225,0.9361831
-0.86685854,0.5244181,1.3935928,-0.08674709
-1.1333886,-0.2812315,-0.50946677,0.6265283
-1.4453847,-0.18143071,1.3916136,1.0837164
-0.32073805,0.16100946,-1.1026608,0.43482983
-0.56247383,-0.9053215,0.064708754,-0.7919697
-0.63198423,0.050851926,0.7626036,-1.3648281
-0.6473109,-0.18527761,-1.2362148,1.2337185
-1.1421448,-1.5535119,0.02970376,0.9957538
0.53301567,-1.6609707,-0.20432356,1.231016
1.2012128,-1.1875993,0.3028311,2.4939673
0.86624676,0.52044845,0.53956944,1.1418382
1.6667261,-1.2591046,-0.5931192,1.2393119
-0.18617791,1.2745148,-0.83564454,-0.43559006
-0.014237053,0.8853548,1.0616093,-0.13795522
-0.8728456,-1.785044,0.13802756,-2.1519341
-1.0080945,1.080651,1.0610038,-0.80065024
0.9169398,-0.07018086,0.36303133,1.982974
0.24618798,-0.7413016,-0.37362927,1.2427908
0.1434933,-0.52403665,-1.1280632,-1.1583714
0.052222334,-0.108591005,-0.034018777,-0.6422671
1.493121,-0.6910618,1.0036762,-0.4946804
0.80213916,0.4070818,1.5548822,-0.46349967
0.27399513,1.9153275,-0.049790613,-0.98291874
-0.27118078,0.1517159,0.66034395,0.057132352
-0.42724243,-0.11011816,-0.20117751,-1.0951563
0.48843986,1.0168649,0.8444671,0.7527362
-0.109743655,0.06587915,0.7124373,1.1369274
-0.4211694,-0.44475108,0.8721535,-1.7062199
-0.24687414,0.08675267,0.021029592,-0.5814089
-0.32009086,0.5296203,0.7861688,1.5838525
-0.47037143,0.4388878,1.8789393,-0.39551815
-0.24448726,-0.40893355,-0.9336836,-1.85211
0.42990407,0.68598795,0.76679355,1.2554793
-0.46853882,0.34509063,-0.7100649,-2.0293715
-0.17260829,-0.7156759,-0.6063906,-0.8445199
0.56128705,1.5017686,0.6046839,-0.84061354
0.81221974,0.40148994,0.445386,-0.21997511
-1.0228013,-1.5717254,0.57975423,0.58935606
-0.100672804,0.51978046,1.4489008,-1.2973799
-1.1522325,-0.09647812,-0.369217,0.8159746
-0.12302013,0.62299937,-0.035505585,1.471346
-0.631143,0.5085936,-0.28107932,0.7781389
0.73333967,-0.7973151,0.5917061,-0.08150072
0.4080513,-1.3114387,-1.1851311,-0.04691658
-0.9755076,-1.7127869,0.6693194,0.4512485
-1.3439955,0.00011438663,-1.3005861,0.40450826
-0.7653604,1.4278002,-0.121754736,0.93429834
0.5566681,-1.3167777,2.1244118,-1.1338108
-0.058098745,0.03445134,-2.2722192,1.0754409
0.69846857,0.3902367,0.3083131,0.37304983
0.31437978,-1.3031529,-0.2925541,1.1877378
0.87474215,0.446901,0.21234141,-0.39754924
-0.518294,-0.53031117,0.39058545,-0.26411322
0.77319765,0.2580057,-0.837274,-0.5470379
-1.0526948,0.35222775,0.6340201,-0.99044955
0.20154163,1.2976704,-0.39669168,-0.51781213
0.9922645,0.9015837,-0.3776222,-0.3932343
-0.94712687,1.2931362,-0.8854852,-0.023412991
1.1251465,0.0430674,-0.35268745,-1.0893044
1.8519255,-0.8457007,-0.33972096,0.41600868
0.51250285,0.355682,0.38969126,0.37203035
-0.9118141,-0.31003922,0.42503285,-0.81320906
0.5447392,0.2351153,1.4571573,0.5488678
0.29419234,1.9584644,-0.8948527,0.18560359
-1.6531129,-1.1411526,-0.31234488,-0.86643904
1.6043146,-0.7054384,-0.0037789457,0.74009085
0.71680194,-1.1805413,0.09507162,1.4476194
1.4178262,0.7539437,0.57302386,0.3523705
-0.35058692,-0.39418533,0.18817005,0.61367893
1.2063845,0.46881065,-1.2948414,-0.38073087
0.6264123,-0.1709506,-0.38814855,0.19977577
0.1038743,-0.49610373,-1.046325,-1.2994868
0.4203004,1.0990837,2.5535705,0.9072928
-1.1518278,0.27173477,1.978652,1.3984727
-0.52862436,-0.31900826,0.75205547,-0.9847334
0.27233684,0.5458706,1.2735544,-1.2956963
-0.16005056,0.5295134,1.9949272,-0.8176244
1.3167328,0.0066332645,0.6337127,-0.7408013
-0.48520696,0.03792512,0.40760118,-0.5648822
0.06318647,1.1221423,-0.33955222,-0.10391401
-0.28638363,1.1926856,0.8597166,0.17154808
0.13242194,-0.42162114,-0.26351142,1.1992509
0.16783185,1.9945484,-1.8616732,0.02150569
0.16605991,-0.42229027,-1.3677126,0.6227156
-0.4117029,-0.4481893,-0.31311968,1.6005799
-0.34786603,1.3491204,1.1118412,-0.24006133
-0.67038995,0.70598805,-0.8059872,0.47702205
0.4103205,0.717304,-1.0673943,0.6815181
-0.86665064,1.3429301,-1.0666996,-1.0857917
0.21433786,-1.2500248,0.760107,1.0517077
0.5731828,-0.7947741,-0.02440314,-0.24088085
0.054092783,0.3985549,-0.14797844,0.8764256
-0.68394536,-0.72785145,-0.5324616,-1.4450151
-0.6894026,-1.2640686,1.7297848,-0.54462284
0.5601809,1.1975597,0.43944642,0.6700756
-0.58843356,0.45858172,-0.9312401,-0.7141148
0.019601269,0.03141279,1.0196749,0.40339968
0.018934349,-0.07602312,-0.614904,-0.99165094
-0.29011977,-0.5296301,-1.1444279,-1.0495708
0.908471,-0.9543856,-0.40152258,1.4249548
-0.5137597,-1.2315524,0.07109809,0.27039242
1.7203841,-1.3926287,-1.0345175,0.14407255
-0.18534824,-0.1130556,1.2325838,1.6052139
-0.3839808,-0.7040454,-0.8508026,-0.05865326
-0.75080794,0.73414785,0.47281337,0.3743705
0.3202969,-0.015669972,-1.3329808,0.642939
0.064610906,0.24595022,0.018338509,-1.7621987
-0.72687393,0.9152138,-0.01150267,1.1798058
-1.2066492,0.97167933,-0.06670793,-0.5195109
0.119758695,1.0123683,0.3602831,-1.1650932
0.574227,-1.0593204,0.37446466,1.4705366
-0.23285961,-0.15052074,-1.4013959,-1.023325
0.8182942,1.2734317,0.7070366,-0.48460186
1.0418094,-0.5401388,-0.24866351,-0.78570724
0.0409276,-0.40716872,0.35685095,0.35219446
-0.6513851,-0.11171463,-0.4494615,-0.5866532
-0.5940302,-0.3414264,0.42450956,0.28624666
1.108784,0.34557876,0.1465062,0.4453322
-0.9059239,0.008011449,0.0018059206,1.4627187
-0.41472638,1.3171465,-0.66997415,-0.3604077
0.17633983,1.9948983,-0.67993295,-0.73998743
0.059040934,0.22760138,-0.8632881,-0.7247688
0.61542535,0.7818435,-0.5349658,-0.6675413
0.8452256,1.1828215,0.61689717,0.83439404
0.65239733,0.5381404,-0.4879754,2.2203732
-0.3784828,-0.87823486,-1.4018096,-0.59750706
0.41659725,-0.5977956,-0.88862145,-0.0402907
0.37131894,0.45150676,0.58294487,-0.66730285
0.6068492,0.24377891,-0.045165196,1.0333922
-0.2906001,1.0735406,1.1030705,-1.3834983
-0.60049534,-0.99046737,-0.6767627,0.48409858
0.93450767,0.48224905,0.73007447,-2.0301728
-1.1464087,-1.5690272,0.20595372,-0.7368322
0.3334647,-0.021861982,-0.25520107,-0.08395165
-0.25275925,0.25436932,-1.2843804,-0.22363861
-0.47652975,-0.059711553,0.37037483,-0.835483
0.9498413,1.1460807,1.0886129,-1.2020317
-0.8520445,0.10257299,0.10431327,-0.80696976
1.138584,0.9165924,1.0927544,-0.628543
0.44319937,1.2866182,-0.5048395,1.2308657
0.0715918,-0.351332,0.3973664,0.61164635
1.109334,0.51084346,-0.16262114,-1.1263093
0.87814975,0.24110484,0.61147964,-0.098145574
-1.8269662,0.78593,-0.32880053,-0.05037714
1.7788106,0.5028713,-0.81310546,0.20064858
0.091843024,-0.31746426,1.3018755,-0.61537486
-1.1772044,-0.9615402,0.12003544,-0.21114127
-0.034231246,-0.093627796,-0.6488445,-0.87458235
0.37971684,-1.4900751,-0.47288114,1.6912911
0.41287297,-0.368042,1.1915138,1.41934
1.4760206,0.42793825,-0.743782,0.65765405
-1.1993327,0.68252516,0.35086116,-0.39959744
-0.59437764,-0.10450112,0.29223272,-1.4689993
-0.9023219,0.31369436,0.06642183,-1.0151346
-0.24690954,-0.46923342,-0.41026938,-0.4396814
-0.5013567,-0.40844986,0.63788646,0.78514975
-0.44191375,-1.1012393,1.6429901,-0.15059704
0.7419711,-0.46430084,-1.0714455,0.9299823
0.24513525,0.7622102,-0.6328347,-0.72499776
-0.37090075,-1.5702584,1.541427,-0.597586
0.94896334,0.3405876,-0.9319835,-0.8188951
1.0894916,0.84841233,0.10755231,-1.9263515
-1.4193863,-1.1223456,-0.112704344,0.8758585
-1.5333674,1.187422,-0.40033647,-0.46183553
-0.6115934,-1.7627584,-0.53074753,-0.7644548
0.2641419,0.19471948,-1.1819235,-0.73673517
-0.68322355,-0.122951075,-0.7238149,-1.1024536
0.48953778,-0.14011833,0.054710187,0.77645904
-0.83710605,0.6330357,-0.38568547,-0.21855764
0.6828882,1.1439986,-0.20116982,1.286545
-0.7973557,-0.43234977,0.07615185,-0.62141645
0.061761513,0.8702401,-0.52485144,-0.1574287
0.5144616,-0.3558828,-0.67383784,1.2635778
-3.0996048,0.5135784,1.5038184,-1.1953585
-1.1332463,1.0044976,0.5103822,0.89201766
0.19394939,0.971575,-0.79794794,-0.92501795
-0.06959481,-0.24317251,-0.82584393,0.032190334
0.19889028,0.7962077,0.3244366,0.1994672
1.1483055,0.66446656,0.45224163,-0.24023344
0.6572713,1.3019757,-0.29088405,-0.7794539
-1.4399524,0.19498543,0.23805596,-1.7882813
0.19922118,-0.4987155,-1.6637948,-0.62970346
1.1146096,-0.44406196,0.31661618,-1.2272995
-2.0972967,-0.22916873,-0.06428692,0.054751437
-1.0130202,-0.7256462,0.22621597,0.8867436
-0.97067404,-0.13927294,-0.18149643,-1.7134758
-1.064409,0.108596295,-0.5182536,0.658918
-1.3235635,0.98039675,0.8975631,0.9516382
0.5021305,-0.13925995,1.7100176,-0.9991456
-0.00251903,-0.9147619,-1.179235,-0.8517882
0.59546804,-0.1507732,-2.1100204,-1.1328909
-1.5037451,0.59647703,0.8785744,1.2899201
0.81270236,1.9667476,-0.65265775,-0.47189626
0.5488181,-0.4381862,0.18068653,0.038993746
1.3981067,-0.5245915,0.40699098,0.05622735
-0.33945513,0.096954286,-0.031181293,0.8972915
-0.17981514,0.10925779,0.55900496,0.88395
0.058830332,-0.36682042,-0.8452112,0.5479439
-1.1081097,-0.37950438,0.0058052544,0.22288132
1.362348,-1.1498607,-0.9757186,0.5579087
-0.117746815,0.13591151,-0.29318383,0.8549534
-0.28213558,-0.13874035,-0.3331365,0.88195956
-0.4887112,0.08173787,0.89810425,0.078618206
-0.13310301,0.22396904,-0.29400823,-0.9518572
-1.5668435,-0.23264006,-0.5600055,-0.8044371
-0.5055019,0.43596274,-1.1651721,0.53720987
-0.45139787,2.6296558,0.671766,-0.02308145
0.32168132,0.9954439,0.55907,0.5933786
0.4230643,0.7060148,0.48228028,0.2668426
0.42072994,-0.9222276,0.2976259,-0.02157388
-0.43060553,-0.8090442,0.4622154,-1.308194
-1.0904645,0.27855086,0.5858851,-1.0400946
1.788077,1.251601,1.0683839,0.36418468
1.3105427,0.40004417,0.93238384,0.37862518
0.53680664,-1.0174011,1.5367211,-0.25798392
0.33432043,-0.28359875,1.171249,0.89795625
0.7054459,1.167312,-0.2426693,0.6569631
-0.08057312,-0.38888678,-0.99790996,-0.13196579
-0.45106125,0.57035536,-0.042349834,0.9934748
0.5212954,1.927715,-0.61427534,0.63359755
-0.033519987,-2.888756,-0.70417047,-0.063263446
0.6445799,0.24935512,-0.49960262,1.0643445
-0.4076649,-1.0759348,-1.221036,0.057381887
-0.094003096,-0.8961636,0.5192275,-0.32147613
0.48249874,-0.53929317,-0.26003608,0.38492337
-0.111907125,-0.4305005,1.0764555,0.22554217
-1.3208393,-0.039425608,-0.55256045,0.004501196
0.3293382,-1.102716,-0.865321,-0.85438216
1.1846598,0.1751031,-2.3395627,-0.11252607
-0.5616025,0.6256183,2.2821124,0.55874175
0.26147512,-0.3156244,0.15937543,0.10548243
-0.7860027,1.0369486,0.652064,0.6746171
0.84749025,-0.40374166,0.807708,-0.48132864
-0.71457076,-1.0487353,-0.4931837,-0.19569768
0.92495507,-0.08177788,-0.25734273,1.0171379
0.53314704,-0.79317373,-0.25042963,-0.8493266
-1.9205486,0.12505539,-0.9475517,-1.3345302
0.63778716,0.67573404,1.4131223,-2.842345
0.06630585,0.58972436,-0.7913065,-1.196268
1.1068337,0.69482607,-1.8365291,-0.33012524
-1.3224223,1.1200656,1.3153611,0.7658233
-0.44974652,-1.2507024,-0.3715352,0.21143624
0.28036514,-1.5875465,-0.0899097,-0.54362386
1.2552688,0.022159774,0.04939448,0.88639885
-0.6231084,0.6946158,-0.5418627,0.14803572
0.16502185,0.20764711,-0.44217056,1.0815476
0.13118955,0.22771047,-0.2548589,1.2349335
0.8223926,0.14195658,-0.57897663,1.1250933
-0.09374373,-0.86901134,-0.7372156,0.8637794
-0.13569668,-1.2501624,-1.1682868,0.78928673
-0.86979717,0.36042723,0.034666177,-0.5334731
1.3987992,-1.4827337,-0.0914796,0.63299686
0.7224098,-0.53005594,-0.47742605,0.84969467
0.9928436,0.78919953,0.76877725,-1.3130943
1.1709092,0.93834335,0.4576518,1.2033674
0.56263447,0.30386057,-0.18830979,0.9766663
0.13040675,0.44502118,2.0125396,0.3046925
0.40582636,-0.018206244,0.29978558,-0.007314612
-1.2405959,-0.13607442,-0.9793252,-1.4007249
0.7083887,-1.5395732,0.30611318,-0.014216131
-0.51990217,-1.3785449,-1.3282518,-1.7445256
-0.58159477,0.85553145,-0.33960596,-1.1581775
-0.1645144,0.101248644,-1.1154302,1.2784296
-0.18614116,0.19989099,-0.5701835,-0.96739554
0.24868011,-0.16018799,0.013997952,0.63972455
1.0184469,-0.5338945,-0.33313036,-0.29438716
0.7432507,-0.6594323,0.02168114,-0.25689435
-0.46684164,-0.83198124,0.40506703,-0.9840197
0.7821828,-0.69349927,0.059565064,0.6519532
-1.6936774,-2.3348808,2.022066,-0.31040624
-0.31660268,-0.8452521,-0.9237903,-1.2279885
-1.1906872,-1.9595011,0.10190781,0.26074144
1.4073812,1.5739584,-0.21072666,-0.16743124
-1.4243405,0.2836241,0.45248333,0.25382224
0.882227,0.37163436,-0.92772055,-1.1277512
-0.99441284,-1.1060811,0.33929664,0.82001865
-0.040494826,0.7051076,-1.1254199,-1.6274756
-1.4301089,0.6224902,-0.4653305,0.5247119
-1.1171134,0.4885955,0.9397097,1.4354227
0.73043394,0.23961963,1.6841029,-0.8391911
-0.6750012,-0.27335566,0.45975724,0.5933443
0.017091723,0.8198936,0.010267496,-0.50767344
0.5095467,1.5314628,0.006423882,1.2414521
0.5905043,-1.1109352,0.079534344,-0.12258061
-1.351235,-0.25497726,-0.8303768,-0.032870777
-0.78961587,0.91032237,-0.16120626,-0.18143255
1.7788385,0.8358329,0.42859682,-0.14973344
0.4283873,0.42387748,-0.9545033,0.8494757
0.6105339,-2.0474927,-1.1785095,0.45152843
-1.6603469,0.21757117,0.9585366,-2.2236512
-1.0221764,1.0717894,0.041870702,0.7451536
0.12873986,0.45628378,-0.37837887,-0.26822048
0.6112346,0.43681026,0.67036146,1.275749
0.06390911,0.20472291,-0.16191433,1.2097169
-0.48034596,1.8113118,0.075126946,0.8531573
-0.6916378,-0.15785684,-0.046045173,-0.3987645
-1.5439757,1.2057443,0.093241245,-0.18046768
0.25885296,-0.791896,1.2813247,-0.6631021
2.830385,-0.42326215,0.76871717,-0.4785665
0.054312486,-0.03786875,0.05833836,-0.036904436
-0.83097804,-0.006251517,1.0240619,0.68831676
0.38961518,-0.61933744,-0.32199517,0.122563
0.4859991,0.6829923,-1.2596053,1.8591051
-0.8434157,0.15522777,0.20840956,0.4849099
-0.39981294,-0.18558663,0.02022209,0.5174865
-0.33973482,-0.81778497,-0.28695512,-0.5999648
0.31378245,-0.2796043,-1.1815459,-0.91304934
-0.57187974,-1.4006727,-0.6946466,0.30932856
-0.23291041,-0.34412706,-0.017523883,1.4026115
-0.8827628,-0.052411184,-0.9653525,0.9301235
0.84903175,-0.2976067,0.954954,0.19482125
-0.6897221,-0.89652807,0.5083429,-1.6957278
-0.16856982,-0.22423743,-0.280869,-0.48734412
0.22044429,1.0413741,0.40270457,-2.1603658
0.30006748,-0.85166013,-0.9963188,0.23497193
-0.28700507,-0.9192267,0.54723835,0.3796964
-1.3741238,-0.9865332,-0.3902943,-0.5453508
1.026558,-0.5635281,-0.006007305,-0.5386109
0.5977273,1.9981232,-0.39278877,-0.1093036
-0.90951824,-0.21561831,-0.52186424,0.19717698
2.6203525,0.96011794,1.2937492,-0.22790281
0.5686222,-1.9284091,-0.21439455,0.15813792
-0.97229314,-0.12263424,0.18004157,-0.15651251
0.49733216,-0.58335805,0.02613927,-0.71333486
-1.1965622,0.8044061,-0.8502466,0.27862555
-0.2747838,0.4230631,-1.5106269,-0.78322715
1.2100482,0.44251928,-0.3996218,0.92040694
0.32395825,-0.25749472,1.4463534,0.09441098
-1.2816976,0.98970115,-0.023170384,-0.27805775
-0.10121273,0.1203124,-0.5808708,0.30088103
0.76267034,1.3706377,1.6953037,-0.81437826
-1.4775552,-0.8407563,-0.12014874,1.8284345
-0.5044541,0.7190729,0.8214131,-1.2337469
-0.2076588,-0.54176533,0.3811757,0.64106745
-0.43242362,1.0563034,0.85066247,0.932689
0.8135843,0.56681466,-0.09551856,-0.11936637
1.5789571,0.8919097,-0.85789657,-0.8246706
-1.2653797,1.1819155,-1.0850253,0.0354445
0.49500582,0.44196492,-1.7385368,-0.79554
1.9635924,0.84935564,0.25106665,-1.4753493
-1.0659579,-0.755309,0.51901394,0.70950216
-0.4227563,2.0755522,0.20284404,-0.14422725
-0.19680206,-0.72724795,-0.32772547,0.19477071
0.20088187,0.43040782,1.6584389,0.13362491
-0.44582522,-0.0025467395,0.83211523,1.0873346
-0.27518392,0.26487237,-0.07164969,0.43855378
1.1426585,-0.23310757,1.2357442,0.3444861
1.0240072,-0.17680988,0.5866682,1.1362729
1.3009439,0.28428015,-1.3417345,0.430094
-0.07226126,-1.0695288,0.13110495,0.0067723063
-0.16149987,0.7454117,-1.3934201,-0.09233062
-0.47503632,-0.2963959,0.45691285,0.5707317
1.1833507,-0.17521843,0.45756602,-1.4908832
-1.4521892,-2.7239373,0.31747815,-0.18194567
