Feature,Factor_0,Factor_1,Factor_2,Factor_3,Factor_4,Factor_5,Factor_6,Factor_7,Factor_8,Factor_9
volume_sn_voxels::v0,0.0001954936,-0.0003384335,0.0001717342,0.00028353007,7.4924734e-05,-0.00018055896,0.0008118883,0.000298932,-2.3243168e-05,-0.00027669803
volume_sn_voxels::v1,0.0001902225,-0.0003144918,0.00041075292,0.0003748037,0.00025147747,-0.0002677194,0.0010548355,0.00028935692,-6.3921296e-05,-0.0001794868
volume_sn_voxels::v2,0.00019481718,-0.0004895843,1.6705408e-05,0.00037667592,0.00015597478,-0.00020878062,0.00076918566,0.0004232543,-0.0002466025,-0.0003724166
volume_sn_voxels::v3,0.00020952348,-0.0004423463,0.00017263346,0.00039228133,0.00026100167,-0.0002925157,0.0007610218,0.0005336653,-0.00027857834,-0.00032524156
volume_sn_voxels::v4,0.00029399473,-0.00041464187,0.00037127154,0.0003798225,0.0004416049,-0.00029689627,0.0009101834,0.0005029205,-0.00031585438,-0.00020880664
volume_sn_voxels::v5,0.00020279558,-0.0004313479,-6.664806e-05,0.00041206612,0.00019261833,-0.00017633844,0.0004593178,0.0003108942,-0.00045417127,-0.00036555214
volume_sn_voxels::v6,0.00026883872,-0.0004788302,-3.3484466e-05,0.00037712714,0.00034669615,-0.00023526537,0.0005348381,0.00050685793,-0.0005085416,-0.00032875428
volume_sn_voxels::v7,0.00031198785,-0.00047835492,0.00010787029,0.0004506891,0.00052430143,-0.00027401533,0.00057542365,0.00063272816,-0.00056598044,-0.00029365887
volume_sn_voxels::v8,0.00046556024,-0.000482535,0.00025446794,0.0004961889,0.0005846734,-0.00030934607,0.0006749223,0.0008296511,-0.0005604816,-0.0002520882
volume_sn_voxels::v9,0.0002501526,-0.00035437805,-0.000258676,0.00031517164,9.3303264e-05,1.1011974e-05,0.0003952678,-0.0002265462,-0.00051976263,-0.00024616093
volume_sn_voxels::v10,0.00029353102,-0.0004285235,-0.00023394094,0.0003544596,0.00016361178,-9.6408316e-05,0.00038387254,-9.922962e-05,-0.00052831165,-0.0003562922
volume_sn_voxels::v11,0.0002809301,-0.00048517674,-0.00021291642,0.00036471104,0.00025625693,-0.00019994979,0.00029424552,2.7320232e-06,-0.0005620407,-0.00027600687
volume_sn_voxels::v12,0.00029450905,-0.00058109674,-0.00019098615,0.00040543862,0.00044213148,-0.00024274211,0.00026707986,0.0003028726,-0.0006511122,-0.00025464085
volume_sn_voxels::v13,0.00031942964,-0.00064161874,-7.0652626e-05,0.00042407913,0.0005705159,-0.00023036374,0.00027561234,0.0004773704,-0.000622679,-0.0001708003
volume_sn_voxels::v14,0.00036398406,-0.0005499025,1.769205e-05,0.00047223116,0.0005461868,-0.00019346185,0.00026542778,0.0006184894,-0.0005997368,-0.00017352901
volume_sn_voxels::v15,0.00043555058,-0.0005679147,0.0001567575,0.00048774257,0.000755168,-0.0002686116,0.00042916113,0.0007298052,-0.0006407957,-0.00015144136
volume_sn_voxels::v16,0.0003218441,-0.0001944781,-0.00010580258,0.00023182399,0.00031974018,0.00039824445,0.00014054978,-0.0006778262,-0.00055042637,0.00014597973
volume_sn_voxels::v17,0.00033898358,-0.00023898404,-0.0002063869,0.00020968384,0.00020976084,0.0001787338,0.00017432886,-0.000642518,-0.00051172235,-8.58363e-06
volume_sn_voxels::v18,0.00035415028,-0.00044108715,-0.00030531437,0.00025578597,0.00021094286,6.989107e-05,0.00023715882,-0.00066975114,-0.00062035146,-0.00018393398
volume_sn_voxels::v19,0.0002565857,-0.00050267566,-0.00032025613,0.00030344824,0.00036209568,-0.00010627704,0.00017557232,-0.00037155792,-0.00058146054,-0.00016500971
volume_sn_voxels::v20,0.00035019213,-0.00058321207,-0.0003327975,0.00031573666,0.0004954073,-0.00017566758,0.00011313566,-0.00015627075,-0.00064696424,-0.00016327134
volume_sn_voxels::v21,0.00042409293,-0.0006196848,-0.00021840786,0.00042174134,0.0006071088,-0.00023998291,8.58301e-05,0.00019550593,-0.0005913768,-2.03961e-05
volume_sn_voxels::v22,0.00044365844,-0.0006345355,-0.000103091814,0.00047403516,0.0006977669,-0.0002136213,5.5364955e-05,0.0004718105,-0.000595811,4.6808793e-05
volume_sn_voxels::v23,0.0004428389,-0.00066155754,-1.09332095e-05,0.00050884817,0.0007935542,-0.00020837056,9.258463e-05,0.0005919169,-0.000650254,2.3055842e-05
volume_sn_voxels::v24,0.0004672122,-0.0006824293,9.2987335e-05,0.00043831652,0.0008605662,-0.00024289355,0.00025194226,0.00080993376,-0.0006502656,-0.00010742847
volume_sn_voxels::v25,0.00037385258,-0.00019568544,-8.0471356e-05,0.00015713855,0.0004182156,0.00048783683,-2.6940685e-05,-0.0008908823,-0.00056176435,0.0002931857
volume_sn_voxels::v26,0.00038365932,-0.00030250946,-0.0001681388,0.0001734739,0.000382087,0.00020447082,2.8269986e-05,-0.0008694286,-0.00047588715,0.00014080344
volume_sn_voxels::v27,0.00041596632,-0.0005331506,-0.0003092227,0.00025054027,0.0004053166,5.4181082e-06,-1.4693432e-05,-0.0007670442,-0.0005671185,-4.006975e-05
volume_sn_voxels::v28,0.00033352576,-0.0005185031,-0.00026416947,0.00023665202,0.00039680948,-0.00013724722,2.2352668e-05,-0.00045762572,-0.000531711,-4.130425e-05
volume_sn_voxels::v29,0.00039197208,-0.0005960525,-0.00026092445,0.00033907493,0.0005048294,-0.00028237232,-5.7223635e-05,-0.00029232516,-0.0005343766,1.7626894e-06
volume_sn_voxels::v30,0.00042000337,-0.0007490914,-0.0001994807,0.00046565395,0.0007815081,-0.0002756249,-6.174865e-05,0.00010021434,-0.0005472882,0.000116944764
volume_sn_voxels::v31,0.0004919107,-0.00083055475,-0.00014715882,0.00050408544,0.001025426,-0.00026966954,-0.0001571034,0.0004002193,-0.0005636192,0.0001259495
volume_sn_voxels::v32,0.0005577457,-0.0008051679,-4.270462e-05,0.00055689196,0.001048225,-0.0003112335,-4.6554247e-05,0.0006941782,-0.00064242614,9.428123e-05
volume_sn_voxels::v33,0.0005367383,-0.00062525074,7.667364e-05,0.00057248754,0.00091876736,-0.00016170765,0.00011347128,0.0008489111,-0.0005644332,-6.9361595e-05
volume_sn_voxels::v34,0.0004165644,-0.0003659487,-5.343422e-05,6.093672e-05,0.00047981917,0.0001897332,-5.6313842e-05,-0.0009772407,-0.00048170428,0.00021027816
volume_sn_voxels::v35,0.00042450975,-0.00043906865,-0.00014150908,0.00011969203,0.00042937096,1.0382967e-05,-8.7875786e-05,-0.0008184512,-0.00040970612,6.119184e-05
volume_sn_voxels::v36,0.00042333818,-0.00057064835,-0.00020637977,0.00025229994,0.00050117,-8.66129e-05,-9.4080075e-05,-0.0006295173,-0.00038055147,-2.8239867e-05
volume_sn_voxels::v37,0.00046493555,-0.0006674364,-0.00023421545,0.00031625113,0.00054867065,-0.00021242913,-0.000110684225,-0.0003295115,-0.00036178398,1.8117451e-05
volume_sn_voxels::v38,0.00046663661,-0.00070801296,-0.00019952937,0.00041724215,0.00077361224,-0.00021950695,-0.00014786838,-4.5928005e-05,-0.00038266386,8.301447e-05
volume_sn_voxels::v39,0.00051101815,-0.00082404754,-0.00012851815,0.00053225,0.00090638886,-0.00020940896,-0.00016006807,0.00026045597,-0.0004347836,9.9739584e-05
volume_sn_voxels::v40,0.00052697427,-0.0006932859,-8.952007e-05,0.0006523149,0.001031496,-0.00019136777,-0.00010871725,0.0004435132,-0.00052899256,-8.370666e-06
volume_sn_voxels::v41,0.0004046546,-0.00043967957,8.323374e-05,5.435002e-06,0.00046003395,0.0002065339,-9.695553e-05,-0.0010149508,-0.0003325328,0.00017117178
volume_sn_voxels::v42,0.00042964277,-0.00049897056,-3.533238e-05,9.086812e-05,0.00057503383,4.5932084e-05,-0.00013331394,-0.0009574823,-0.00024258709,9.324762e-05
volume_sn_voxels::v43,0.00044113904,-0.00058446475,-0.000101734986,0.0001931347,0.00055666897,-5.1860916e-05,-0.00013424426,-0.00069699297,-0.00015180133,1.1188208e-05
volume_sn_voxels::v44,0.00048567247,-0.0006285488,-0.00018924013,0.00029181057,0.00063455856,-0.00011072095,-9.866399e-05,-0.00041976452,-0.00018716518,4.9739947e-06
volume_sn_voxels::v45,0.0005518839,-0.0007484887,-0.00021494,0.0004718436,0.0009203492,-0.00016082995,-0.00018257958,-0.00017799794,-0.00024040372,-4.8162936e-05
volume_sn_voxels::v46,0.00044567918,-0.0006570303,-0.00020098653,0.00045504895,0.0009469081,-0.00013547315,-8.373631e-05,4.5140587e-05,-0.00028659607,-0.000100453326
volume_sn_voxels::v47,0.00041294852,-0.0005763235,-0.000114659706,0.00042859884,0.0008796955,-5.083645e-05,-7.194866e-05,0.00035443212,-0.00039660247,-0.00018011585
volume_sn_voxels::v48,0.00031836657,-0.00031075385,0.0002042085,4.34759e-05,0.000439883,0.00030573993,-3.363885e-05,-0.0010272119,-0.00020440333,0.00015703506
volume_sn_voxels::v49,0.00040850887,-0.00038911446,6.7511275e-05,0.00011552598,0.0005023818,0.00019379654,-5.113128e-05,-0.00089390326,-8.754091e-05,0.00014769666
volume_sn_voxels::v50,0.0004496848,-0.00058829034,2.1087893e-05,0.00027195652,0.0005837947,0.00014218046,-9.625875e-05,-0.0007744106,-4.208514e-05,6.4746455e-05
volume_sn_voxels::v51,0.00041950942,-0.00063056767,-8.1146136e-05,0.0003335466,0.0006509929,4.397015e-05,-9.907615e-05,-0.0005254032,-6.360059e-05,-5.971802e-05
volume_sn_voxels::v52,0.00048387557,-0.00061180623,-0.00014609114,0.00046760374,0.0007952089,1.1612716e-05,-0.000116029325,-0.0003485479,-0.00012108022,-0.00017111238
volume_sn_voxels::v53,0.0004731921,-0.00052142027,-0.00019414321,0.0005489048,0.0009054836,0.0001079525,-0.00013692275,-5.7015473e-05,-0.00027181546,-0.0002852892
volume_sn_voxels::v54,0.000352206,-0.00027760983,0.000236746,0.000294124,0.0005850868,0.0004325318,-9.7903554e-05,-0.0008535034,4.2143554e-05,0.00017372669
volume_sn_voxels::v55,0.00042984524,-0.00035642553,0.00014235865,0.00048482371,0.0007130025,0.00045071015,-0.00013156129,-0.00075725606,0.00014311961,0.00012206273
volume_sn_voxels::v56,0.00046729803,-0.00042823105,1.0988567e-05,0.0006141136,0.00080700655,0.00040108233,-0.0001620088,-0.00058952754,7.405071e-05,-1.2365698e-05
volume_sn_voxels::v57,0.00047787695,-0.00040953045,-0.00012214696,0.00063833484,0.00086824055,0.00029203313,-0.00015855918,-0.00024436263,-6.8104026e-05,-0.00020192144
volume_sn_voxels::v58,0.0002992603,1.5218168e-05,0.00016113093,0.0010230523,0.00088245666,0.0011064303,-0.00033479248,-0.0006599962,0.00021932075,0.00025276848
volume_sn_voxels::v59,9.9646844e-05,-6.944069e-05,0.00048411888,0.00032556435,0.00024585717,-2.326601e-05,0.0010988468,0.00033495438,0.000129197,-0.00045374729
volume_sn_voxels::v60,0.00016572356,-0.00019195871,0.00046365734,0.00036668513,0.00022506349,-5.946113e-05,0.0009976819,0.00024541415,5.328065e-05,-0.00021803021
volume_sn_voxels::v61,0.0002226158,-3.863651e-05,0.0007122749,0.0003950383,0.00044466864,-0.00013305857,0.0012650506,0.00027389615,-0.00010569328,-0.0002695492
volume_sn_voxels::v62,0.00020486493,-0.00037947844,0.00015972751,0.00037228808,0.00022170987,-0.00015950452,0.00095308264,0.00047239318,-5.1378644e-05,-0.00036431238
volume_sn_voxels::v63,0.00021205416,-0.0002846313,0.00037904095,0.00043403884,0.00034791417,-0.00022436242,0.0009993194,0.00043501882,-5.3077907e-05,-0.00022839713
volume_sn_voxels::v64,0.00023524814,-0.00012628656,0.0006111808,0.0003068362,0.00038558882,-0.00020132784,0.00082058285,0.0002507861,-0.00014766146,-0.00014975388
volume_sn_voxels::v65,0.00022200425,-0.00044511742,-2.4989087e-05,0.00037752665,0.0002746812,-0.00017732917,0.00061543554,0.0005883623,-0.00025147753,-0.00032798917
volume_sn_voxels::v66,0.00033009655,-0.0004378847,8.4050975e-05,0.00044705343,0.00044394494,-0.00025410028,0.0008076957,0.00074124726,-0.00038879047,-0.00033013924
volume_sn_voxels::v67,0.00041780368,-0.00044998073,0.0003923806,0.00056132895,0.00066721713,-0.0003820632,0.0009844016,0.00085037603,-0.00048863573,-0.00025983676
volume_sn_voxels::v68,0.0003598977,-0.0002664911,0.0005648874,0.0002984259,0.0005563335,-0.00032573784,0.0007874381,0.0005613627,-0.00036014037,-0.00013104719
volume_sn_voxels::v69,0.000292277,-0.000512073,-0.00017028366,0.00029508222,0.00031965147,-0.00018923776,0.00042964748,0.00043625792,-0.0004042379,-0.00030425287
volume_sn_voxels::v70,0.00027576264,-0.00050254585,-6.6933324e-05,0.00033457563,0.00047332788,-0.00019807417,0.0003785328,0.0005782849,-0.00043362268,-0.00028477056
volume_sn_voxels::v71,0.00034220933,-0.0004891402,-2.409645e-06,0.00041929,0.00066780916,-0.00026658815,0.0003848473,0.00080962,-0.0005033915,-0.00020226257
volume_sn_voxels::v72,0.0005160034,-0.00050101784,0.000229564,0.00044027754,0.0008420081,-0.00036831392,0.00062088424,0.0010200872,-0.0007155876,-0.00028778217
volume_sn_voxels::v73,0.00046453188,-0.0003350885,0.0004619846,0.0004184597,0.0007079667,-0.000314213,0.00065513793,0.0008841981,-0.00061111216,-0.0001444113
volume_sn_voxels::v74,0.00034086485,-0.00040676614,-0.00023321071,0.00018364459,0.00014276567,-0.00013157768,0.0003453032,-0.00012715455,-0.0003769182,-0.0001900015
volume_sn_voxels::v75,0.00035030305,-0.00048704958,-0.00025078224,0.00032109916,0.00028030638,-0.0001815105,0.0002814338,4.4881323e-05,-0.0004367651,-0.000117109965
volume_sn_voxels::v76,0.0003624866,-0.0005593222,-0.00018423017,0.00037035064,0.0005133114,-0.00028938334,0.0001553145,0.00039180272,-0.00038570358,-4.4584696e-05
volume_sn_voxels::v77,0.00045252714,-0.0006117877,-9.628003e-05,0.00037340517,0.0007013543,-0.00028885133,8.129416e-05,0.0006275011,-0.00054225686,-3.8579008e-05
volume_sn_voxels::v78,0.0004612525,-0.00063063466,-8.348163e-05,0.00046258196,0.0008220274,-0.00021460092,6.5721884e-05,0.0008476451,-0.00062144815,-2.677744e-05
volume_sn_voxels::v79,0.0004566586,-0.0005421635,6.3424806e-05,0.0004384228,0.0007973497,-0.00027391937,0.00023124664,0.0010286213,-0.0006852806,-3.960035e-05
volume_sn_voxels::v80,0.00038027848,-0.0003478102,-0.0002994412,0.00017647112,0.00023088734,5.4825086e-05,0.00017212912,-0.00047370896,-0.00030602652,-3.3440883e-05
volume_sn_voxels::v81,0.00033329445,-0.00042649198,-0.0002983122,0.00025151164,0.00026248174,-0.00014086148,9.097504e-05,-0.0002567207,-0.00030704442,1.864789e-05
volume_sn_voxels::v82,0.00045186115,-0.00058613083,-0.00030159164,0.00028779203,0.00048797988,-0.00022448752,-5.6675995e-06,-4.0009694e-05,-0.0003748059,9.413282e-05
volume_sn_voxels::v83,0.00045116415,-0.0006461424,-0.00020714893,0.00035950745,0.0006949741,-0.000248977,-0.000101947204,0.0003108221,-0.00037291917,0.00018698338
volume_sn_voxels::v84,0.00051213073,-0.00078287866,-0.00017458093,0.00043323883,0.000988135,-0.00034644632,-0.00022755013,0.00075992884,-0.00053552934,0.00031940907
volume_sn_voxels::v85,0.0005173265,-0.00076492026,-7.981126e-05,0.00049190177,0.0010756003,-0.00030177773,-0.00014922873,0.00092169933,-0.0005731638,0.00020043265
volume_sn_voxels::v86,0.0005844798,-0.00062700117,4.1369e-05,0.00047613654,0.001081814,-0.00025658202,4.149143e-05,0.00096491195,-0.00065460446,9.422756e-05
volume_sn_voxels::v87,0.00043167878,-0.00024986005,-0.00018833535,9.937017e-05,0.00029622132,0.00023466034,-3.9514412e-05,-0.00070547237,-0.0003317733,0.00028075022
volume_sn_voxels::v88,0.0004704331,-0.0004666288,-0.00026074878,0.00010538443,0.0003662722,-2.762983e-06,-3.929132e-05,-0.00063149974,-0.0002549736,0.00019634704
volume_sn_voxels::v89,0.00046460982,-0.0006217156,-0.00024087596,0.0001888135,0.00047081304,-0.00011641036,-8.1355574e-05,-0.00038881655,-0.0002666888,0.00016086645
volume_sn_voxels::v90,0.0004769212,-0.00064588035,-0.00023805491,0.0002717121,0.0005953458,-0.00028741645,-0.00020342326,-6.0032762e-05,-0.00022327251,0.00029568095
volume_sn_voxels::v91,0.0006725752,-0.0008481539,-0.00024643532,0.0004301093,0.00096257613,-0.0003509379,-0.00029809392,0.0002893477,-0.00025734273,0.0004975016
volume_sn_voxels::v92,0.0007691448,-0.0009697254,-0.0001739695,0.00056355825,0.0012009623,-0.0003463331,-0.00043015942,0.00072257145,-0.00036404678,0.0006006174
volume_sn_voxels::v93,0.00065326464,-0.0008284456,-0.0001191647,0.00050273293,0.0012823505,-0.000272961,-0.0002788166,0.00079165143,-0.00048612428,0.00044779506
volume_sn_voxels::v94,0.0007172321,-0.0007804135,-1.9000641e-05,0.00048246747,0.0011762017,-0.0002822348,-0.00011464231,0.0009500926,-0.0005569519,0.00018971114
volume_sn_voxels::v95,0.00041201164,-0.00024111097,0.00012541426,5.4097713e-05,0.0004713056,0.00047894096,-6.994498e-05,-0.0010004308,-0.00046067752,0.00048122476
volume_sn_voxels::v96,0.00038257695,-0.0002900108,-3.2519525e-05,-8.080255e-06,0.00037752304,0.00018192545,-0.000112825895,-0.0008817309,-0.00022548587,0.000320732
volume_sn_voxels::v97,0.00046014093,-0.00043213464,-0.00010555676,-1.1223213e-05,0.00041518355,9.875977e-06,-0.00016678352,-0.00068247627,-8.369313e-05,0.0002497437
volume_sn_voxels::v98,0.0005363567,-0.00054870755,-0.00017479263,0.0001012822,0.0006181759,-0.00014728462,-0.0001974871,-0.0005377887,-2.8700102e-05,0.00029716713
volume_sn_voxels::v99,0.00058448303,-0.00068627635,-0.00019203447,0.00025427516,0.0007921232,-0.00024554424,-0.0003747026,-0.00022518859,-3.8319475e-05,0.00039161072
volume_sn_voxels::v100,0.00072153413,-0.0009715723,-0.0002560786,0.0004152503,0.0010697219,-0.00037332097,-0.00040056385,0.00014104678,-0.00010497069,0.0005752387
volume_sn_voxels::v101,0.00074926036,-0.0010099589,-0.0002452988,0.0004640073,0.0011835459,-0.00033444434,-0.0005026519,0.00041988262,-0.00022443822,0.0006389026
volume_sn_voxels::v102,0.00071713165,-0.0008655455,-0.00022541491,0.00045277594,0.001320912,-0.00029036644,-0.00034553293,0.0005504725,-0.0004549088,0.0003871267
volume_sn_voxels::v103,0.00036704124,-0.00029345852,0.00034557292,-0.00012252286,0.00044423976,0.00032181627,-7.499737e-05,-0.00094494125,-0.00030987573,0.000309568
volume_sn_voxels::v104,0.00043913914,-0.00042458673,0.00022471929,-9.0626294e-05,0.00039495164,0.00021290731,-0.00015053288,-0.0008552582,-6.0472597e-05,0.0002866369
volume_sn_voxels::v105,0.00048768474,-0.00050549814,0.00014054497,-0.00010257769,0.00051339786,7.3773e-05,-0.0002525925,-0.00074673264,4.308047e-05,0.00028673548
volume_sn_voxels::v106,0.0005617372,-0.0005734469,-5.3465396e-06,8.469281e-05,0.00067763636,-3.952958e-05,-0.00030164325,-0.00061094126,0.00022100513,0.00035061146
volume_sn_voxels::v107,0.0005882571,-0.00067963114,-0.00015160801,0.00021786752,0.0007217599,-0.00016027778,-0.00031445952,-0.0003572103,0.00018133121,0.00030712667
volume_sn_voxels::v108,0.000657256,-0.0008162048,-0.00025140363,0.0003247263,0.0009582225,-0.00023594184,-0.00042328477,-0.00016749148,9.839483e-05,0.00037902908
volume_sn_voxels::v109,0.0006329147,-0.00074019446,-0.00032259154,0.00037504462,0.0010769229,-0.00022964997,-0.00038453488,3.355684e-05,-4.1639916e-05,0.00025449073
volume_sn_voxels::v110,0.0005933897,-0.00080299814,-0.00032534715,0.00052891276,0.0011570374,-0.00014238013,-0.00027760753,0.00025704803,-0.00024539296,6.588537e-05
volume_sn_voxels::v111,0.00031781138,-0.0002212902,0.0004969752,-0.00019146461,0.00039672872,0.00038720036,-3.0187764e-05,-0.0010246912,-0.00015112893,0.0002957659
volume_sn_voxels::v112,0.00038044807,-0.00034526823,0.00042185726,-0.00016257474,0.0003890241,0.00025747385,-0.00011487979,-0.00077730644,5.442366e-05,0.00019187332
volume_sn_voxels::v113,0.00047975307,-0.0004159062,0.00029486427,-7.7775345e-05,0.00046745557,0.00015483428,-0.0002580352,-0.0006742454,0.00020027228,0.0002547863
volume_sn_voxels::v114,0.0006046806,-0.0006038318,0.0001853263,5.17588e-05,0.00070699403,7.546477e-05,-0.0002612873,-0.00066253677,0.00041594543,0.00031298373
volume_sn_voxels::v115,0.0005628337,-0.00069380685,-4.5059533e-05,0.00013547837,0.00077604374,-1.1033001e-05,-0.00020632999,-0.0005156876,0.00042429662,0.00020128809
volume_sn_voxels::v116,0.0006408939,-0.00070983317,-0.00017347815,0.00030053355,0.00086021033,-5.3500153e-05,-0.00026861485,-0.00031393932,0.00026376065,0.00012706053
volume_sn_voxels::v117,0.0005484067,-0.0005715147,-0.00029516063,0.00041087065,0.00093430997,2.288394e-05,-0.00023012831,-0.00015057514,4.408811e-06,-3.5613328e-05
volume_sn_voxels::v118,0.00047498665,-0.0005258945,-0.00034747605,0.00045823326,0.00091834523,5.513197e-05,-0.00017071406,8.9991256e-05,-0.0002665944,-0.00020940659
volume_sn_voxels::v119,0.00028320117,-0.00015090812,0.0006318468,-0.00010314206,0.00045482712,0.00056505325,-3.8018454e-06,-0.00107748,-0.00023342726,0.00025053407
volume_sn_voxels::v120,0.00035542878,-0.00028211778,0.0005629116,-4.8138132e-05,0.00048259253,0.00046777335,-9.7164135e-05,-0.0009099786,8.882749e-05,0.00025582162
volume_sn_voxels::v121,0.00043601097,-0.00042029444,0.00044805108,2.69847e-05,0.0005715139,0.0003610314,-0.00016375261,-0.0007025398,0.00043089842,0.00024895262
volume_sn_voxels::v122,0.00048350924,-0.00041733411,0.00024160962,0.00011428504,0.0005625224,0.00026784278,-0.00018154734,-0.0005860208,0.00052725826,0.00022591696
volume_sn_voxels::v123,0.0005899839,-0.00057667145,6.182213e-05,0.00029487684,0.00073602423,0.00026367436,-0.00021052163,-0.00052521616,0.0005669166,0.00013723355
volume_sn_voxels::v124,0.00053900963,-0.000537149,-0.00013240628,0.00039700247,0.00085683324,0.0002371819,-0.00023845215,-0.00039705617,0.00038729334,-2.0835826e-06
volume_sn_voxels::v125,0.00025080072,5.4573848e-05,0.00064779766,0.0004330683,0.0006367572,0.0010749822,-0.0001953238,-0.0009082414,6.2560524e-05,0.00034357002
volume_sn_voxels::v126,0.0003532216,-8.390899e-05,0.0006141033,0.0004588982,0.00076214585,0.0010039877,-0.00028604936,-0.00077270356,0.00041916542,0.00030973795
volume_sn_voxels::v127,0.0003898588,-0.00013396119,0.00035499502,0.0005112779,0.00068409974,0.0008682598,-0.00024716475,-0.0005309055,0.00068971346,0.00021067871
volume_sn_voxels::v128,0.00047379694,-0.00021629412,0.00016744908,0.00061037304,0.00088777207,0.00069478207,-0.00023174666,-0.0004076429,0.0006392116,0.0001407503
volume_sn_voxels::v129,0.00012639251,0.00070433767,0.00046325655,0.001594165,0.0011074237,0.0020306406,-0.00064098876,-0.0007369208,0.00037348646,0.00039619516
volume_sn_voxels::v130,0.00022304514,0.0004773058,0.0002690856,0.0013192283,0.00090601854,0.0014543171,-0.0005218448,-0.0004759399,0.00053328165,0.00021928526
volume_sn_voxels::v131,0.00015038396,-0.00020017257,0.00044202057,0.00035655565,0.00029082218,-3.4799494e-05,0.0011046777,0.00028561312,0.00013106623,-0.00027903274
volume_sn_voxels::v132,0.00026259336,-0.00034646285,0.00011971601,0.00041337815,0.00033203032,-0.00016841278,0.0009594164,0.000539798,-1.1962843e-05,-0.00032115701
volume_sn_voxels::v133,0.00027334143,-0.00025307422,0.00041627503,0.0004417643,0.0005134824,-0.00019550133,0.001096455,0.0005638883,-9.733052e-05,-0.00029688273
volume_sn_voxels::v134,0.00022501152,-0.00011516689,0.00065393327,0.00035423777,0.000495516,-0.0001859086,0.0010192854,0.00032170606,-0.00012143885,-0.00018542062
volume_sn_voxels::v135,0.00037142533,-0.00045415835,4.43007e-05,0.00044136,0.0005840321,-0.0002863824,0.0008157319,0.000893178,-0.00032357662,-0.00035706637
volume_sn_voxels::v136,0.0003592871,-0.0003559774,0.0002689076,0.0004742278,0.00071809883,-0.00026227516,0.0009895805,0.00089766714,-0.00038432496,-0.00030800447
volume_sn_voxels::v137,0.00032982056,-0.00021888528,0.00049403193,0.00038099504,0.0006196073,-0.00028395237,0.0008533846,0.00060623785,-0.00040138912,-0.00017171315
volume_sn_voxels::v138,0.0004854604,-0.0006058571,-0.00013005365,0.00043268537,0.0006536265,-0.00031575607,0.00036663943,0.00085400965,-0.00042413516,-0.0002777441
volume_sn_voxels::v139,0.00046129603,-0.00052018696,-3.499219e-05,0.00045039307,0.00080749445,-0.00027324317,0.00034167644,0.0011214449,-0.0005639438,-0.0002538048
volume_sn_voxels::v140,0.0004894632,-0.00046128125,0.000118793476,0.00046090063,0.00085197727,-0.00027543036,0.0004377091,0.0010108722,-0.0006154985,-0.00022076623
volume_sn_voxels::v141,0.00046982936,-0.00034083103,0.00036257473,0.0003200161,0.000711768,-0.00034308428,0.0005758728,0.0009624756,-0.00062223413,-0.00017369945
volume_sn_voxels::v142,0.00039028458,-0.0005368004,-0.00022972575,0.000302737,0.00054373284,-0.00023394005,0.00010413725,0.0004119248,-0.0003210884,1.4308056e-05
volume_sn_voxels::v143,0.00042717732,-0.0005766204,-0.00017254426,0.0003581059,0.00079942273,-0.0002674279,-9.672039e-06,0.0007046441,-0.0003870986,3.8538305e-06
volume_sn_voxels::v144,0.00053549657,-0.00058762287,-0.000102606486,0.0003838332,0.0008401986,-0.00026649903,-8.106315e-06,0.00096345384,-0.0005652002,6.603711e-05
volume_sn_voxels::v145,0.0005492169,-0.0005096254,-2.3498392e-06,0.00042756996,0.0009784029,-0.00029574835,9.3500224e-05,0.0010421918,-0.00062182744,-7.088384e-05
volume_sn_voxels::v146,0.0005235716,-0.00043692402,0.00028361307,0.00034730483,0.00091958256,-0.00031185578,0.00027444237,0.00094969646,-0.00065882114,-0.000116082454
volume_sn_voxels::v147,0.00046432766,-0.00028650695,-0.00021002526,7.150757e-05,0.00016104417,2.7194656e-05,0.00021177981,-0.00041198306,2.8187174e-05,5.633697e-05
volume_sn_voxels::v148,0.0005291875,-0.0004371224,-0.00029719525,0.00019261983,0.0002856311,-8.425962e-05,6.0670674e-05,-0.00024148016,-0.000120777986,7.3749165e-05
volume_sn_voxels::v149,0.000542478,-0.00065918843,-0.0002927659,0.00024868193,0.00061421207,-0.00022479743,-2.7832672e-05,9.6021184e-05,-0.0001380629,0.00023280905
volume_sn_voxels::v150,0.0006451304,-0.0008092575,-0.00029245781,0.00035605035,0.0009031743,-0.00032688587,-0.0001987024,0.00046610206,-0.00031419366,0.0004166981
volume_sn_voxels::v151,0.0005864393,-0.00079538807,-0.00022979394,0.00038651767,0.0009507746,-0.00036365192,-0.00032838355,0.0007540543,-0.00034187094,0.00045599355
volume_sn_voxels::v152,0.0005828845,-0.00073401904,-0.00019861636,0.0004126281,0.0010590453,-0.00028029125,-0.000288381,0.00095713616,-0.0004569437,0.0003127707
volume_sn_voxels::v153,0.00056052936,-0.00065917557,-5.5059314e-05,0.00036362684,0.0010715338,-0.0002619488,-0.00013308851,0.00095413276,-0.00056144566,0.0001367069
volume_sn_voxels::v154,0.00052165746,-0.00041206623,0.00012041259,0.00023659428,0.0008458598,-0.00026957435,7.656511e-05,0.00080429594,-0.00063223555,3.4214547e-05
volume_sn_voxels::v155,0.00047092547,-0.0003962637,-0.00014827923,3.681849e-05,0.00038947992,8.380103e-05,-7.448499e-05,-0.00053242256,5.0168037e-05,0.00022360182
volume_sn_voxels::v156,0.0005814139,-0.00059464213,-0.00021216519,0.00013136666,0.0005198215,-0.00011797507,-0.00017209975,-0.0003344211,4.1170922e-05,0.0002962908
volume_sn_voxels::v157,0.00068699755,-0.00088096457,-0.00024463944,0.000249323,0.000945576,-0.00030942413,-0.00031376252,-2.5100264e-05,-4.4424127e-05,0.00053624576
volume_sn_voxels::v158,0.0006767605,-0.00078204495,-0.00027057677,0.00027681908,0.0010016711,-0.00033522016,-0.000402345,0.00034258567,-0.00010154822,0.0006205348
volume_sn_voxels::v159,0.0006914275,-0.0008976837,-0.00022113386,0.00034972667,0.001018092,-0.00030663106,-0.00048991584,0.0006485559,-0.00020048388,0.0007835245
volume_sn_voxels::v160,0.0006239915,-0.00080830505,-0.00024816682,0.00034501145,0.00112045,-0.00030776588,-0.00039838385,0.00083324616,-0.0003721294,0.00050596835
volume_sn_voxels::v161,0.0006155744,-0.0006262554,-0.0001733705,0.00031089658,0.0010913206,-0.00022644181,-0.00029824034,0.00078231393,-0.00048331928,0.0002762888
volume_sn_voxels::v162,0.00052389584,-0.00034680116,-4.539125e-06,0.00020718446,0.0007518864,-0.00018149434,3.57702e-05,0.00061780034,-0.00044462064,-6.13179e-05
volume_sn_voxels::v163,0.0004061346,-0.00019785934,0.00034367802,6.233638e-05,0.00038533812,0.0007214298,-0.000122006735,-0.0008161286,-0.00021145858,0.0005510067
volume_sn_voxels::v164,0.00046733036,-0.00033717824,0.00013075102,-3.2923086e-05,0.00037894773,0.00029617402,-0.00017108503,-0.00063031545,1.8508294e-05,0.00040817985
volume_sn_voxels::v165,0.0005397261,-0.00045415488,4.2463744e-06,-9.620618e-05,0.00045719027,4.1018426e-05,-0.0002140421,-0.00057469046,0.00015812667,0.00037424188
volume_sn_voxels::v166,0.00066581846,-0.0006215981,-0.0001269139,5.5923516e-05,0.00077425677,-9.9359146e-05,-0.00039856814,-0.00044017925,0.00032652717,0.00047596966
volume_sn_voxels::v167,0.00075297215,-0.00086681015,-0.00022618813,0.00015592611,0.0009929494,-0.00026720902,-0.0004691403,-0.00015634294,0.000317095,0.0005718313
volume_sn_voxels::v168,0.0007171324,-0.0008231845,-0.00025464845,0.00026450373,0.001026214,-0.00030589665,-0.00051958446,0.0001645075,0.00015003554,0.00072663807
volume_sn_voxels::v169,0.0007735114,-0.0008517786,-0.0003102717,0.00028404527,0.0010629294,-0.00035263156,-0.00055722514,0.0004424,-7.284307e-06,0.00071106787
volume_sn_voxels::v170,0.0006895258,-0.00074610487,-0.0003819448,0.00022840014,0.0010570952,-0.0002612845,-0.0004557302,0.0004934609,-0.00022082415,0.0004859786
volume_sn_voxels::v171,0.00061227224,-0.0005636535,-0.00035969247,0.00024835774,0.0009918814,-0.00012194413,-0.00028304112,0.0005737617,-0.00037572047,0.00021792852
volume_sn_voxels::v172,0.00030796634,-0.00011958183,0.00049618527,1.0834089e-05,0.00046072536,0.0007058816,-8.3386636e-05,-0.00094171334,-0.0004086977,0.00054300344
volume_sn_voxels::v173,0.00037645106,-0.00025345097,0.0004996014,-0.00013384446,0.00037278337,0.00044413048,-0.00013299838,-0.000906573,-0.00013610916,0.00040334507
volume_sn_voxels::v174,0.00049456395,-0.0003851698,0.000408918,-0.00015846302,0.000448191,0.00031961297,-0.000275603,-0.0008451006,0.00020038424,0.00043149787
volume_sn_voxels::v175,0.0005786908,-0.00054281915,0.0002911461,-0.00017330587,0.00049513986,0.00014561818,-0.00032782412,-0.0006063379,0.00042049994,0.00045500454
volume_sn_voxels::v176,0.00058187114,-0.00065151474,0.00014154075,-6.91387e-05,0.000672798,-3.9427647e-05,-0.0004398837,-0.00041552357,0.00055349496,0.00048003808
volume_sn_voxels::v177,0.0006948497,-0.0007916107,-6.586849e-05,2.6299158e-05,0.0008562926,-0.0001524995,-0.00047891212,-0.00021193562,0.00051886676,0.0005448611
volume_sn_voxels::v178,0.000738299,-0.00086506654,-0.00023320451,0.00014033567,0.0009599702,-0.00023405819,-0.0005184856,-0.00012950442,0.00041864353,0.00055439735
volume_sn_voxels::v179,0.00067001046,-0.0007656817,-0.00040117215,0.00014831535,0.0007548624,-0.00018886452,-0.00042704807,4.1357875e-05,9.9178906e-05,0.00039813961
volume_sn_voxels::v180,0.0006270703,-0.00062761,-0.0004699774,0.00025739337,0.00090561487,-0.00013613269,-0.0003096444,0.00016892524,-0.00011347619,0.0001922636
volume_sn_voxels::v181,0.0005408969,-0.0004329237,-0.00043307777,0.00019951745,0.0007450264,-7.832441e-05,-0.00020275921,0.00028665687,-0.00025442883,-8.955533e-06
volume_sn_voxels::v182,0.00025654084,-6.3554944e-05,0.00066068687,-0.00018623895,0.00037939247,0.00048794065,3.790614e-05,-0.0010644333,-0.00044974452,0.0003491631
volume_sn_voxels::v183,0.00030229354,-0.0002108543,0.00060867774,-0.00023317344,0.0003919126,0.00047662482,-7.476693e-05,-0.00082839775,-8.3954306e-05,0.00028434696
volume_sn_voxels::v184,0.00047164146,-0.00038059484,0.000764369,-0.00024591316,0.0004532247,0.0004065063,-0.00024299584,-0.0007638193,0.00029378987,0.0004060526
volume_sn_voxels::v185,0.0005471686,-0.00052521663,0.00057488034,-0.00023294178,0.00049036206,0.000209427,-0.00035467677,-0.0006367024,0.0007008826,0.00033767024
volume_sn_voxels::v186,0.0006254227,-0.0006103419,0.00033844128,-0.00012698532,0.0005908785,5.0645667e-05,-0.0003561958,-0.00046563993,0.0007083376,0.00037117308
volume_sn_voxels::v187,0.00070855994,-0.000753608,9.033108e-05,-3.9194194e-05,0.00073509413,-4.732016e-05,-0.00046556807,-0.000448702,0.00076559355,0.00042218604
volume_sn_voxels::v188,0.00064070313,-0.000699403,-0.00023677091,5.1998293e-05,0.00072020025,-0.00012511652,-0.00032770017,-0.00032156523,0.000557648,0.00029740747
volume_sn_voxels::v189,0.00058174145,-0.000567453,-0.00043377286,0.00014217006,0.0007430936,-8.5003754e-05,-0.0003014759,-0.00019207779,0.0002193415,0.00013519653
volume_sn_voxels::v190,0.00053484685,-0.00036510514,-0.0005428637,0.00023775315,0.00071457366,3.08602e-05,-0.00022833512,-9.434018e-06,-2.6637492e-05,-3.430378e-05
volume_sn_voxels::v191,0.00030532636,-0.00018323828,0.0008378154,-0.0002799376,0.0004030749,0.0004939985,-2.3427228e-06,-0.00082405575,-9.1811504e-05,0.00019181057
volume_sn_voxels::v192,0.00041999837,-0.00037648683,0.00088100106,-0.00029059013,0.0004800688,0.0005417433,-0.00018588456,-0.000793612,0.0003978717,0.00021943427
volume_sn_voxels::v193,0.00048694195,-0.00052331254,0.00081403606,-0.00020029354,0.00054710114,0.00039288175,-0.0002765378,-0.00059464,0.0006745709,0.00026677822
volume_sn_voxels::v194,0.0006290365,-0.00056248537,0.0005092711,-0.00013281876,0.00058318395,0.00029097986,-0.00030823145,-0.00041729497,0.0009967767,0.00029055477
volume_sn_voxels::v195,0.0006425165,-0.00052087073,0.00023745265,-1.4636358e-06,0.00060359197,0.00017506853,-0.00029251038,-0.00037351827,0.00084958517,0.00023537567
volume_sn_voxels::v196,0.0006251444,-0.000572529,-0.00012317582,0.00014021633,0.00065809756,0.000116203046,-0.0002560338,-0.00034520734,0.0006656908,0.00012929668
volume_sn_voxels::v197,0.0005385033,-0.00040158458,-0.00041459093,0.00023543312,0.0006565933,0.00017393829,-0.00017551455,-0.00025924732,0.00031938925,-9.105019e-05
volume_sn_voxels::v198,0.00054262235,-0.00024977626,-0.0005494964,0.00044594303,0.0007529156,0.00027819606,-0.00012564527,-0.00013177386,-4.5940822e-05,-0.00028374934
volume_sn_voxels::v199,0.00028833532,1.8892275e-05,0.0008260862,-0.00015778349,0.0004636985,0.000707056,-8.293681e-06,-0.00086740236,-0.00015613729,0.00017356937
volume_sn_voxels::v200,0.00033800988,-0.00013512014,0.00084975164,-0.000105174804,0.0005123841,0.0007297682,-0.00014383752,-0.00075382134,0.00027927532,0.00018822576
volume_sn_voxels::v201,0.00044317203,-0.000285462,0.0007101709,-3.9615534e-05,0.0005190168,0.0006201057,-0.00019664729,-0.00038834923,0.00064489496,0.00016939742
volume_sn_voxels::v202,0.0004918139,-0.00030300542,0.0005912558,8.1223945e-05,0.000580222,0.00056743337,-0.00025664116,-0.00033630806,0.000914902,0.00011369159
volume_sn_voxels::v203,0.0004782174,-0.00030035048,0.00028058173,0.00014564564,0.0005584555,0.0005319086,-0.00025218612,-0.00024516814,0.0009104596,6.7341505e-05
volume_sn_voxels::v204,0.0006003902,-0.0002990549,-6.741915e-05,0.0004342845,0.0006918354,0.00043865188,-0.00022803505,-0.00029840917,0.00076306803,-7.7052406e-05
volume_sn_voxels::v205,0.00051752746,-0.00014164732,-0.00037230272,0.00049580366,0.00067347405,0.0005006116,-0.00010600333,-0.00021729102,0.00032545108,-0.00019345175
volume_sn_voxels::v206,0.00019663118,0.00030525,0.000801574,0.0005758581,0.0006528848,0.001278768,-0.0003063653,-0.00071060605,0.0001592285,0.0002755027
volume_sn_voxels::v207,0.0002526262,0.00018269845,0.00066898536,0.000605503,0.00069970527,0.0012642448,-0.00036005085,-0.0003639456,0.0005271676,0.00019672542
volume_sn_voxels::v208,0.00031814715,0.00016778817,0.00047618066,0.0005891472,0.0006318195,0.001118578,-0.00029644626,-0.00018505921,0.0008287376,0.000104682804
volume_sn_voxels::v209,0.000418792,0.00010693965,0.00028100796,0.0007296522,0.0007655057,0.00094607315,-0.00036225683,-0.000119781755,0.00090149377,-3.7438545e-05
volume_sn_voxels::v210,0.0004156116,-0.0003635385,3.1197498e-05,0.00036891812,0.0005899332,-0.00018286025,0.0007877602,0.0009798609,-0.00021101788,-0.00034961576
volume_sn_voxels::v211,0.00040575815,-0.00031173608,0.00031892757,0.00043264293,0.0006277928,-0.00017812302,0.0010115368,0.00078695675,-0.00027865835,-0.00032606794
volume_sn_voxels::v212,0.00035464554,-0.0001311503,0.0005030655,0.00035113987,0.00058651774,-0.00021489081,0.0010108856,0.00048619503,-0.00027169925,-0.00018942579
volume_sn_voxels::v213,0.00056194543,-0.00046230355,-0.00013203331,0.00035180175,0.00082313444,-0.00023999378,0.0005168912,0.0010255167,-0.0004263666,-0.00026897894
volume_sn_voxels::v214,0.00054832094,-0.00038314436,7.045373e-05,0.00039717264,0.0009779725,-0.00019761627,0.000591482,0.0011174153,-0.00046111146,-0.00029372622
volume_sn_voxels::v215,0.000570132,-0.00025903896,0.0003547867,0.0002972928,0.00080251734,-0.00027529235,0.00072922464,0.0008699283,-0.00057846954,-0.00021452198
volume_sn_voxels::v216,0.0005764029,-0.00062807795,-0.0003187728,0.00027882686,0.00080255774,-0.00027375497,6.946132e-05,0.00081846677,-0.00033712195,-2.6507482e-06
volume_sn_voxels::v217,0.0006118943,-0.0005911978,-0.0003043887,0.00026252202,0.000889183,-0.00020835121,8.20172e-05,0.0009412005,-0.00041044498,-7.833943e-05
volume_sn_voxels::v218,0.0005267212,-0.00041479326,-0.00010557648,0.00023654735,0.00084904797,-0.00025110054,0.00015689507,0.0008616813,-0.0005195844,-6.8474554e-05
volume_sn_voxels::v219,0.00053888897,-0.00028502103,0.00014124427,0.00013835507,0.0007209856,-0.00022504556,0.00034228258,0.00079587137,-0.00051557267,-0.00016724656
volume_sn_voxels::v220,0.00051970175,-0.0003085547,-0.00021652339,5.3258234e-05,0.00015590359,-7.78547e-05,0.00019945708,-0.00014839454,0.00014545613,5.3081298e-05
volume_sn_voxels::v221,0.00052686234,-0.0005910402,-0.00028136457,0.00015170647,0.00041409335,-0.00020172799,0.00012959898,6.3198745e-06,5.109376e-06,0.00013724076
volume_sn_voxels::v222,0.0006205665,-0.00070274825,-0.00035891577,0.0002058764,0.0007034236,-0.00026865336,-7.342821e-05,0.00034947137,-6.230562e-05,0.00027240824
volume_sn_voxels::v223,0.0006871401,-0.00069035566,-0.00037686518,0.00028182074,0.0008856802,-0.0003151793,-0.000216517,0.0006511256,-0.00023817176,0.00030574182
volume_sn_voxels::v224,0.0005890961,-0.00057674735,-0.00031397314,0.00019949485,0.0009030163,-0.00029432663,-0.00021597535,0.00080669945,-0.00035568458,0.00023847957
volume_sn_voxels::v225,0.0005842196,-0.00046918463,-0.00026688012,0.0001403064,0.00076346827,-0.00022156414,-8.8900655e-05,0.0007327718,-0.00043126024,0.00010281285
volume_sn_voxels::v226,0.0005656819,-0.00029688803,-8.524598e-05,5.1416213e-05,0.0007582119,-0.00016185366,0.00012938608,0.0005758517,-0.00043573842,-4.144637e-05
volume_sn_voxels::v227,0.00059043255,-0.00044263963,-0.00019074694,-4.2229036e-05,0.00039380122,-7.667113e-05,-2.3685665e-05,-0.00023479576,0.00028028962,0.00020849238
volume_sn_voxels::v228,0.0006586508,-0.0006135498,-0.00031616155,2.954421e-05,0.00062780216,-0.0001561015,-0.00012812826,-3.231496e-05,0.00019262823,0.00035891763
volume_sn_voxels::v229,0.0007170274,-0.00080161646,-0.00034357794,0.00013760476,0.0007755495,-0.00022606179,-0.0002755882,0.00022173724,0.00010749462,0.00047494334
volume_sn_voxels::v230,0.0006682205,-0.0007305447,-0.0004669538,0.00012044037,0.0008773453,-0.00022492661,-0.00042483083,0.00048700877,-4.9957544e-05,0.00044666816
volume_sn_voxels::v231,0.00067123334,-0.00071199186,-0.00047366714,0.00010501956,0.00091213215,-0.0002518377,-0.00038668019,0.0006349708,-0.0002561633,0.00043798413
volume_sn_voxels::v232,0.0006886361,-0.0005480688,-0.0004824323,6.227249e-06,0.00090069487,-0.00016025812,-0.00024250027,0.0005591323,-0.00037160367,0.00020196821
volume_sn_voxels::v233,0.0006155411,-0.0002699262,-0.00032673453,-3.2946875e-05,0.00072000106,-0.00012202871,-2.5065228e-05,0.00051007204,-0.00039456485,-3.3576598e-05
volume_sn_voxels::v234,0.000569563,-0.00032347895,0.00011418649,-0.00013104209,0.00043524947,0.00014146969,-0.00021141155,-0.0004441063,0.0004998856,0.00032584456
volume_sn_voxels::v235,0.0007030118,-0.0005721401,-1.2427168e-05,-0.000121088204,0.00069916446,-2.272594e-05,-0.00038258525,-0.00038077813,0.00051172863,0.00039702278
volume_sn_voxels::v236,0.0006910052,-0.0007614377,-0.00021419053,-5.9521763e-06,0.00075931876,-0.00015450703,-0.00046804838,-0.00019930027,0.0004612005,0.00046634793
volume_sn_voxels::v237,0.0006438964,-0.000761364,-0.00038008846,-1.38521e-05,0.0007278045,-0.00021108463,-0.00034492146,6.8645815e-05,0.00024219947,0.000491076
volume_sn_voxels::v238,0.0006084154,-0.0006382414,-0.00042910338,-2.4775936e-06,0.00063059235,-0.00019778867,-0.0003426404,0.00019201421,9.2717586e-05,0.000453685
volume_sn_voxels::v239,0.00063416455,-0.00059174484,-0.00050881936,-6.0154318e-05,0.0006155076,-0.00018541657,-0.00033036567,0.0002920149,-6.7460205e-05,0.0003486829
volume_sn_voxels::v240,0.0005638412,-0.00042072343,-0.0005951527,-6.0792376e-05,0.00063023774,-9.276961e-05,-0.00024178045,0.00030585195,-0.00020790884,0.00013360365
volume_sn_voxels::v241,0.00050575775,-0.000201266,-0.00038503768,-7.839025e-05,0.0006234906,-1.9406432e-05,-7.953964e-05,0.0003129264,-0.00028964644,-7.57828e-05
volume_sn_voxels::v242,0.00040478853,-8.419517e-05,0.0006677937,-4.180726e-05,0.00047652077,0.00072222133,-0.000154633,-0.0007340003,0.00010368121,0.0005189085
volume_sn_voxels::v243,0.0005167986,-0.0003035814,0.0005221693,-0.00015771392,0.00037037645,0.0004212214,-0.00027773384,-0.00054748106,0.00043917322,0.0003882973
volume_sn_voxels::v244,0.0005519304,-0.00049609365,0.0004529616,-0.00023673169,0.00050282595,0.00023754542,-0.00038193457,-0.00044194752,0.0007575991,0.00035579668
volume_sn_voxels::v245,0.0006808882,-0.0006227168,0.000167699,-0.00014878053,0.0005797814,5.199537e-05,-0.0004778869,-0.0003505282,0.0008879225,0.00046245757
volume_sn_voxels::v246,0.00069278304,-0.0006406604,-6.788807e-05,-0.00014878526,0.0007157014,-0.00010709961,-0.0004737188,-0.0003356982,0.0007929405,0.0004278748
volume_sn_voxels::v247,0.0006168003,-0.0006460777,-0.00032693127,-0.000100804114,0.00058369176,-0.00015869118,-0.0003203744,-0.00022151675,0.0004318302,0.00040138842
volume_sn_voxels::v248,0.00056899985,-0.00050675194,-0.00044896637,-6.793181e-05,0.00051759713,-0.00017003305,-0.00029762607,-4.6760615e-05,0.00020041999,0.00032486787
volume_sn_voxels::v249,0.00052226515,-0.0004159987,-0.00063394534,-9.672695e-05,0.00047374252,-0.00012143879,-0.00026145965,-2.9959012e-05,2.813955e-05,0.00017242295
volume_sn_voxels::v250,0.00051018276,-0.0002552627,-0.0005920385,-6.8562586e-05,0.0004993472,-2.9209536e-05,-0.00018188315,0.00011910819,-0.00016164198,-2.7643773e-05
volume_sn_voxels::v251,0.00046424416,-0.00011096226,-0.000435182,-3.1713436e-05,0.0004979094,4.6581074e-05,-4.8133432e-05,0.00028005367,-0.00027668243,-0.00015946572
volume_sn_voxels::v252,0.0002998828,2.0649855e-05,0.00080578343,-9.39532e-05,0.00043282157,0.0006419464,-2.4977347e-05,-0.0010565786,-0.00032132014,0.00038643696
volume_sn_voxels::v253,0.00035619774,-0.0001712724,0.00080962124,-0.00017283374,0.00034756467,0.00053093827,-8.4726584e-05,-0.0007424421,0.00015762531,0.00037619317
volume_sn_voxels::v254,0.00048870186,-0.00036618352,0.0007644751,-0.0003366126,0.00043563565,0.00045161415,-0.000246885,-0.00063694443,0.0005762607,0.00040471993
volume_sn_voxels::v255,0.0005835607,-0.00049382454,0.0007016207,-0.0002924044,0.00059704797,0.00027477616,-0.0003545856,-0.00048530177,0.00092759274,0.00032195257
volume_sn_voxels::v256,0.0006194174,-0.0005456462,0.00041254846,-0.0002820813,0.0005474915,0.00016882076,-0.00033873212,-0.00033239898,0.0009647385,0.00032299926
volume_sn_voxels::v257,0.0006132812,-0.00062262185,0.00013952541,-0.00019328458,0.0005451109,-3.181582e-05,-0.00036236082,-0.00033172558,0.0008668578,0.0002844259
volume_sn_voxels::v258,0.0006710985,-0.0005318852,-0.00027097482,-0.00019111362,0.00054008863,-6.320704e-05,-0.0003515707,-0.00032725962,0.0006169539,0.00022989884
volume_sn_voxels::v259,0.0006202065,-0.00048605236,-0.0005549174,-0.00012798658,0.00038284718,-0.0001335592,-0.0002728595,-0.00028650326,0.00032727467,7.46087e-05
volume_sn_voxels::v260,0.00054439943,-0.00030817144,-0.0006510649,-2.1611559e-05,0.00037405815,-1.3447468e-05,-0.00019859437,-0.00014962626,2.0132824e-05,-5.9025282e-05
volume_sn_voxels::v261,0.0004397336,-0.00011125139,-0.00063331396,3.6305137e-05,0.00040229753,8.370161e-05,-0.00016664674,-3.896117e-05,-0.00014537707,-0.00015172694
volume_sn_voxels::v262,0.00040240237,-0.00020338781,0.0010407007,-0.00034287246,0.00041089216,0.00052792125,-6.6043016e-05,-0.0008153877,9.890507e-05,0.00020701993
volume_sn_voxels::v263,0.0004403872,-0.00032169404,0.0008868666,-0.00031366543,0.0003896239,0.0004216815,-0.00019237564,-0.00057201507,0.00049706385,0.00020343826
volume_sn_voxels::v264,0.00040033003,-0.00039755466,0.0007306344,-0.00029758463,0.0003378558,0.00032705508,-0.00019560773,-0.0003200633,0.00079196895,0.00017971745
volume_sn_voxels::v265,0.00052926387,-0.0004443745,0.00058185396,-0.0003741169,0.00043525052,0.00024634672,-0.00030696316,-0.00024700348,0.0010494909,0.00013027785
volume_sn_voxels::v266,0.00060907705,-0.00048071798,0.0002386365,-0.00020713876,0.00045923243,0.00010082626,-0.00022230206,-0.0002883759,0.0011030507,0.000107244385
volume_sn_voxels::v267,0.0007241257,-0.00049638416,-0.00017401631,-0.00016784869,0.000519921,3.8437674e-06,-0.00028619907,-0.00036937313,0.0009124027,9.228621e-05
volume_sn_voxels::v268,0.0005702153,-0.00034862853,-0.00053300353,-1.8446812e-05,0.00041667838,-3.9914823e-05,-0.00016432372,-0.00035117756,0.00039371484,-6.1243045e-05
volume_sn_voxels::v269,0.0005353572,-0.00017752087,-0.00057207164,9.6550844e-05,0.0003936074,2.1028056e-05,-0.00013822569,-0.00023924035,7.9586855e-05,-0.00021130504
volume_sn_voxels::v270,0.0002859391,-7.6863864e-05,0.0009511355,-0.00031376845,0.00037064226,0.0005182034,-1.364027e-05,-0.00066935545,-5.0881376e-05,0.00012281488
volume_sn_voxels::v271,0.00044225703,-0.0002025563,0.0009437868,-0.0003151315,0.00039529294,0.0005504748,-8.355894e-05,-0.0004938265,0.0003944201,9.708724e-05
volume_sn_voxels::v272,0.00039028627,-0.00022091475,0.0008184844,-0.0002632496,0.00034007253,0.00046601778,-0.00021459008,-0.00028708202,0.0007998436,5.1329853e-06
volume_sn_voxels::v273,0.00047361487,-0.0003533244,0.00070603035,-0.00019744415,0.00037374656,0.00036265698,-0.00014034979,-0.000104089246,0.00094703876,-6.9493203e-06
volume_sn_voxels::v274,0.0005811717,-0.0003082029,0.00036207348,-0.00014623073,0.0003591439,0.00021603794,-0.00019347774,-0.00012382597,0.0011427577,-6.7304776e-05
volume_sn_voxels::v275,0.00054538355,-0.00026831587,-5.7584595e-05,2.41512e-05,0.00043882904,0.00016357393,-0.00014167112,-0.00022648805,0.0009640437,-8.309923e-05
volume_sn_voxels::v276,0.00050634233,-0.00010984331,-0.0004224854,0.00023436635,0.00042421126,0.00013733572,-9.64762e-05,-0.00027951522,0.00045509433,-0.00026219754
volume_sn_voxels::v277,0.0004492423,7.979335e-05,-0.00064899214,0.0003823295,0.0004722582,0.00024787628,-0.00010708339,-0.00019894008,5.3662323e-05,-0.00032070887
volume_sn_voxels::v278,0.00025803107,4.0476993e-05,0.00083276216,-2.8528675e-05,0.0004352701,0.00071696436,-8.679572e-05,-0.00040160574,0.00032242897,3.358048e-05
volume_sn_voxels::v279,0.00034853822,5.210646e-06,0.0008341655,-8.433848e-06,0.00042094316,0.0007458327,-0.00015312798,-0.00015171061,0.00067644485,-2.7390453e-05
volume_sn_voxels::v280,0.00040966558,-3.652696e-05,0.000619831,6.051481e-05,0.00037562673,0.0006161071,-0.00017081758,-2.5127876e-05,0.00094195636,-9.757506e-05
volume_sn_voxels::v281,0.00047261568,-2.2917833e-05,0.00040900073,0.00012249206,0.00048141685,0.00053019717,-0.00019009625,-8.57241e-07,0.0010728955,-0.00019390335
volume_sn_voxels::v282,0.0005132634,6.503261e-05,9.500694e-06,0.00034196372,0.0005177605,0.00047524658,-0.00015695713,-9.375683e-05,0.0008489064,-0.0002464599
volume_sn_voxels::v283,0.00018912509,-3.671766e-05,0.0005586238,0.0004130375,0.00025067833,-3.1764637e-06,0.00121438,6.849794e-05,7.4794596e-05,-0.00022488477
volume_sn_voxels::v284,0.00036035682,-0.00022683728,0.00027515626,0.000353913,0.00043973708,-0.00015832303,0.0011449766,0.00046126675,-6.325841e-06,-0.00033721398
volume_sn_voxels::v285,0.00032612865,-9.253661e-05,0.00045711533,0.0003667928,0.0005022655,-8.0079124e-05,0.0011921655,0.0002622528,-6.0400627e-05,-0.00021143923
volume_sn_voxels::v286,0.00046846495,-0.0003465735,-0.00017431933,0.00022553274,0.000553911,-0.00015101745,0.0007793341,0.00060489785,-0.00016150619,-0.0002769884
volume_sn_voxels::v287,0.0005401745,-0.00035316404,-1.5259659e-05,0.0002684172,0.0007066311,-0.00015218079,0.0009605971,0.00067533075,-0.00026741193,-0.00035166251
volume_sn_voxels::v288,0.00047486735,-0.00017918427,0.0003701278,0.00022596457,0.0006280859,-0.00019687932,0.0009561308,0.00044568774,-0.00033733796,-0.00024703384
volume_sn_voxels::v289,0.00055194873,-0.00046849213,-0.00034474843,0.00012727863,0.00044422192,-0.00019485148,0.00045768972,0.00034503554,-3.9873437e-05,-0.000193734
volume_sn_voxels::v290,0.00056366005,-0.00036148986,-0.00033403092,0.00010539636,0.00063818996,-0.00020570328,0.00036131998,0.00057169027,-0.00023460915,-0.00021587696
volume_sn_voxels::v291,0.00059873244,-0.0003559936,-0.0003396633,6.807153e-05,0.00076055015,-0.00016558901,0.00044164082,0.00069545384,-0.00037286035,-0.00021737594
volume_sn_voxels::v292,0.00059326814,-0.00020999934,-4.317792e-05,4.9278628e-05,0.0006973526,-0.00020656576,0.0005434948,0.0004947366,-0.0003828285,-0.00019393637
volume_sn_voxels::v293,0.0004936711,-0.00040830323,-0.00038345403,1.538955e-05,0.0002970088,-0.00012946235,0.00018446546,3.06247e-05,0.00011804665,-8.363563e-06
volume_sn_voxels::v294,0.00052477285,-0.00040073995,-0.0005089376,-1.0680919e-05,0.00046319456,-0.00012592292,0.000119378754,0.0002426007,-9.242671e-05,2.2078088e-05
volume_sn_voxels::v295,0.0006258758,-0.00045589567,-0.0005673991,-5.787636e-05,0.00059516367,-0.00016079095,8.714325e-05,0.00047132763,-0.00013946656,4.486842e-06
volume_sn_voxels::v296,0.0006130092,-0.00035362705,-0.00049408263,-0.000111300484,0.0006315609,-0.000110749635,0.00010808922,0.0005229219,-0.00025165553,-8.68481e-05
volume_sn_voxels::v297,0.0005721488,-0.0001748291,-0.00028701138,-0.00015995698,0.00054999493,-5.6241166e-05,0.00020066001,0.00037846356,-0.00032108894,-0.00012585473
volume_sn_voxels::v298,0.000571309,-0.00035108364,-0.00024854997,-9.780561e-05,0.0002314255,-0.00010048076,0.00012021551,-0.00025822263,0.000362244,7.429446e-05
volume_sn_voxels::v299,0.00050791376,-0.00047842035,-0.00044467335,-8.477184e-05,0.00038569118,-0.00014161876,3.4835066e-05,-7.037157e-05,0.00022422016,0.000108579865
volume_sn_voxels::v300,0.0005950075,-0.0004072659,-0.0004961799,-0.00014491305,0.00039728798,-0.00014944105,-9.932579e-05,7.886422e-05,7.365266e-05,0.00013824643
volume_sn_voxels::v301,0.00062706857,-0.00042157946,-0.0006512642,-0.00014205415,0.0004094258,-0.00015597678,-0.00012297826,0.00025138436,-7.7057826e-05,6.516219e-05
volume_sn_voxels::v302,0.0005891469,-0.00032752147,-0.0007700459,-0.0003165482,0.00049261923,-4.52481e-05,-8.1616614e-05,0.00036190683,-0.00013502888,4.1933614e-05
volume_sn_voxels::v303,0.0005517606,-0.00022707653,-0.0004933276,-0.00026444218,0.00050999806,-2.7059174e-05,-1.8567058e-05,0.00027549028,-0.0001883943,-4.9600236e-05
volume_sn_voxels::v304,0.000489776,-0.00014997965,0.0002516368,-0.00026190182,0.0002486889,0.00018612655,-6.173077e-05,-0.00026247435,0.0006526124,0.00018826779
volume_sn_voxels::v305,0.0006049582,-0.0002976273,2.2789913e-05,-0.00023270435,0.00031204568,2.3974035e-05,-4.5480458e-05,-0.00028359142,0.0006270464,5.9615904e-05
volume_sn_voxels::v306,0.0005191123,-0.00035746468,-0.00020184497,-0.00018734508,0.000298219,-7.975594e-06,-9.9804696e-05,-0.00027339548,0.00047789942,0.00010343469
volume_sn_voxels::v307,0.00057602924,-0.0004531204,-0.00041182357,-0.0002168371,0.00038366314,-0.00013430616,-0.00011877607,-0.0002524184,0.00033205881,0.0001518997
volume_sn_voxels::v308,0.0006068009,-0.00045376984,-0.0006855318,-0.00024367562,0.00038894647,-0.00011679932,-0.00014249634,-0.000109168315,0.00013640897,0.00016570518
volume_sn_voxels::v309,0.00063881284,-0.0004023938,-0.00086300896,-0.0003307774,0.0003831151,-8.334347e-05,-0.0001927232,-2.6511643e-05,2.7882716e-05,8.1879916e-05
volume_sn_voxels::v310,0.0006501938,-0.00034069736,-0.00078817847,-0.00036008196,0.00034370844,-2.620548e-05,-0.00029411048,0.00017294871,-7.266645e-05,-1.8378545e-05
volume_sn_voxels::v311,0.00058568886,-0.00012262867,-0.00073391735,-0.0003691646,0.0004122583,3.072314e-05,-0.00017676014,0.00019115898,-0.00018447591,-0.00022387564
volume_sn_voxels::v312,0.0005545365,-0.00026392442,0.00043635006,-0.00028169068,0.0002988265,0.00025482842,-0.00018590385,-0.0002938395,0.00076923636,0.0002009778
volume_sn_voxels::v313,0.0006492732,-0.00038522203,0.0002241644,-0.0003085936,0.00043495983,0.00012444277,-0.0002059978,-0.0003519222,0.000831755,0.00018173715
volume_sn_voxels::v314,0.0006151119,-0.00044908686,-0.00012504924,-0.00031880618,0.00042473082,-2.7268047e-06,-0.0001671691,-0.0003399295,0.0007159082,0.0001747667
volume_sn_voxels::v315,0.00058927806,-0.00041442117,-0.00041621967,-0.00028084504,0.00034294638,-7.560589e-05,-0.00013670974,-0.00036107667,0.00039294607,0.00019983806
volume_sn_voxels::v316,0.0006371618,-0.0004788528,-0.0006901914,-0.0003227304,0.0002161397,-3.3199834e-05,-0.0002238544,-0.00033512025,0.00027781355,8.184794e-05
volume_sn_voxels::v317,0.0005670256,-0.0003511764,-0.00087129563,-0.0002821889,0.00025680577,-0.000106163454,-0.00020973406,-0.00014303217,3.9490096e-05,9.523866e-06
volume_sn_voxels::v318,0.0006178442,-0.00022723417,-0.0008978394,-0.00038001296,0.00027964136,-1.4838139e-05,-0.00022677236,-8.214367e-07,-1.4217652e-05,-0.0001353571
volume_sn_voxels::v319,0.0005121762,-5.0583814e-05,-0.00074086164,-0.00023426212,0.0003339685,0.00012891524,-0.00022213026,0.00011161177,-0.00019568848,-0.00027216214
volume_sn_voxels::v320,0.00035201508,-3.2318676e-05,0.0007924144,-8.3200495e-05,0.00033142773,0.0006251149,-0.00015959002,-0.00059244566,0.00031846308,0.00034673436
volume_sn_voxels::v321,0.0005118678,-0.0001969943,0.0008256261,-0.000282652,0.00027117945,0.00050038524,-0.0002439074,-0.00045784892,0.00073012576,0.00024899017
volume_sn_voxels::v322,0.00046417766,-0.00025759687,0.00063986,-0.00026864297,0.0003529591,0.0002655879,-0.00022713112,-0.00025704733,0.0009429658,0.00014519572
volume_sn_voxels::v323,0.0006397584,-0.0004156046,0.00044210214,-0.00039054104,0.00043935055,0.00014692276,-0.00024176366,-0.00030303205,0.0009937172,0.00012585284
volume_sn_voxels::v324,0.0005979537,-0.00038939842,7.931621e-05,-0.0003174989,0.00039165124,-5.031116e-05,-0.00019895678,-0.00038255192,0.00082951144,7.0498885e-05
volume_sn_voxels::v325,0.0006247201,-0.00033269313,-0.00036530805,-0.0003608825,0.00030062135,-0.00010833546,-0.00013157513,-0.00038888198,0.0006312685,5.9827096e-05
volume_sn_voxels::v326,0.00057727617,-0.00033583766,-0.00065490534,-0.0002984723,0.00017890183,-0.00011641079,-0.00021010895,-0.00035108233,0.0003056204,-7.541878e-06
volume_sn_voxels::v327,0.0005646662,-0.0002468225,-0.00083784113,-0.0002703441,0.00016338353,-0.00011217197,-0.00024898577,-0.0002496176,8.350999e-05,-0.00010613449
volume_sn_voxels::v328,0.0005371109,-9.720681e-05,-0.0009113994,-0.00018750444,0.00026900662,5.0803978e-05,-0.0002744924,-0.00017167798,-7.7091085e-05,-0.00028399986
volume_sn_voxels::v329,0.0004216283,5.743185e-05,-0.00069961045,-5.0612045e-05,0.00026858944,0.00018322292,-0.0001709274,0.000123763,-0.00020696159,-0.000434954
volume_sn_voxels::v330,0.0004246648,-4.6128465e-05,0.0010182892,-0.0002558086,0.00036836296,0.0006485348,-8.287317e-05,-0.0006298252,0.00027250548,0.00023680294
volume_sn_voxels::v331,0.00048265778,-0.00022615,0.0009297122,-0.0002876096,0.0003359015,0.00050864456,-0.00014908692,-0.00044814288,0.0007108891,0.00012326989
volume_sn_voxels::v332,0.00048084973,-0.00028859507,0.00082289905,-0.0003344471,0.00035508972,0.0003211625,-0.00020064674,-0.00022283234,0.0009832308,6.571217e-05
volume_sn_voxels::v333,0.00053657324,-0.00031468106,0.00048663613,-0.00031537938,0.00033405676,0.00018410786,-0.00021774536,-0.00012460005,0.0010614421,1.0568537e-05
volume_sn_voxels::v334,0.0006684143,-0.00039626606,0.00029539474,-0.00037987487,0.00031050362,3.9102655e-05,-0.00020342381,-0.00023669946,0.0012343687,2.51811e-06
volume_sn_voxels::v335,0.000660933,-0.00034502207,-0.00023449816,-0.00034298483,0.00026836715,-0.00011261721,-0.0002121478,-0.00029970775,0.0008680928,-6.12538e-05
volume_sn_voxels::v336,0.0005615045,-0.00017592029,-0.0005548801,-0.00021568539,0.00014744668,-0.00015585861,-0.00017617054,-0.00028977802,0.00042139832,-0.00013368443
volume_sn_voxels::v337,0.0005745269,-0.00012495909,-0.00083149126,-0.00014807795,0.0001277653,-9.598826e-05,-0.00021124654,-0.0002679883,0.00012192167,-0.00027017677
volume_sn_voxels::v338,0.00047562743,-1.5676592e-06,-0.0008509758,1.0198676e-05,0.00020558381,7.520799e-05,-0.00025142304,-0.00011382246,-5.491209e-05,-0.0004418571
volume_sn_voxels::v339,0.00036195057,0.00015168102,-0.0006268358,0.00018726644,0.00031320858,0.00024431295,-0.00017311078,0.00011699411,-0.00019776831,-0.0005126177
volume_sn_voxels::v340,0.0003090342,-2.283233e-05,0.0009913964,-0.00030023803,0.0003115912,0.0005317978,1.7483173e-05,-0.0005148619,0.00010626993,0.000118986536
volume_sn_voxels::v341,0.00039851485,-0.0001571612,0.0009972242,-0.0003790689,0.00034184003,0.0005007093,-0.00010744583,-0.00026431328,0.00061096385,1.7983242e-05
volume_sn_voxels::v342,0.00042129378,-0.00026259685,0.00082455855,-0.000310795,0.00029810742,0.0004072895,-0.00016034443,-9.592711e-05,0.0008802913,-6.0596172e-05
volume_sn_voxels::v343,0.0004083427,-0.0001762584,0.00058720127,-0.00030378104,0.00024748943,0.00022827067,-0.00014101816,-5.1652103e-05,0.0009893558,-0.000103917155
volume_sn_voxels::v344,0.0005576465,-0.00019549095,0.000353437,-0.00035709783,0.00029046892,0.00011744593,-0.00015768995,-7.09964e-06,0.0011372785,-0.00023404649
volume_sn_voxels::v345,0.00056141935,-0.0001373962,-8.027204e-05,-0.00024725133,0.00020813217,-4.9565446e-05,-0.00014612678,-0.00018342357,0.0008987608,-0.00022060175
volume_sn_voxels::v346,0.0005445392,-5.6346846e-05,-0.0004914816,-0.00012413511,0.0001923791,-0.00013932034,-0.00015993652,-0.000311972,0.00047284283,-0.00028042815
volume_sn_voxels::v347,0.00052026083,9.228282e-05,-0.00071896217,7.220321e-05,0.0002182991,-5.2826363e-05,-0.00018001595,-0.00028941143,0.0001651565,-0.00034498854
volume_sn_voxels::v348,0.000391864,0.00021773535,-0.0008910082,0.00029792002,0.00023357633,0.00014039417,-0.00024314669,-0.00016095892,-9.027764e-05,-0.0005246553
volume_sn_voxels::v349,0.00035110232,-2.6568934e-05,0.0010015746,-0.0002821179,0.00035642833,0.0006139993,-7.200553e-05,-0.000203811,0.00045092558,-0.00012772503
volume_sn_voxels::v350,0.00037929078,-6.621717e-05,0.0007375297,-0.00027343334,0.0003126626,0.00041970215,-0.000117739306,1.0353938e-05,0.00073472364,-0.00023203826
volume_sn_voxels::v351,0.00043337993,-0.00011694394,0.0005601793,-0.00024672042,0.00027383165,0.00032238042,-0.00010832741,0.00015004729,0.0008919545,-0.0002525293
volume_sn_voxels::v352,0.00051276264,-3.0610652e-05,0.00040045715,-0.00023318703,0.0002876958,0.00019655334,-0.000116256655,0.00010573784,0.0010025082,-0.00035609977
volume_sn_voxels::v353,0.0005499789,0.00010989858,8.531337e-06,-4.9230122e-05,0.0003055125,2.526582e-05,-4.8981434e-05,-2.4553665e-05,0.0008476839,-0.00035611514
volume_sn_voxels::v354,0.0005275723,0.0001903289,-0.00035285822,0.00021077237,0.00024526397,-4.1584484e-05,-0.000109718385,-0.0002515539,0.00046931914,-0.00036957444
volume_sn_voxels::v355,0.00044055557,0.00030215707,-0.00064959365,0.00040708433,0.00027667856,3.8401417e-05,-0.00019884574,-0.00032492727,0.000114671326,-0.00043679544
volume_sn_voxels::v356,0.0003756636,0.0003525266,-0.0007182876,0.0005981127,0.00029437922,0.00035769684,-0.00020215617,-0.00013260615,-0.00012572978,-0.0005677741
volume_sn_voxels::v357,0.00029938723,0.00020579048,0.0009281945,-5.2765674e-05,0.00039260098,0.0006601144,-6.0920298e-05,-5.47789e-05,0.00023724859,-0.0001816898
volume_sn_voxels::v358,0.00031368353,0.00014987434,0.00071609585,-4.9188144e-05,0.00040285077,0.0006831224,-0.0001381792,0.00014118748,0.000547514,-0.00028936545
volume_sn_voxels::v359,0.0004490992,0.00019775523,0.00068686105,-2.0712549e-05,0.0004752943,0.0007170032,-0.00016025589,0.0003024165,0.00095137174,-0.0004995451
volume_sn_voxels::v360,0.00045429554,0.0002750955,0.00040005302,7.54441e-05,0.00045564075,0.00050637696,-0.00016715258,0.00028155738,0.0009529202,-0.0005542138
volume_sn_voxels::v361,0.00052672456,0.00037765907,6.107401e-05,0.00030269506,0.00042752677,0.00034994393,-0.00017082746,8.245703e-05,0.00083351624,-0.0004980848
volume_sn_voxels::v362,0.0004772236,0.00044737896,-0.00036059064,0.00053929375,0.00043709544,0.00020835263,-0.0002049651,-0.00017980582,0.00042760433,-0.0004223916
volume_sn_voxels::v363,0.00040064112,0.00042757846,-0.0005944898,0.0007626442,0.00043036466,0.00027322737,-0.00016939556,-0.0002404213,2.617523e-05,-0.00039171855
volume_sn_voxels::v364,0.0001101433,1.9181753e-05,0.0005279855,0.00036848456,7.4036754e-05,5.968381e-05,0.0012279445,-0.00010571451,0.00028052522,-0.00027693983
volume_sn_voxels::v365,0.00011718819,0.00015827191,0.0006517276,0.000462041,0.0001803533,0.00019359967,0.0011089988,-0.00025748054,0.00017147844,-0.0001510917
volume_sn_voxels::v366,0.00029646154,-0.00019981054,0.00028684552,0.00032239457,9.600533e-05,-6.691935e-05,0.0012635303,6.9591704e-05,0.0002621856,-0.00029474642
volume_sn_voxels::v367,0.00023649113,-2.782776e-05,0.0004666182,0.0003160649,0.00017938206,-4.775829e-06,0.0011617801,-7.4575466e-05,0.00012350551,-0.00026034244
volume_sn_voxels::v368,0.00015027923,7.501537e-05,0.0006976116,0.00033008662,0.00019414505,2.5219659e-05,0.0010084193,-0.00018859754,2.1627873e-05,-0.00017797713
volume_sn_voxels::v369,0.0004160364,-0.0002708334,-0.00012473429,0.000121451005,0.0001497233,-8.673473e-05,0.0010658684,0.00016439141,0.00014352202,-0.00036001054
volume_sn_voxels::v370,0.00041602334,-0.00027359312,1.6435605e-06,0.00017322491,0.00023289707,-9.759426e-05,0.0013552522,0.00013100398,6.4208456e-05,-0.00034571614
volume_sn_voxels::v371,0.0003914676,-0.00012547268,0.0002401439,0.00014126446,0.00029376245,-9.266583e-05,0.001171212,2.5146443e-05,-3.7912356e-05,-0.00027595236
volume_sn_voxels::v372,0.00032331081,2.660056e-05,0.00048048506,0.00016946833,0.00027438375,-5.697407e-05,0.0009865246,-3.4847555e-05,-0.0001273471,-0.00024298372
volume_sn_voxels::v373,0.00039585543,-0.00021986976,-0.00030837205,-8.110798e-06,3.3299406e-05,-0.00011632984,0.0007664196,-4.5883113e-05,0.00014287481,-0.0002217639
volume_sn_voxels::v374,0.00047897315,-0.00022233321,-0.00040674032,-4.228784e-05,0.00010285181,-4.6608984e-05,0.000758934,4.4087006e-05,2.8791794e-05,-0.00022329025
volume_sn_voxels::v375,0.0005459821,-0.00018562184,-0.00034650206,-0.000100103185,0.00028878672,-7.9844685e-05,0.0007549146,0.00014716189,-3.7721788e-05,-0.00034599117
volume_sn_voxels::v376,0.0006351413,-0.00015994656,-0.00016401049,-0.00013682035,0.00048328104,-4.8036934e-05,0.0009917197,0.00011592472,-0.00017344607,-0.00030098823
volume_sn_voxels::v377,0.0004581089,-4.1856165e-05,0.00020522391,-8.8238e-05,0.00041498107,-7.5519136e-05,0.00069935515,2.058747e-05,-0.00019353106,-0.00023023093
volume_sn_voxels::v378,0.00042811933,6.67729e-05,0.00043859123,-3.0498617e-05,0.0003181524,-0.00010487732,0.00060468924,7.7569755e-05,-0.00028408167,-0.00018001642
volume_sn_voxels::v379,0.00044385568,-0.00016246478,-0.00033310032,-0.00018944108,-5.4127668e-05,-5.9571605e-05,0.0006257115,-0.00032840096,0.0002638475,-0.00024646195
volume_sn_voxels::v380,0.0004468074,-0.00024248302,-0.00041429477,-0.00012031638,5.2322812e-05,-4.3261953e-05,0.0005400519,-0.00014397514,0.00012389361,-0.00017566168
volume_sn_voxels::v381,0.0005197944,-0.0002636488,-0.0006285931,-0.00025658973,0.00012517744,-4.5884277e-05,0.00042381167,1.9429883e-05,6.142675e-06,-0.00020163415
volume_sn_voxels::v382,0.0006216024,-0.00021867387,-0.0007387022,-0.00031991152,0.0003180065,-2.6697726e-05,0.00033006456,0.00012348995,-3.4686003e-05,-0.00019308898
volume_sn_voxels::v383,0.0006160815,-0.0001387018,-0.0005758798,-0.0003506992,0.00036547548,-4.708169e-05,0.00029311175,0.00014167407,-0.00016538794,-0.00021471475
volume_sn_voxels::v384,0.0005483499,-5.2585612e-05,-0.0001564604,-0.0003069888,0.0003888965,-4.3209e-05,0.00029397185,0.00011300303,-0.00019017616,-0.00019402326
volume_sn_voxels::v385,0.00045704827,7.674937e-05,0.0002345925,-0.00023663249,0.00029168732,-8.060137e-05,0.00027996214,0.00011718025,-0.00028767146,-0.00018634216
volume_sn_voxels::v386,0.00053951517,-0.00013136689,-0.0001511258,-0.000296732,-2.7034152e-05,1.5956091e-05,0.0004845543,-0.00037646428,0.0005020814,-0.00019801012
volume_sn_voxels::v387,0.0004883695,-0.0002058461,-0.00040744027,-0.0002753717,4.93738e-05,-1.2585026e-05,0.00039724246,-0.00037254172,0.00030211388,-0.00016644967
volume_sn_voxels::v388,0.00050845364,-0.00021893761,-0.0005647481,-0.0002845993,9.359459e-05,-3.199824e-05,0.00029740026,-0.00020100153,0.00013822869,-0.00012729596
volume_sn_voxels::v389,0.0005786623,-0.00023217831,-0.0007793406,-0.0003695747,0.00016572855,2.044471e-05,0.00028006462,-7.9637925e-05,0.00010929302,-0.000114792514
volume_sn_voxels::v390,0.00065973814,-0.00017358056,-0.0009473875,-0.00046432586,0.00020492234,7.1803e-05,2.7259042e-05,7.8412195e-05,-5.363586e-05,-0.0001656025
volume_sn_voxels::v391,0.0006038446,-8.683034e-05,-0.0007930175,-0.00046202735,0.00037556997,5.5204302e-05,-1.6370941e-05,0.00015862705,-0.0001109305,-0.00016228185
volume_sn_voxels::v392,0.00047456092,-1.3236104e-05,-0.00040917087,-0.0004086753,0.00033066765,5.060902e-05,-3.4719712e-06,0.00015226867,-0.00018637438,-0.00015284239
volume_sn_voxels::v393,0.0004963127,-7.790248e-06,7.263639e-05,-0.00037150423,5.606561e-05,0.0001490435,0.00015473436,-0.00030735607,0.00063633994,-0.00011350786
volume_sn_voxels::v394,0.0005319782,-0.00014559532,-0.00017353735,-0.00035408602,0.0001295562,1.8518911e-05,0.00028273213,-0.0004000796,0.00050662045,-0.00010627985
volume_sn_voxels::v395,0.00052949326,-0.00018343721,-0.00045985598,-0.0003640602,8.687319e-05,-1.0570491e-05,0.00021306453,-0.0003530012,0.00043473262,-0.0001361869
volume_sn_voxels::v396,0.0005491343,-0.00020418609,-0.0006900623,-0.0004760626,2.8392815e-05,-1.3003046e-05,0.00011911488,-0.00032900288,0.00017782634,-0.000112280475
volume_sn_voxels::v397,0.0006626635,-0.0002695274,-0.0010206896,-0.0005165011,5.4991877e-05,9.38005e-07,-4.003287e-05,-0.00016277116,7.894906e-05,-7.906809e-05
volume_sn_voxels::v398,0.00060943613,-0.00019694555,-0.00097042875,-0.0006220908,0.00015937538,8.846633e-05,-0.00017773014,3.2671378e-06,-7.163802e-06,-0.00014837872
volume_sn_voxels::v399,0.0005396686,-0.00011393212,-0.0007968283,-0.00046067368,0.000268389,0.00011712038,-0.00021494231,0.00010302302,-0.00010742494,-0.0001616679
volume_sn_voxels::v400,0.00052033935,1.8141691e-06,-0.00055104744,-0.00034447003,0.0003034047,9.4352356e-05,-0.00022388744,0.00020169029,-0.00016877927,-0.00020893729
volume_sn_voxels::v401,0.00060780084,-0.00012847688,0.00017791837,-0.00042237496,0.00015304802,0.00014956741,5.7087273e-05,-0.00028584152,0.0008487898,-2.06968e-05
volume_sn_voxels::v402,0.000556591,-0.00015843644,-0.00020827283,-0.0003684686,0.00016464008,3.534715e-05,6.3030886e-05,-0.00043258275,0.0008116284,-7.0796894e-05
volume_sn_voxels::v403,0.00058481673,-0.00025258405,-0.00048452234,-0.0003414335,0.00012427496,-1.3439171e-05,6.8000496e-05,-0.00047928304,0.00047881508,-0.000108722386
volume_sn_voxels::v404,0.0005770648,-0.00023432304,-0.0007540174,-0.0004473589,3.088795e-05,-2.7953747e-05,-2.7722084e-05,-0.00038740406,0.0002965203,-0.00010835803
volume_sn_voxels::v405,0.0005942659,-0.00021882087,-0.00093937083,-0.00048603534,-3.271094e-05,-5.227024e-05,-0.0001576568,-0.00024299927,9.6358264e-05,-0.00017032266
volume_sn_voxels::v406,0.000551889,-0.00011888552,-0.0010165708,-0.00051811436,5.476513e-05,4.9072183e-05,-0.00031136366,-5.485475e-05,-1.6904103e-05,-0.00024495565
volume_sn_voxels::v407,0.00056218536,-7.751997e-05,-0.00081707304,-0.00038651918,0.00019204283,0.00016027804,-0.00032699652,0.00011729576,-0.000113507056,-0.00036260625
volume_sn_voxels::v408,0.0004646412,5.799856e-05,-0.000589045,-0.00026051406,0.0002725203,0.00016708091,-0.00030131184,0.0002797181,-0.00014087174,-0.0003479451
volume_sn_voxels::v409,0.00040935545,0.00011535549,0.0007796366,-0.00011784178,0.00018748968,0.0005637865,-1.3791056e-06,-0.00040344763,0.0004596848,0.00035059475
volume_sn_voxels::v410,0.00048241572,-2.040308e-06,0.00069474685,-0.00024088567,0.00015620314,0.0004941522,-5.5274635e-05,-0.00018440599,0.0008178603,0.00019784992
volume_sn_voxels::v411,0.0005309244,-0.00012748505,0.0006851137,-0.00038114583,0.00018952646,0.0003331779,-8.9128545e-05,-0.00015259378,0.0011889515,3.2906744e-05
volume_sn_voxels::v412,0.0006022355,-0.0001819708,0.000318605,-0.00036935936,0.00025661313,0.00020532914,-0.00010519494,-0.0002311563,0.0011144705,-9.504292e-05
volume_sn_voxels::v413,0.0006107594,-0.00022615647,-8.7622444e-05,-0.0004306665,0.00016698627,4.6422756e-05,-6.895059e-05,-0.00032992155,0.000986307,-9.777659e-05
volume_sn_voxels::v414,0.00056381733,-0.00023187623,-0.0003950257,-0.00034979108,0.000107364096,-7.1053866e-05,-5.3539956e-05,-0.00037920097,0.00055153255,-9.916067e-05
volume_sn_voxels::v415,0.00051533227,-0.00021433833,-0.00071729446,-0.00038740426,2.0082924e-05,-0.000118439566,-0.00012046838,-0.00033190503,0.000282966,-0.00013450309
volume_sn_voxels::v416,0.000548068,-9.601312e-05,-0.00083286257,-0.0004509972,-2.4789098e-05,-0.00013359432,-0.00023702746,-0.00023898475,0.00013249129,-0.0002517053
volume_sn_voxels::v417,0.0005484064,-3.2001757e-05,-0.000977045,-0.00038384862,5.3216918e-05,-1.2451571e-05,-0.00037963665,-0.00012369931,6.8176632e-06,-0.00037037753
volume_sn_voxels::v418,0.00050734036,-2.3973603e-06,-0.0008757229,-0.00028532333,0.00012152883,0.00012372769,-0.0004119254,8.262824e-05,-7.1356844e-05,-0.0004933986
volume_sn_voxels::v419,0.00041680245,0.00014435907,-0.000592432,-6.2481246e-05,0.00023539658,0.0002876026,-0.0003007046,0.0002602847,-0.00017793961,-0.0005177548
volume_sn_voxels::v420,0.00025524295,0.00024190493,0.0008430911,9.6490774e-05,0.00035574628,0.0006585812,4.58433e-05,-0.00062417926,-2.6895893e-06,0.0003391386
volume_sn_voxels::v421,0.00032613988,7.835685e-05,0.0008543047,-9.056971e-05,0.00029912798,0.0006454477,-1.4842699e-06,-0.00035548268,0.00046289462,0.00021806292
volume_sn_voxels::v422,0.0004293354,-0.00010483363,0.0007929938,-0.00020851064,0.00017562958,0.00046174575,-6.918482e-05,-0.00019937355,0.00084469863,8.096879e-05
volume_sn_voxels::v423,0.00048439307,-0.00012187699,0.0007109542,-0.00028235992,0.00018542724,0.00035557282,-9.3310475e-05,-0.00013984037,0.0010664068,-7.5906886e-05
volume_sn_voxels::v424,0.0004969065,-0.00015673747,0.0004366418,-0.00040806446,0.00020273923,0.0001716515,-9.4173774e-05,-0.00013796521,0.0011980318,-0.00014748397
volume_sn_voxels::v425,0.0006982695,-0.0002228251,0.00015906317,-0.00053583446,0.00023722167,-7.1285062e-06,-8.731713e-05,-0.00030784338,0.0012776,-0.00018732398
volume_sn_voxels::v426,0.00059263833,-0.000116045594,-0.00025659008,-0.0003662376,0.00013693994,-0.00019467656,-0.00015571862,-0.00030905596,0.0006944555,-0.0002027924
volume_sn_voxels::v427,0.00060422375,-4.4060125e-05,-0.0006161638,-0.0003356263,1.2620923e-05,-0.00024704624,-0.0001986604,-0.00035435503,0.0003959072,-0.00023179881
volume_sn_voxels::v428,0.00054491934,-1.8949826e-05,-0.00078853226,-0.00031857303,4.2660224e-05,-0.00020817394,-0.00026278698,-0.00024622335,0.00013935806,-0.00032321562
volume_sn_voxels::v429,0.0004673734,5.1250987e-05,-0.00080723676,-0.00023511348,4.2529373e-05,-0.000120276985,-0.00041045027,-0.00010234941,1.3351606e-05,-0.00047352124
volume_sn_voxels::v430,0.00038495378,0.00016437903,-0.00077790616,-6.133237e-05,0.000129747,0.00014070095,-0.0003711813,0.00010463254,-8.914237e-05,-0.0006260713
volume_sn_voxels::v431,0.00030883893,0.00028168227,-0.0007150117,0.00021529646,0.000296107,0.0005276519,-0.00036953224,0.00026580118,-0.00025307352,-0.00072022853
volume_sn_voxels::v432,0.00028382533,0.00021125624,0.0010090979,1.4162559e-05,0.0004872582,0.000693561,0.00016357344,-0.0006251301,-0.00019318423,0.00026247514
volume_sn_voxels::v433,0.00035726765,8.8341585e-05,0.0010663975,-0.00013968429,0.00033324483,0.0006801584,5.9758117e-05,-0.0004101049,0.00035300918,8.438216e-05
volume_sn_voxels::v434,0.0004482368,-6.776172e-05,0.0011230038,-0.0002951562,0.00026204519,0.00056747184,-2.1326963e-05,-0.00013799117,0.0009057776,-7.9270685e-05
volume_sn_voxels::v435,0.00040662498,-9.14062e-05,0.0007316593,-0.0003534431,0.00018079874,0.00032712764,-5.0388157e-05,2.1435791e-05,0.00086489884,-0.00022815191
volume_sn_voxels::v436,0.00044161524,-8.215136e-05,0.000508493,-0.0003722279,0.0001484167,0.00017339992,-0.00012489277,6.162383e-06,0.0010869777,-0.0003046168
volume_sn_voxels::v437,0.00062964536,-4.9281938e-05,0.00030357193,-0.0004449565,0.00019169545,-7.77407e-05,-9.2319526e-05,-5.5412977e-05,0.0011669514,-0.00037045046
volume_sn_voxels::v438,0.00070149754,4.7171407e-06,-0.00013738868,-0.0004192781,0.0001395984,-0.00029619463,-0.00018354937,-0.0002510967,0.0010282982,-0.0003937477
volume_sn_voxels::v439,0.0005836568,5.2383017e-05,-0.00046594383,-0.00024378875,7.0046575e-05,-0.00037329725,-0.00023133123,-0.0003385424,0.00054682046,-0.00030592424
volume_sn_voxels::v440,0.00052364625,0.00012568731,-0.00067267055,-0.00013256122,3.1550717e-05,-0.00033391602,-0.00031767046,-0.00026225214,0.00020027182,-0.00038339314
volume_sn_voxels::v441,0.0005299214,0.00020100379,-0.0007771262,5.8606984e-06,7.898106e-05,-0.00020080234,-0.00034466226,-0.00013722491,2.6586808e-06,-0.00059785385
volume_sn_voxels::v442,0.0004228624,0.0003666619,-0.0007553709,0.0003067427,0.00018297769,0.00022316685,-0.0004753601,7.5151045e-05,-0.00020294123,-0.00077489193
volume_sn_voxels::v443,0.00032821507,0.00047030844,-0.0006097633,0.00059469073,0.00034351475,0.00066135323,-0.00039043493,0.00021224546,-0.00029946302,-0.00081665575
volume_sn_voxels::v444,0.00023301842,0.00024374509,0.0008513609,-7.113503e-05,0.0003865724,0.0005183169,0.00029959917,-0.0005097274,-0.0002932079,0.000111378205
volume_sn_voxels::v445,0.00033628804,0.000117681884,0.0010332222,-0.0001836778,0.0003498184,0.00056459,0.00011954929,-0.00029820908,0.0001483155,-5.8681588e-05
volume_sn_voxels::v446,0.00034880685,4.8675476e-05,0.0009442959,-0.0003446995,0.00022771461,0.00050281984,-4.175208e-06,-4.639734e-06,0.0006022009,-0.0002643982
volume_sn_voxels::v447,0.0004352713,-2.5227162e-05,0.000721216,-0.00033841684,0.00020770803,0.00029528933,-3.1709053e-05,0.0002009383,0.0008942062,-0.00031977103
volume_sn_voxels::v448,0.00046343013,1.4053464e-05,0.0006472449,-0.00041552147,0.00021251742,0.00017475245,-5.8561294e-05,0.00025080354,0.0009479403,-0.0004931663
volume_sn_voxels::v449,0.00062043255,4.522708e-05,0.00038781782,-0.00039063743,0.00015794924,-6.830817e-05,-0.0001449992,0.00018619857,0.0011108203,-0.0005452291
volume_sn_voxels::v450,0.0005537774,0.00019043604,8.242874e-06,-0.00030108352,0.00010930443,-0.00030550727,-0.00016671422,-3.07356e-05,0.0008686331,-0.00052400463
volume_sn_voxels::v451,0.0005711078,0.00027295414,-0.00032585682,-0.00013508578,0.00011068666,-0.00043394207,-0.0002506963,-0.0001914585,0.00050854526,-0.00046150933
volume_sn_voxels::v452,0.00047736897,0.00024779543,-0.00061370485,4.9565315e-05,7.1653536e-05,-0.0003830109,-0.00027195323,-0.00027219192,0.00017704262,-0.00048061658
volume_sn_voxels::v453,0.0005492022,0.0005262186,-0.00087295973,0.00041759672,0.00017783887,-0.00013216611,-0.00036291813,-0.00027626997,-2.1063672e-05,-0.0007207366
volume_sn_voxels::v454,0.00033409864,0.0004837283,-0.000682064,0.0005801893,0.00022413263,0.00031144635,-0.0003702711,-5.758126e-05,-0.00022373049,-0.0006776816
volume_sn_voxels::v455,0.00023154261,0.00021139247,0.0007183636,-0.00013400869,0.00033029873,0.0002949642,0.00028517263,-0.00037558714,-0.00038679593,2.005433e-05
volume_sn_voxels::v456,0.00036655506,0.00020148417,0.001087387,-0.00026532944,0.00035023235,0.0005686053,0.00015090793,-0.00016682215,-7.616821e-05,-0.00022064037
volume_sn_voxels::v457,0.00036817696,0.0001382258,0.0011155753,-0.00036608017,0.00036177982,0.0005501646,2.247629e-05,0.00018225811,0.00040186514,-0.0004033563
volume_sn_voxels::v458,0.00041176134,0.00013948492,0.0008324728,-0.00040675479,0.00028364168,0.00044252878,-5.794286e-05,0.00041222788,0.00069540244,-0.0004785175
volume_sn_voxels::v459,0.00038788505,0.00012745481,0.00069683784,-0.00038143,0.000266683,0.00031156765,-0.00010180742,0.000456144,0.00082082604,-0.0006189544
volume_sn_voxels::v460,0.00056661316,0.00022850203,0.000470723,-0.0002849971,0.00023420861,8.68585e-05,-0.00012885325,0.00036288475,0.0009468631,-0.0007145003
volume_sn_voxels::v461,0.0005579816,0.00040130707,0.0001826898,-0.00014577602,0.0002251195,-0.00023984484,-0.00021778297,0.00012511229,0.0008192152,-0.00063631526
volume_sn_voxels::v462,0.0005314203,0.00042660837,-0.00024943496,0.00014678978,0.0001653455,-0.00042094733,-0.00021197506,-0.00018413478,0.00047640782,-0.00053149555
volume_sn_voxels::v463,0.00047913886,0.00052474724,-0.00057280593,0.00036244965,0.00020639744,-0.0003680589,-0.0002579129,-0.00029644984,0.00018447316,-0.0004192487
volume_sn_voxels::v464,0.00038674907,0.00059362355,-0.000613575,0.0006629111,0.00020407712,-1.9000023e-05,-0.0002414313,-0.00027186013,-9.857993e-05,-0.00043749422
volume_sn_voxels::v465,0.00026079532,0.00026765632,0.0009285491,-0.00020352831,0.00034356234,0.0004530626,0.00019181098,-0.00015578896,-0.00025704392,-0.00024591113
volume_sn_voxels::v466,0.00035205198,0.00039230962,0.001213559,-0.00021712868,0.0005153913,0.00065633823,4.789272e-05,0.00023845122,5.9719456e-05,-0.00054851716
volume_sn_voxels::v467,0.0004050971,0.00039752317,0.0010224708,-0.00028130933,0.00045184878,0.00069510867,-0.00012399693,0.00052644376,0.00045771236,-0.0006195404
volume_sn_voxels::v468,0.00044579635,0.00040867963,0.0008390426,-0.00021717102,0.00039020635,0.00048343476,-0.00017844066,0.00063280447,0.00054969604,-0.00073088467
volume_sn_voxels::v469,0.0004858581,0.0005206754,0.0006136173,-6.739526e-05,0.0004165432,0.00029607836,-0.00029337572,0.0005678164,0.00080455974,-0.0008403598
volume_sn_voxels::v470,0.0004405192,0.00058435067,0.00024392059,0.00019872119,0.00040875343,-1.1675633e-05,-0.00029395978,0.00022604136,0.00068398216,-0.00071101735
volume_sn_voxels::v471,0.00045676721,0.00069072156,-0.00015338873,0.00044824506,0.00032502195,-0.00024994285,-0.00027104717,-0.00013646422,0.0003728084,-0.0004565878
volume_sn_voxels::v472,0.00036208407,0.000726314,-0.00039385437,0.0006921861,0.00028966452,-0.00017940743,-0.00030007237,-0.00029495766,0.000110653185,-0.0003257661
volume_sn_voxels::v473,0.00032518108,0.00069455575,-0.00043006387,0.0009534522,0.00031481308,7.648697e-05,-0.00029948817,-0.00021900867,-0.00013862982,-0.0002521898
volume_sn_voxels::v474,0.00024309156,0.00059150474,0.00095766614,8.8160465e-05,0.00055830565,0.0008269681,-2.467171e-05,0.000147802,-0.0001897231,-0.00051529775
volume_sn_voxels::v475,0.00021452171,0.00052030094,0.0009571707,9.6892225e-05,0.00059781794,0.0008895564,-0.00020471204,0.00043084327,0.00014025874,-0.00059461506
volume_sn_voxels::v476,0.0002689393,0.0005769728,0.00069190376,0.000107243046,0.00048744396,0.000667188,-0.00026690855,0.000516812,0.00034264685,-0.00060379267
volume_sn_voxels::v477,0.00037805713,0.00071759056,0.00067110494,0.000336784,0.00055620045,0.00066855235,-0.00033144225,0.00050252216,0.00045930542,-0.0007572479
volume_sn_voxels::v478,0.00012422676,0.0009865325,0.0009148484,0.000733187,0.0008924368,0.0013960305,-0.00038301133,0.00022993392,-0.00010780269,-0.00047971815
volume_sn_voxels::v479,0.00019760561,0.0009745308,0.00084521115,0.0007927164,0.00096055097,0.0012251372,-0.0005099093,0.00039581256,0.00012398534,-0.0005369543
volume_sn_voxels::v480,0.00019449012,-1.3395278e-05,0.00036567112,0.0003529168,-2.8469032e-05,6.45246e-05,0.0012448333,-0.00027701404,0.0002465027,-0.00027966985
volume_sn_voxels::v481,0.0001585127,0.00013561381,0.00049558637,0.00042162623,8.515527e-05,0.00017221282,0.0011886315,-0.00029587912,0.00013797359,-0.00018866466
volume_sn_voxels::v482,0.0003229502,-0.00014785114,9.034938e-05,0.00017240457,-0.00010264851,-3.4642468e-05,0.0013276694,-0.00026585738,0.000251807,-0.00030692574
volume_sn_voxels::v483,0.0002887578,-5.33516e-05,0.00020486214,0.00015154919,-3.6099453e-07,3.686985e-05,0.0012119411,-0.00030403392,0.0001678647,-0.00033459833
volume_sn_voxels::v484,0.00029184195,4.5474288e-05,0.00033203387,0.00014480496,0.00012586481,5.1646755e-05,0.0009644995,-0.00026139486,2.128186e-05,-0.0002647058
volume_sn_voxels::v485,0.0003596727,-0.00014021393,-0.00024509634,-3.8700462e-05,-0.00021813938,2.4354313e-05,0.0011066465,-0.000370155,0.00015043444,-0.00024092254
volume_sn_voxels::v486,0.00043215565,-0.00011952589,-0.0002402568,-9.738798e-05,-3.448617e-05,2.1486173e-06,0.0008937383,-0.00026139617,0.00011688987,-0.00027488286
volume_sn_voxels::v487,0.0005566613,-0.000107558786,-0.00025860203,-0.00020102563,0.00011386754,4.7735044e-05,0.0011044808,-0.00031559123,4.2300915e-05,-0.00039138697
volume_sn_voxels::v488,0.00044540424,-4.923421e-05,-1.1630951e-05,-0.00018370016,0.00030784702,1.840181e-05,0.0007600691,-0.00019048376,-6.7929206e-05,-0.00024707132
volume_sn_voxels::v489,0.0004418493,-7.860256e-05,-0.00034604865,-0.00026651897,-0.00023001507,-8.371044e-06,0.00090055715,-0.0005640344,0.0002784317,-0.00027315388
volume_sn_voxels::v490,0.00040683075,-8.249499e-05,-0.0004382844,-0.00024831967,-0.00014091094,1.2091458e-05,0.00082107174,-0.00030468774,0.00013149386,-0.00025757545
volume_sn_voxels::v491,0.00052925374,-0.000116322764,-0.00057408685,-0.00035522215,1.1136972e-05,8.831632e-05,0.0006560735,-0.0002128335,5.750081e-05,-0.0002645988
volume_sn_voxels::v492,0.0005496776,-0.000101962425,-0.0005586803,-0.00040173822,0.0001836738,6.2289226e-05,0.0003384913,-8.833383e-05,-9.659733e-06,-0.0002125604
volume_sn_voxels::v493,0.00047030696,-3.6962254e-05,-0.00033269776,-0.00044968163,0.00023197015,6.3876214e-05,0.00021968374,-5.5848657e-05,-0.00010324292,-0.00022823257
volume_sn_voxels::v494,0.00043767146,5.4040946e-05,-5.6551547e-05,-0.00031126477,0.00030830747,1.7618418e-05,0.00022097694,5.9952213e-06,-0.00020887883,-0.00016754966
volume_sn_voxels::v495,0.00052643503,-5.5407945e-06,-0.00022123508,-0.00036215596,-0.00015644003,7.300595e-05,0.00076955504,-0.00056677527,0.0004641953,-0.00028300873
volume_sn_voxels::v496,0.00049685605,-7.652694e-05,-0.00047464442,-0.00033563343,-0.00012932892,3.25889e-05,0.00067204784,-0.0004983609,0.00025067554,-0.00028482507
volume_sn_voxels::v497,0.0005203421,-7.2087125e-05,-0.0007123321,-0.00044711313,-9.587379e-05,8.717587e-05,0.00053043966,-0.0003696785,0.00012824807,-0.00023586595
volume_sn_voxels::v498,0.0005295842,-9.7197146e-05,-0.0008118919,-0.00053499814,3.781233e-05,0.000120335426,0.00017803065,-0.00011436815,1.3295538e-05,-0.0002033896
volume_sn_voxels::v499,0.0005416934,-0.00010448145,-0.00075504085,-0.0004966945,0.00014391525,0.00015324281,-5.7627596e-05,2.9099107e-05,-5.3700758e-05,-0.00018974292
volume_sn_voxels::v500,0.0005031406,-1.0544074e-05,-0.00058822654,-0.00052284176,0.00027350074,8.584673e-05,-0.00011336701,0.00014188503,-8.7732e-05,-0.00019555449
volume_sn_voxels::v501,0.0004125176,4.2489733e-05,-0.0002535794,-0.00033728965,0.00025957322,7.272533e-05,-5.938006e-05,0.00013551912,-0.00017681715,-0.00022319636
volume_sn_voxels::v502,0.00054661406,1.5541287e-05,-0.00030091425,-0.0004401588,-0.00014069855,6.151786e-05,0.00052069576,-0.0004848637,0.00043145785,-0.00025064894
volume_sn_voxels::v503,0.00058063545,-4.8010163e-05,-0.00066338445,-0.0004242159,-0.00013593753,4.9809878e-05,0.00047767124,-0.00041337032,0.00026426444,-0.00023792587
volume_sn_voxels::v504,0.000501381,-6.97047e-05,-0.0008377264,-0.0005397455,-3.0057863e-05,8.536922e-05,0.00017170032,-0.00026150543,0.0001339975,-0.00023483293
volume_sn_voxels::v505,0.0004764327,-0.00014273889,-0.0008659981,-0.0005847337,5.1145285e-05,0.00014555351,-7.666754e-05,-0.00012048899,3.4440844e-05,-0.00017640147
volume_sn_voxels::v506,0.00050400605,-5.959401e-05,-0.00082634285,-0.0005806048,9.0062866e-05,0.00015891934,-0.00025250064,6.6207016e-05,-2.2619824e-05,-0.0002380471
volume_sn_voxels::v507,0.00041033878,-2.4730387e-05,-0.0005849656,-0.00042852384,0.00021487048,0.00018670378,-0.00026584958,0.00017231963,-0.00011911077,-0.0002540536
volume_sn_voxels::v508,0.0004315114,0.00010280576,-0.00034916747,-0.00033334442,0.000234337,0.00016849623,-0.00020329452,0.00020256141,-0.00017902527,-0.00023911205
volume_sn_voxels::v509,0.00054368144,6.607059e-05,-9.694084e-05,-0.0004423263,-7.381355e-05,0.00012757178,0.0003135794,-0.00033450444,0.00067132286,-0.00022369607
volume_sn_voxels::v510,0.00049322966,5.673712e-08,-0.00036061174,-0.00036755763,-6.106406e-05,2.9896752e-05,0.0002803505,-0.00047370058,0.00045869837,-0.00025216793
volume_sn_voxels::v511,0.000476502,-3.778399e-05,-0.00063701195,-0.00040932003,-8.7686756e-05,6.1395374e-05,0.00014846429,-0.000376505,0.00029065867,-0.00029319228
volume_sn_voxels::v512,0.0005043251,-6.291786e-05,-0.00075898535,-0.00050397514,-7.087508e-05,4.010833e-05,-5.548253e-05,-0.00022908645,0.00014186624,-0.0002991039
volume_sn_voxels::v513,0.0005315729,-6.658632e-05,-0.00100407,-0.0006072989,1.4536262e-05,0.00010257902,-0.0003163848,-2.7150283e-05,4.3339114e-05,-0.00033088133
volume_sn_voxels::v514,0.0004693203,-5.7631092e-05,-0.0008915881,-0.000561144,4.934002e-05,0.0001471472,-0.00042195388,0.00013485498,-6.009469e-05,-0.00045056213
volume_sn_voxels::v515,0.0004034351,2.0536296e-05,-0.00076438196,-0.0004410929,0.000235812,0.00025607692,-0.0003821855,0.00029433006,-0.00015331843,-0.00048360624
volume_sn_voxels::v516,0.00039335163,9.114996e-05,-0.00043669628,-0.00020164142,0.00026116442,0.00031268218,-0.0002835405,0.00026229137,-0.00020469564,-0.00041353484
volume_sn_voxels::v517,0.00054825115,6.702326e-05,0.0002563442,-0.0003803746,2.6526955e-05,0.00012920087,0.00016017188,-0.00016450536,0.0011090655,-0.00013424852
volume_sn_voxels::v518,0.0005411851,1.6290433e-05,-0.00010126712,-0.00039960782,5.0273447e-05,7.2560244e-05,0.0002036623,-0.00033160252,0.0008332444,-0.00022528484
volume_sn_voxels::v519,0.0005289618,-1.1406144e-05,-0.00041283897,-0.00041860738,-4.3714303e-05,-4.1694646e-05,0.000121126344,-0.000414574,0.0006197562,-0.0002632769
volume_sn_voxels::v520,0.00047533837,1.5474378e-05,-0.0006141968,-0.00034977522,-7.283327e-05,-4.6213005e-05,2.9196617e-06,-0.00030076187,0.00026010678,-0.00025425488
volume_sn_voxels::v521,0.0004934098,-4.003826e-05,-0.00086761115,-0.0004600082,-4.752779e-05,-0.000104602565,-0.00023473208,-0.00023368915,0.0001814971,-0.00037801193
volume_sn_voxels::v522,0.00051607157,-7.1085483e-06,-0.0009602828,-0.0004935945,-6.5965985e-05,-6.046822e-05,-0.00046018962,-4.0634186e-05,8.649607e-05,-0.00050739385
volume_sn_voxels::v523,0.00049050525,2.9223727e-05,-0.0009029786,-0.00043028503,4.7538757e-05,8.669492e-05,-0.0005855165,0.00011048341,-6.503999e-05,-0.00059672183
volume_sn_voxels::v524,0.00038288368,9.802916e-05,-0.0007317743,-0.00021177594,0.00018994743,0.00026845027,-0.00049065816,0.00024276412,-0.00014705647,-0.0006461103
volume_sn_voxels::v525,0.00046900765,7.33994e-05,0.00056858105,-0.0002678128,4.8807407e-05,0.00028709992,8.539768e-05,-4.2842097e-05,0.0011384849,-0.000100378296
volume_sn_voxels::v526,0.0005248302,6.6535686e-05,0.00039580735,-0.0003518812,9.072529e-05,0.00018358021,9.183248e-05,-0.00011371009,0.001206415,-0.00023798711
volume_sn_voxels::v527,0.00055208907,1.4657696e-05,-3.3095144e-05,-0.00033569342,6.574282e-05,-3.2888172e-05,6.9599555e-05,-0.00027222635,0.0009972436,-0.0003275359
volume_sn_voxels::v528,0.00057043583,3.4602013e-05,-0.00038020845,-0.0003551695,3.9647563e-05,-0.00023304715,-1.7001962e-06,-0.0003832053,0.000728877,-0.00035416317
volume_sn_voxels::v529,0.00062129693,5.1211035e-05,-0.0006334338,-0.00035414597,-6.6054265e-05,-0.00024840614,-0.00020952288,-0.00032301183,0.00043210053,-0.00040146455
volume_sn_voxels::v530,0.0004880989,6.7707646e-05,-0.00069143414,-0.00035791952,-7.315717e-05,-0.0002614987,-0.0003144196,-0.0001365081,0.00020063765,-0.00043429932
volume_sn_voxels::v531,0.00046934132,0.00013479154,-0.0007970896,-0.00034582661,-2.6021306e-05,-0.00013345933,-0.000490606,-5.5382043e-05,5.4243075e-05,-0.0005555582
volume_sn_voxels::v532,0.00043644547,0.0001432247,-0.0007617412,-0.00024208894,4.842252e-05,3.90626e-05,-0.0005166713,0.00017688406,-6.808093e-05,-0.00066661305
volume_sn_voxels::v533,0.00038490866,0.00019864923,-0.0006112705,-3.0344034e-05,0.00012230616,0.00032949608,-0.000546755,0.00026827893,-0.0001382225,-0.000710585
volume_sn_voxels::v534,0.00038715763,5.883009e-05,0.00075799116,-0.00018116644,0.000114425304,0.00049190293,9.431756e-05,-2.3423729e-05,0.000979864,-0.00017549693
volume_sn_voxels::v535,0.00042397727,4.62481e-05,0.00052801176,-0.0002760535,0.00010294955,0.0002388701,5.175786e-05,0.00012672418,0.001096223,-0.00025575416
volume_sn_voxels::v536,0.0005115443,3.0090878e-05,0.00046989083,-0.0003209695,9.280577e-05,0.00013690632,1.7171162e-05,5.6464673e-05,0.0010805231,-0.00036470636
volume_sn_voxels::v537,0.0005124946,9.410752e-05,0.00016153451,-0.00040132366,3.7053047e-05,-0.00012303781,-4.3115262e-05,-0.0001184422,0.0010495663,-0.00046436748
volume_sn_voxels::v538,0.0006012951,0.00021848112,-0.00022353587,-0.0003833909,2.3345687e-05,-0.00046795086,-0.00014717282,-0.00024616552,0.0007605437,-0.00048568778
volume_sn_voxels::v539,0.0005802334,0.0002197794,-0.00044496107,-0.00030488413,-2.8185668e-05,-0.0005259542,-0.00023776662,-0.00026879937,0.0004215507,-0.00046766878
volume_sn_voxels::v540,0.0005075295,0.00019871634,-0.0005703984,-0.00025392184,-6.145458e-05,-0.00040544535,-0.00033347317,-0.0001762973,0.0002104993,-0.00040722595
volume_sn_voxels::v541,0.0004626951,0.00018036235,-0.0007561489,-0.00016620918,-5.5242224e-05,-0.00029935484,-0.00048125352,-7.911251e-05,4.9335627e-05,-0.0005596734
volume_sn_voxels::v542,0.00041341683,0.0002642598,-0.0006964793,6.623509e-05,6.113922e-05,6.3843017e-06,-0.00056404003,0.0001011313,-2.7445894e-05,-0.0007260207
volume_sn_voxels::v543,0.00029773318,0.00033629348,-0.0005974952,0.00033273493,0.00014026144,0.00043492517,-0.000520331,0.0002209251,-0.00019412593,-0.00079413457
volume_sn_voxels::v544,0.0003291061,0.00019219021,0.0011194386,-3.003914e-05,0.00028820522,0.0007077357,0.0002139354,-8.256641e-05,0.00044090615,-0.00015682631
volume_sn_voxels::v545,0.00040452756,0.00011652314,0.0008370933,-0.00021500335,0.00015722099,0.0005246264,8.728286e-05,0.00015861393,0.00085386354,-0.00038290655
volume_sn_voxels::v546,0.00034316813,0.000115562616,0.0006712974,-0.0003293954,0.00013901053,0.00031781718,-9.6051295e-08,0.00027787423,0.0008161522,-0.00040504514
volume_sn_voxels::v547,0.00044724115,0.00011069221,0.00052895944,-0.0004440609,0.00013110698,0.00010883048,-2.7578202e-05,0.000252898,0.00090838404,-0.0005429104
volume_sn_voxels::v548,0.00059569196,0.00020656054,0.00037363183,-0.00040881571,0.00012603325,-0.00019710998,-0.00014845488,0.00020200829,0.0009913463,-0.00067503005
volume_sn_voxels::v549,0.0005435053,0.00023865592,-1.7799213e-05,-0.00032011222,6.5327855e-05,-0.0004977135,-0.00019287625,-6.571064e-05,0.0008242749,-0.0005452204
volume_sn_voxels::v550,0.0005605104,0.00036727433,-0.00024379719,-0.00019344295,-3.0855823e-05,-0.00069824216,-0.00027654486,-0.00020930043,0.00048825578,-0.00049163826
volume_sn_voxels::v551,0.0005152897,0.00038430133,-0.0004977632,-6.948965e-05,-7.367184e-05,-0.0006864428,-0.0003340981,-0.00025151388,0.00022420881,-0.00044570226
volume_sn_voxels::v552,0.00047745352,0.00048019143,-0.0006185178,5.5106484e-05,1.430033e-05,-0.0004265938,-0.00044315076,-0.0001863719,0.00010228848,-0.00058062037
volume_sn_voxels::v553,0.00039534576,0.00047464215,-0.00063999055,0.00029447436,6.818993e-05,-4.2118743e-05,-0.00051438407,-6.441704e-05,-0.00010968358,-0.00068649754
volume_sn_voxels::v554,0.00031504862,0.00062863843,-0.000638954,0.0007740021,0.00033736715,0.00050867227,-0.00048705295,8.670081e-06,-0.00022625542,-0.0007841383
volume_sn_voxels::v555,0.00033065683,0.00024135425,0.0010367085,-0.00023484354,0.00032944852,0.0005714796,0.00018035034,3.1534197e-05,8.116787e-05,-0.00033322768
volume_sn_voxels::v556,0.000354137,0.00015723634,0.0008917584,-0.00032518394,0.00022327967,0.00046113267,8.0725855e-05,0.0003326647,0.00044525572,-0.00047041956
volume_sn_voxels::v557,0.00036953145,0.00018466597,0.000953125,-0.0005019598,0.00018894523,0.00029837276,-2.3300756e-05,0.00046171647,0.00080057676,-0.0006043664
volume_sn_voxels::v558,0.00044384575,0.00020494232,0.0006434431,-0.0005259773,0.00015633431,0.0001881122,-0.00010249541,0.00056681264,0.0008192467,-0.00073589745
volume_sn_voxels::v559,0.00056542375,0.00028900296,0.0005244818,-0.00045539322,0.00015244004,-0.00014251564,-0.00018814723,0.00040021466,0.00089002884,-0.000802751
volume_sn_voxels::v560,0.00052826904,0.0004174371,0.00020094712,-0.00025940168,0.00012218527,-0.0005580527,-0.00023366664,8.239546e-05,0.0006568291,-0.0006542426
volume_sn_voxels::v561,0.00055436825,0.0004953746,-0.00014828864,-7.711778e-05,4.689177e-05,-0.000852928,-0.000314373,-0.00016797897,0.0005014372,-0.0005911947
volume_sn_voxels::v562,0.00048440965,0.00055455224,-0.0004510122,0.00015183915,-2.5130397e-05,-0.0008495982,-0.00030952864,-0.00028665093,0.00025449414,-0.0004267984
volume_sn_voxels::v563,0.00038822583,0.0005854016,-0.00048246884,0.00029676902,9.731546e-06,-0.00047385468,-0.000329201,-0.00028999406,-2.0049061e-05,-0.00038394346
volume_sn_voxels::v564,0.00033804865,0.00079459464,-0.0005077771,0.00064774486,0.00015060976,-2.2854807e-05,-0.000378445,-0.00025459466,-0.00013082584,-0.0005388552
volume_sn_voxels::v565,0.00020785327,0.0008393559,-0.0005462962,0.0011578437,0.0003360194,0.0005673493,-0.00035595597,-0.00014798566,-0.00026099366,-0.00043522677
volume_sn_voxels::v566,0.0003548686,0.00026527,0.0011588989,-0.00035849976,0.00045710898,0.00041408092,0.00024097464,0.0001457394,-0.0002457099,-0.0005201436
volume_sn_voxels::v567,0.00031587528,0.0001870353,0.00094075536,-0.00047120408,0.00031148354,0.00040205132,2.5647723e-05,0.0004055296,0.00016288845,-0.00059700815
volume_sn_voxels::v568,0.00040266596,0.00024211667,0.00089187146,-0.00050839316,0.0002522378,0.00038080354,-6.959936e-05,0.0006737187,0.0003549576,-0.0006971756
volume_sn_voxels::v569,0.00040294486,0.00024203763,0.00076266925,-0.0004702136,0.00022785217,0.00024231043,-0.00013892876,0.0005926768,0.0004837303,-0.00075607095
volume_sn_voxels::v570,0.0004655446,0.00037370215,0.000651567,-0.0003215828,0.00023533466,-3.1453386e-05,-0.0002263288,0.0005694562,0.00071703264,-0.00085556984
volume_sn_voxels::v571,0.0004800117,0.0005561793,0.0003911437,-0.00017793333,0.00021697783,-0.0005040579,-0.00030406148,0.00019753826,0.00059730886,-0.0007891454
volume_sn_voxels::v572,0.00050982484,0.00068436365,2.5578302e-05,0.00013019583,9.8900244e-05,-0.00072756497,-0.00034355704,-0.00014391377,0.00048397633,-0.00048016876
volume_sn_voxels::v573,0.00041847833,0.00082444487,-0.00025019833,0.0004013038,0.00010670018,-0.0006647869,-0.00031501413,-0.0003288281,0.00015962485,-0.0003182992
volume_sn_voxels::v574,0.00037259,0.0007986422,-0.00034515554,0.00070095627,9.921125e-05,-0.00045207277,-0.00032466953,-0.00035853387,-3.5698347e-06,-0.00020487992
volume_sn_voxels::v575,0.00025316712,0.0008990315,-0.000383918,0.00104581,0.00020319906,6.1356106e-05,-0.00027714006,-0.00032757176,-0.00013048161,-0.00015921441
volume_sn_voxels::v576,0.00033602977,0.00035140198,0.001182323,-0.00037079846,0.00045441856,0.00023152446,0.00020381298,0.00015609847,-0.0004022407,-0.0005634395
volume_sn_voxels::v577,0.00024511752,0.00028345519,0.0009768108,-0.00032729507,0.00039843985,0.0003344137,2.4870305e-05,0.00043212823,-0.0001321242,-0.0007137856
volume_sn_voxels::v578,0.00028797815,0.00027844592,0.0009339987,-0.00037056627,0.0004070385,0.00039669144,-5.6420344e-05,0.000592766,9.894291e-05,-0.00071287935
volume_sn_voxels::v579,0.00037372264,0.000424056,0.0008090174,-0.0003431673,0.00035939668,0.0002955228,-0.00015015858,0.00063669326,0.0003071525,-0.0008379333
volume_sn_voxels::v580,0.0004283021,0.00053619494,0.0006976478,-0.00020577716,0.00037941028,5.9668004e-05,-0.00024823612,0.00047979387,0.0005178353,-0.0008819469
volume_sn_voxels::v581,0.0004418051,0.00073884137,0.0004581385,8.502026e-05,0.00034290797,-0.00040622076,-0.00030963589,0.00023076047,0.0004959404,-0.0007734544
volume_sn_voxels::v582,0.00045287894,0.00087750185,0.00012794998,0.00039175,0.0002891011,-0.000689077,-0.00041748813,-0.00015332151,0.00040189523,-0.00041659898
volume_sn_voxels::v583,0.00039197365,0.0009598103,-0.00013408673,0.00079522183,0.0002535627,-0.00064738124,-0.00035916312,-0.00033363915,0.00013827704,-0.00016767763
volume_sn_voxels::v584,0.0002841423,0.0009803683,-0.0003048193,0.00094330625,0.00020190062,-0.00032999757,-0.00035730156,-0.00040991048,8.595402e-06,-1.9554853e-05
volume_sn_voxels::v585,0.00023158808,0.0009673979,-0.00035030628,0.0012214802,0.00030475843,0.0001718157,-0.00035450785,-0.00036180153,-0.00014402666,8.212445e-05
volume_sn_voxels::v586,0.0002770129,0.00039071575,0.0012087261,-0.00043228964,0.0004987451,0.00011979277,0.00028060112,9.376086e-05,-0.0007096202,-0.000583849
volume_sn_voxels::v587,0.00026225197,0.00039804736,0.0010405114,-0.00028566623,0.000557839,0.00033785464,5.622291e-05,0.00040603866,-0.00028762134,-0.00069678767
volume_sn_voxels::v588,0.00022981715,0.00037506357,0.00091498805,-0.00017588952,0.0004443132,0.00041131364,-7.4750096e-05,0.00044730492,-6.427992e-05,-0.0006337535
volume_sn_voxels::v589,0.00025237072,0.0005109402,0.0007936964,-0.000118846896,0.00045850035,0.00041339945,-0.00018477773,0.00054159376,0.00010546706,-0.00075550657
volume_sn_voxels::v590,0.00034547818,0.00067775365,0.00070730975,7.067159e-05,0.00046453308,0.00020055991,-0.00035887197,0.00042052803,0.00028716127,-0.0007488548
volume_sn_voxels::v591,0.00038488532,0.0009653589,0.0004900571,0.00046839946,0.00045706602,-0.00023118999,-0.00049429515,0.00011369392,0.0003934271,-0.00060134096
volume_sn_voxels::v592,0.00039798234,0.0010530598,0.00014474212,0.00082270306,0.00043041917,-0.00043732292,-0.00046635862,-0.00015646605,0.00029000893,-0.00030297032
volume_sn_voxels::v593,0.00032546828,0.00120864,-0.0001031173,0.0011406348,0.00039221958,-0.00041675492,-0.0005616882,-0.0003971312,0.00011773585,-1.6780494e-05
volume_sn_voxels::v594,0.00024540824,0.0009367811,-0.0002041524,0.0011144757,0.00034523167,-8.077102e-05,-0.00037767424,-0.00035174342,-5.0585902e-05,0.00020945846
volume_sn_voxels::v595,0.00019394503,0.00088233815,-0.0003252642,0.0012687257,0.000386537,0.00026122393,-0.00029994446,-0.00023390658,-0.0001317392,0.00027437753
volume_sn_voxels::v596,0.00016975135,0.00058530376,0.0010948251,-3.9301427e-05,0.00074411347,0.0004643048,-6.357138e-05,0.00018665858,-0.00050626893,-0.0007921779
volume_sn_voxels::v597,0.00015713075,0.00066172716,0.00096844294,0.00015253716,0.0006153944,0.00056541245,-0.00023574563,0.0002954989,-0.00033035065,-0.00059643673
volume_sn_voxels::v598,0.00019409443,0.00088312465,0.0008773155,0.0003312008,0.0006770356,0.0005659393,-0.0003390318,0.0003551087,-8.761447e-05,-0.000741505
volume_sn_voxels::v599,0.00022967592,0.00092239276,0.0006578564,0.00060832483,0.0006996241,0.00043133975,-0.00048991473,0.00016784659,0.00013490267,-0.0005582918
volume_sn_voxels::v600,0.00026210077,0.0010280057,0.00042149416,0.00094754173,0.0005852737,0.000104264924,-0.0005813204,-5.500476e-05,0.00016616049,-0.0003636274
volume_sn_voxels::v601,6.211913e-06,0.000879516,0.00081977155,0.00073666626,0.0007711577,0.00080206606,-0.0003318947,-7.735226e-06,-0.00039963968,-0.0004602819
volume_sn_voxels::v602,7.262778e-05,0.0009912538,0.00063610805,0.0008737306,0.0007244822,0.0008466719,-0.00058118306,4.409588e-05,-0.00022901097,-0.00036388496
volume_sn_voxels::v603,0.00019532476,2.9425257e-05,0.00030749358,0.00031527772,-0.00025051003,0.000104064035,0.0013027695,-0.00047110004,0.0003887025,-0.00027751114
volume_sn_voxels::v604,0.00016224103,0.00016151354,0.00036406147,0.0004080698,-1.3641922e-05,0.0002473832,0.0012120332,-0.00045843687,0.00024413943,-0.00025964188
volume_sn_voxels::v605,0.00017415367,0.0004142794,0.00041085316,0.0005171124,0.00017198629,0.00045242108,0.0007020592,-0.00039992423,6.46659e-05,-5.0495e-05
volume_sn_voxels::v606,0.00027924273,-6.427207e-05,0.00014199314,0.00010158434,-0.00034096406,4.9289e-05,0.0013038298,-0.0005065391,0.00030136487,-0.0002248307
volume_sn_voxels::v607,0.00028752224,-5.0979165e-06,0.00019995944,9.8061915e-05,-0.0002137207,6.3395295e-05,0.0012454067,-0.0005524113,0.00022972056,-0.00027264928
volume_sn_voxels::v608,0.00031080487,7.2107934e-05,0.00021473477,9.5600175e-05,-9.154526e-05,0.0001602489,0.00095194636,-0.0004434907,0.0001646345,-0.0002577797
volume_sn_voxels::v609,0.0002646495,0.0003145857,0.00025233658,0.00022178695,0.00022961834,0.0003461383,0.0006152113,-0.0003136324,-6.9613336e-05,-7.622458e-05
volume_sn_voxels::v610,0.0003601942,-2.7919674e-05,-6.321371e-05,-0.00010005548,-0.00037998715,8.0679754e-05,0.0013498714,-0.0006326768,0.00027873213,-0.0002264469
volume_sn_voxels::v611,0.0003516478,-4.875824e-05,-8.388868e-05,-0.00014080388,-0.00029526197,5.8718826e-05,0.0011395481,-0.0005691727,0.00019139436,-0.00024739522
volume_sn_voxels::v612,0.00038976618,-4.9488954e-05,-0.00019027546,-0.000273599,-0.000109038796,6.941455e-05,0.0009304366,-0.00047106008,0.00012218484,-0.0002838333
volume_sn_voxels::v613,0.00050662935,1.9265452e-05,-0.0001808127,-0.00026930013,8.4833715e-05,9.327336e-05,0.0007059565,-0.0003409912,1.569522e-05,-0.0003021334
volume_sn_voxels::v614,0.00041354896,0.00015653581,-8.823872e-05,-0.00019159107,0.00023739775,0.00019231481,0.00037110728,-0.0002051106,-0.00014111535,-0.0001548331
volume_sn_voxels::v615,0.00048057552,1.4853111e-05,-0.00022427306,-0.00031695972,-0.00036840205,7.940664e-05,0.0012975264,-0.0007018115,0.00021198223,-0.00027910245
volume_sn_voxels::v616,0.00039348,-4.3005137e-05,-0.00048249436,-0.0003842157,-0.00017766953,0.00010132784,0.00075159466,-0.00040940547,0.00011616434,-0.00020477733
volume_sn_voxels::v617,0.0004537128,-3.1486932e-05,-0.00054063485,-0.00047219847,5.1744246e-07,0.00011631273,0.00042963706,-0.00033144347,3.9923165e-05,-0.00024025702
volume_sn_voxels::v618,0.0004148078,-3.6349476e-05,-0.00040993438,-0.00045070023,0.00012873631,0.00010468355,0.00014109656,-0.00011118556,-6.9935e-05,-0.00020797641
volume_sn_voxels::v619,0.0004619298,5.9563477e-05,-0.00027498696,-0.00042882113,0.00022919262,0.00015209582,7.955314e-05,-5.521913e-05,-0.00015222628,-0.00020855915
volume_sn_voxels::v620,0.0004329967,0.00016597049,-1.2107005e-05,-0.00026069008,0.00033882927,9.580815e-05,3.443241e-05,0.00015351713,-0.00024217217,-0.00012912424
volume_sn_voxels::v621,0.00042418376,7.531517e-05,-0.0003773125,-0.00040055107,-0.00020640413,8.888696e-05,0.00067745923,-0.0004745423,0.00020726325,-0.00019740233
volume_sn_voxels::v622,0.0005011526,2.917761e-06,-0.000682892,-0.0005437713,-7.72753e-05,0.00016356527,0.00040165486,-0.00026867483,3.9844384e-05,-0.00022181767
volume_sn_voxels::v623,0.0004477144,-5.7357593e-05,-0.00070165494,-0.0005494703,2.7531029e-05,0.00017710813,9.471294e-05,-5.1875762e-05,3.136338e-05,-0.00023153044
volume_sn_voxels::v624,0.00043217477,-2.4218913e-05,-0.0005600568,-0.0005011916,0.00012337229,0.00014227987,-0.00016528572,4.6930607e-05,-8.539101e-05,-0.00024626937
volume_sn_voxels::v625,0.00038074993,5.6460118e-05,-0.00040823393,-0.0004652977,0.00017131,0.00014563768,-0.00012725341,6.710374e-05,-8.558141e-05,-0.00018301728
volume_sn_voxels::v626,0.00041713862,0.0001547577,-0.00016151226,-0.00030797973,0.00025732783,0.000109680484,-4.440209e-06,0.00016661968,-0.00021138921,-0.00017545882
volume_sn_voxels::v627,0.0004416073,7.612653e-05,-0.00035143932,-0.00041015807,-0.00018261369,7.557447e-05,0.0006865983,-0.0005030204,0.0003218869,-0.00027990877
volume_sn_voxels::v628,0.0004486136,-6.3593455e-07,-0.000622511,-0.00042838912,-0.00012901364,0.00011667426,0.00041995491,-0.00031147958,0.00018930159,-0.0002833373
volume_sn_voxels::v629,0.00045437875,8.395731e-06,-0.0009166357,-0.000543747,-5.7055695e-05,0.00018475276,7.947065e-05,-0.0001733235,0.00010307529,-0.00031982324
volume_sn_voxels::v630,0.00041988023,-1.4311027e-05,-0.0007918394,-0.00058325456,7.297838e-05,0.00017920232,-0.00017817011,3.3905028e-05,-2.6039452e-05,-0.0003182189
volume_sn_voxels::v631,0.00040916205,-3.8308288e-05,-0.0006999171,-0.0005879082,0.00013810834,0.00018965045,-0.0003095335,0.0001013767,-0.000105176936,-0.0003080914
volume_sn_voxels::v632,0.00037422637,1.7697457e-05,-0.00046783147,-0.00041335932,0.00013677002,0.00019862586,-0.00020505664,0.00017488172,-0.00018987947,-0.00027041184
volume_sn_voxels::v633,0.00036799323,0.00013558353,-0.00023300482,-0.00025418005,0.00024549267,0.00016237651,-8.867643e-05,0.00019985599,-0.00018922852,-0.0002453448
volume_sn_voxels::v634,0.0004802436,5.696317e-05,-0.00044695262,-0.00040795564,-0.000110872854,2.2839118e-05,0.00037685476,-0.00042718748,0.00031764596,-0.00033150482
volume_sn_voxels::v635,0.00046953498,3.0656367e-05,-0.00069443934,-0.00047972193,-8.628489e-05,9.034745e-05,0.00013701449,-0.00025676793,0.00020554796,-0.00033030738
volume_sn_voxels::v636,0.00048169104,-2.9019013e-06,-0.00092549104,-0.00057150173,-6.384783e-05,0.00015234014,-0.00013588295,-6.0047412e-05,0.000107173655,-0.0004932687
volume_sn_voxels::v637,0.00042173566,-2.41986e-05,-0.00083271513,-0.0005272696,5.003473e-05,0.00018153363,-0.0003598052,0.00013193485,-8.84389e-05,-0.00044671775
volume_sn_voxels::v638,0.00042435783,-4.020211e-06,-0.0007781033,-0.0005760536,7.581788e-05,0.0002333902,-0.00039605712,0.00023527208,-0.00014721215,-0.00048074016
volume_sn_voxels::v639,0.00036854495,4.256276e-05,-0.00060887606,-0.00031445484,0.00012035537,0.00032720625,-0.00028369125,0.00023946931,-0.00018771812,-0.0004154555
volume_sn_voxels::v640,0.00036760737,0.00018436716,-0.00038193873,-0.0001150362,0.00022237809,0.00036350012,-0.0001136934,0.00033718414,-0.0002367241,-0.00041258708
volume_sn_voxels::v641,0.0004577294,0.00013016451,-0.00023867168,-0.00033553847,-0.000119480326,1.6429944e-05,0.0003552394,-0.00040007423,0.00056361814,-0.00026511034
volume_sn_voxels::v642,0.0004469942,8.951224e-05,-0.0005707478,-0.00033993865,-0.00011392503,1.3082123e-06,0.00018070971,-0.00032788605,0.00041246213,-0.0004008529
volume_sn_voxels::v643,0.0004713799,4.8881615e-05,-0.00072316924,-0.0004295815,-0.00014700743,-1.5437843e-05,-0.00013099119,-0.00024872238,0.00024250172,-0.00043834592
volume_sn_voxels::v644,0.0004507048,4.3152446e-05,-0.0008145422,-0.0004766162,-7.873346e-05,8.281211e-05,-0.00035604293,-1.5558811e-05,8.1205384e-05,-0.0006245452
volume_sn_voxels::v645,0.00047828487,4.72038e-05,-0.00088443776,-0.0004936984,-2.4954279e-05,0.00011293092,-0.0005799618,0.0002444971,-3.386933e-05,-0.00063288433
volume_sn_voxels::v646,0.00041452132,4.9730963e-05,-0.0007465879,-0.00038767658,4.3889006e-05,0.00027541252,-0.00050134596,0.00030465864,-0.0001682614,-0.0007133627
volume_sn_voxels::v647,0.00032971532,0.000121952675,-0.0005972729,-0.000105532636,0.00016175947,0.00041687174,-0.00028750027,0.0003005152,-0.00019942761,-0.0006671855
volume_sn_voxels::v648,0.0002904377,0.00025949828,-0.00038988108,0.0002514494,0.00029796225,0.0006049807,-4.059336e-05,0.0004086023,-0.00020602078,-0.0006416046
volume_sn_voxels::v649,0.00049253105,0.00017759844,-0.00029376685,-0.00034946285,-8.3293686e-05,-0.0001321241,0.0001955982,-0.00035944587,0.0006119541,-0.00041937342
volume_sn_voxels::v650,0.00041830563,0.00014980709,-0.00055068475,-0.00026330768,-0.00015222961,-0.00021757137,-1.6645175e-05,-0.00030680205,0.00035603312,-0.00045907684
volume_sn_voxels::v651,0.0004771024,0.0001300137,-0.0007191194,-0.0003802646,-0.00013033346,-0.00018378638,-0.00028588256,-0.00017170719,0.00019469287,-0.00055390864
volume_sn_voxels::v652,0.0004424388,9.01245e-05,-0.00072930066,-0.0003667439,-6.433079e-05,-0.000104284285,-0.0004157093,9.167129e-06,7.035868e-05,-0.00060688297
volume_sn_voxels::v653,0.0004149676,0.0001445681,-0.00072088,-0.00032630927,-2.8199995e-05,-1.8102277e-05,-0.0005782887,0.00021463966,-4.6158384e-05,-0.0006534254
volume_sn_voxels::v654,0.00040216316,0.00016106173,-0.00066763896,-0.00016813038,-1.8348255e-05,0.00019901327,-0.00056514447,0.00025226627,-0.000110298344,-0.00089340174
volume_sn_voxels::v655,0.0002975811,0.00023652315,-0.0006118692,0.0001847859,0.00015433102,0.00047985176,-0.00029943645,0.00029402942,-0.00017912326,-0.00077559194
volume_sn_voxels::v656,0.0002293967,0.0002719254,-0.0003867981,0.0005865261,0.00020831494,0.0008951191,7.55017e-05,0.0002632146,-0.00022285187,-0.00072989106
volume_sn_voxels::v657,0.0004941546,0.00019811219,5.6150377e-05,-0.0002689028,-6.4767146e-06,-0.00012509202,0.00010942554,-0.00014193707,0.0009330777,-0.0004216205
volume_sn_voxels::v658,0.0005361163,0.00026718774,-0.00022818153,-0.0002041319,-7.7431454e-05,-0.00035247448,-5.089336e-05,-0.0002605147,0.0007221389,-0.000461148
volume_sn_voxels::v659,0.00050546153,0.00029954567,-0.00045199262,-0.00025906358,-0.00012566472,-0.00047229242,-0.0002127507,-0.00027638787,0.00042836752,-0.00053175306
volume_sn_voxels::v660,0.00046903628,0.00026164213,-0.0005263209,-0.00024755683,-0.00016787711,-0.0004435667,-0.0003694766,-0.00015152572,0.00020514111,-0.0005820683
volume_sn_voxels::v661,0.00045522183,0.0002335319,-0.0006066984,-0.00019262043,-0.00010165614,-0.0002913626,-0.00045493647,-3.7474983e-05,0.00011155448,-0.0005363998
volume_sn_voxels::v662,0.00035961226,0.00026283934,-0.0006182789,-0.00015855899,-6.778863e-05,-6.7829795e-05,-0.00049709703,8.422906e-05,-3.306575e-05,-0.00069745677
volume_sn_voxels::v663,0.00030843742,0.00028918262,-0.00069426664,0.00013127911,4.8067624e-05,0.00021689077,-0.00051712093,0.00016285859,-0.000116027855,-0.0008574171
volume_sn_voxels::v664,0.00027832133,0.00046956982,-0.0005726255,0.0006029731,0.00013203722,0.0008244637,-0.0002758073,0.00023904996,-0.0002106108,-0.00096719817
volume_sn_voxels::v665,0.000117494725,0.00041989613,-0.00035114388,0.00094455807,0.00017495838,0.0010858792,0.00018913734,0.0002706781,-0.00024169064,-0.0008587614
volume_sn_voxels::v666,0.000586897,0.00034836857,0.00024726236,-0.0003251189,3.6405694e-05,-0.00021934824,-6.2591826e-05,1.7283059e-05,0.0010309583,-0.00073795277
volume_sn_voxels::v667,0.0005108159,0.00037150958,-5.8722264e-05,-0.00024069927,-3.1727905e-05,-0.00048436012,-0.00013277301,-0.00012470086,0.00071701896,-0.0006419878
volume_sn_voxels::v668,0.00048812042,0.00038505104,-0.00031563116,-0.00022881491,-0.000102003076,-0.0006845097,-0.00029383425,-0.00022757499,0.00048642253,-0.0004936235
volume_sn_voxels::v669,0.0004888787,0.00046847938,-0.0004981706,-0.000120034325,-0.000156112,-0.0006560266,-0.00036059352,-0.00027520623,0.00019740779,-0.00051120826
volume_sn_voxels::v670,0.00045461627,0.0004716364,-0.0005686821,-7.261799e-05,-0.00011325288,-0.00053506263,-0.00040818285,-0.00017813403,8.431344e-05,-0.00062309334
volume_sn_voxels::v671,0.0003956472,0.00046931047,-0.0005732016,5.9325517e-05,-7.1074646e-05,-0.00017789888,-0.0004588878,-5.9256417e-05,-1.8563043e-05,-0.00066853734
volume_sn_voxels::v672,0.00031626938,0.00053277623,-0.0005635643,0.0004552378,4.4318367e-05,0.00033635803,-0.00039094666,-2.6304826e-05,-0.00016102522,-0.0007574835
volume_sn_voxels::v673,0.0002131039,0.0007424332,-0.00059514807,0.0011822304,0.0002495269,0.0008991662,-0.00018188905,4.352944e-05,-0.00023061474,-0.0008713011
volume_sn_voxels::v674,0.000110978064,0.0004903989,-0.00029181477,0.0012252562,0.00021102764,0.0009898777,0.00032663177,9.501318e-05,-0.00023246177,-0.0006528601
volume_sn_voxels::v675,0.00018431708,0.00020414079,0.0007311209,0.00015495991,0.00032172032,0.0005964613,0.00020590099,-0.00016513359,-0.0001899591,-7.399318e-05
volume_sn_voxels::v676,0.00032835995,0.00021705203,0.0009640956,-8.231845e-05,0.00026339432,0.0007303554,0.00020307642,0.00013095968,0.0003100344,-0.00035167154
volume_sn_voxels::v677,0.0003392483,0.00013363166,0.0008057998,-0.00022344706,0.00013165276,0.000468895,2.0665047e-05,0.0002874954,0.0004977556,-0.0004946888
volume_sn_voxels::v678,0.00035336055,0.00018196813,0.00067944074,-0.00029172024,0.000117931726,0.00027876426,-2.2339338e-05,0.00045655674,0.00067591784,-0.0005742715
volume_sn_voxels::v679,0.00039525746,0.0003136703,0.00064022205,-0.00039673265,0.00013754239,0.0001231612,-9.910768e-05,0.00042202784,0.00081431615,-0.0006972181
volume_sn_voxels::v680,0.0005571633,0.00040806932,0.00048166065,-0.00040433183,3.3813743e-05,-0.00023123233,-0.00019523526,0.00027678584,0.00090522325,-0.0008302604
volume_sn_voxels::v681,0.0004896242,0.0004699236,0.000117671276,-0.00024600493,2.7617658e-05,-0.0006435829,-0.0002699362,-3.1909218e-05,0.0006944969,-0.00069019734
volume_sn_voxels::v682,0.0005083803,0.000516289,-0.00011813665,-8.44652e-05,-5.745393e-05,-0.00085332926,-0.00023740224,-0.0002189558,0.00043292384,-0.000483576
volume_sn_voxels::v683,0.00047808693,0.0005260143,-0.0003351802,4.8698334e-05,-9.401091e-05,-0.00090471964,-0.000265939,-0.0002709959,0.00020251548,-0.00046388086
volume_sn_voxels::v684,0.00041310297,0.0006323953,-0.0004483221,0.00014345789,-7.6531425e-05,-0.0006426008,-0.00031715867,-0.00027670496,3.1932377e-05,-0.00036851643
volume_sn_voxels::v685,0.00040200987,0.0006246338,-0.00045253377,0.00044167208,-3.0618845e-05,-0.00028021468,-0.0003504208,-0.00022782935,-6.862981e-05,-0.00043554005
volume_sn_voxels::v686,0.00029529183,0.0007303581,-0.00047878994,0.0008526083,0.00013540317,0.0002985028,-0.00029706742,-0.00020810311,-0.00019395752,-0.0005170483
volume_sn_voxels::v687,0.00018058065,0.000820999,-0.00047389473,0.0012495924,0.000271073,0.0008995987,-0.00013799277,-0.00015562333,-0.00022055687,-0.00048038788
volume_sn_voxels::v688,0.0002010862,0.0002509364,0.00080150546,-0.000117676995,0.00033848415,0.00030950696,0.00023854253,-5.1816292e-05,-0.00043482598,-0.00014532357
volume_sn_voxels::v689,0.00029086246,0.00021664817,0.0009185464,-0.00030438646,0.00032324615,0.00039319295,0.000109834895,0.0002559724,-0.00012746883,-0.00045055486
volume_sn_voxels::v690,0.00031940802,0.00020205369,0.0008927023,-0.00040498833,0.000204694,0.00030522307,2.423212e-05,0.0004745193,0.00024801368,-0.00063705293
volume_sn_voxels::v691,0.00032248604,0.00026702936,0.0008203849,-0.00043569837,0.00018910784,0.00028780452,-0.00013466495,0.0005622285,0.00042012753,-0.00069652364
volume_sn_voxels::v692,0.0003869928,0.00032509692,0.0006528936,-0.00045632944,0.00016221685,0.00013003359,-0.00012741594,0.00059845357,0.0005453837,-0.0008483426
volume_sn_voxels::v693,0.00047150697,0.0004614652,0.0006074675,-0.00042691335,0.00012355627,-0.0001997311,-0.00023722634,0.00047047896,0.0006028315,-0.000901923
volume_sn_voxels::v694,0.0005824037,0.0006532398,0.00037360901,-0.00023145504,0.00010290327,-0.00077935256,-0.00036208518,0.00010018913,0.0007145141,-0.00084693957
volume_sn_voxels::v695,0.00049950613,0.00069094286,-5.3969347e-06,-2.794907e-05,-8.409671e-06,-0.00093346386,-0.00024859846,-0.0001899221,0.00043257602,-0.00048449537
volume_sn_voxels::v696,0.00040363678,0.0006878415,-0.00015284472,0.00023815047,-7.4017626e-05,-0.0009900016,-0.0002919686,-0.0003338942,0.00019663174,-0.0003236361
volume_sn_voxels::v697,0.00035489383,0.00070166367,-0.00032439118,0.00041968707,2.8234466e-05,-0.0007733661,-0.00024340894,-0.0003415932,5.3399373e-05,-0.000179014
volume_sn_voxels::v698,0.00028208207,0.00083085184,-0.00040148917,0.0006782711,5.94698e-05,-0.0002664144,-0.0002471096,-0.00038603664,-5.401869e-05,-0.00016662416
volume_sn_voxels::v699,0.0002503542,0.001051201,-0.0004601327,0.0011531789,0.00021203549,0.0004843433,-0.0002684649,-0.0003245348,-0.00015036593,-0.00021516671
volume_sn_voxels::v700,0.00012055768,0.000915264,-0.00042045827,0.0013426124,0.00031831022,0.0008979864,-7.0896414e-05,-0.00023995388,-0.00020171645,-0.00011262102
volume_sn_voxels::v701,7.647603e-05,0.00088311825,-0.00031906783,0.0015504237,0.00034091072,0.0013158137,0.00036518305,-4.5754477e-05,-0.00024741574,-8.000763e-05
volume_sn_voxels::v702,0.0002452152,0.00024312477,0.0009741544,-0.00031230584,0.00041822676,-3.0150184e-05,0.00034054968,5.954448e-05,-0.0005948356,-0.00032611727
volume_sn_voxels::v703,0.0002849914,0.0002414794,0.0010501232,-0.00044779948,0.0003761376,0.00015612142,0.00016323863,0.00026033088,-0.00035146615,-0.00060412276
volume_sn_voxels::v704,0.00030993196,0.00023633945,0.0010008964,-0.00051151717,0.0003427392,0.00022186157,-7.7045627e-07,0.00053987524,-6.0493774e-05,-0.00072254875
volume_sn_voxels::v705,0.00035105806,0.00025943888,0.00095291756,-0.0005633933,0.00029122835,0.00028802012,-0.00013481228,0.0006735443,0.00014339937,-0.00094245386
volume_sn_voxels::v706,0.00042818073,0.00040679192,0.0007662322,-0.00045094296,0.0002464897,9.988307e-05,-0.00012832349,0.000611817,0.00039882603,-0.0009082138
volume_sn_voxels::v707,0.00041765923,0.0004930746,0.00066092703,-0.0003569068,0.00017338376,-0.0001784001,-0.00030614564,0.00044710422,0.00045688095,-0.0009218529
volume_sn_voxels::v708,0.00041805897,0.0006853211,0.0004440337,-0.00012430451,9.088169e-05,-0.00063767936,-0.0003293549,7.1543094e-05,0.00051157287,-0.000836217
volume_sn_voxels::v709,0.00044222182,0.0008194221,0.00012296186,0.0002195039,9.708597e-05,-0.0010775108,-0.000344484,-0.00019048218,0.00038384052,-0.0005064604
volume_sn_voxels::v710,0.00039853738,0.0009577621,-0.00012007711,0.0005144271,2.2213486e-05,-0.0010008356,-0.00034322438,-0.0004395706,0.00018445149,-0.00014726064
volume_sn_voxels::v711,0.000258217,0.00089300825,-0.00022072007,0.00060232496,1.0751497e-05,-0.00056540733,-0.00027403623,-0.00040424327,4.0212253e-05,6.180095e-05
volume_sn_voxels::v712,0.00024911322,0.0009667301,-0.00036259572,0.0009720522,0.00021876345,-0.00012882182,-0.00031261242,-0.00043020188,-3.9627615e-05,8.7629414e-05
volume_sn_voxels::v713,0.0001787771,0.0011210934,-0.000423139,0.0013605997,0.00033035473,0.0006066502,-0.00026494797,-0.00034547338,-0.00016472444,0.00012783008
volume_sn_voxels::v714,9.230768e-05,0.0010168726,-0.00040098705,0.0014810107,0.00041633897,0.001097553,-5.3913504e-05,-0.0002260198,-0.00016645814,0.00017385326
volume_sn_voxels::v715,0.0002531332,0.00023032213,0.0010221686,-0.00054893765,0.00043146333,-7.1682174e-05,0.00018228752,0.00027035235,-0.000543452,-0.00064889435
volume_sn_voxels::v716,0.00031096514,0.00022701296,0.0010938215,-0.00049309107,0.00045517797,6.850507e-05,-2.103582e-05,0.00052941905,-0.0002739091,-0.00085028075
volume_sn_voxels::v717,0.00027505308,0.0002958286,0.0009793646,-0.0004230572,0.00035423244,0.00012693676,-0.00010362161,0.0005777998,-6.938354e-05,-0.00094736135
volume_sn_voxels::v718,0.00030846504,0.0004994652,0.00086695433,-0.00038306424,0.0003104121,2.6447651e-05,-0.00018983167,0.0005515074,0.000121289966,-0.0008732747
volume_sn_voxels::v719,0.00035226773,0.00070695195,0.0007182897,-0.0002063319,0.000285717,-0.00023540235,-0.00030694224,0.00036302532,0.0002756984,-0.0008471177
volume_sn_voxels::v720,0.0004167067,0.0007951357,0.00046403316,0.00011427594,0.00019651663,-0.000642433,-0.0003594881,4.2966836e-05,0.00043430418,-0.0007754165
volume_sn_voxels::v721,0.00039596652,0.0009498913,0.0001932695,0.0005338507,0.0001440504,-0.0009987099,-0.00045676137,-0.00025419396,0.00035647087,-0.00040412645
volume_sn_voxels::v722,0.00030944077,0.0009840301,-3.2349508e-05,0.00078853086,9.8971424e-05,-0.0008412018,-0.00034352235,-0.00040286736,0.0001650179,4.171642e-06
volume_sn_voxels::v723,0.00028992715,0.0011033209,-0.00019655676,0.0011400316,0.0001892205,-0.00047853493,-0.0004049666,-0.00045043678,-7.095013e-07,0.00023311851
volume_sn_voxels::v724,0.00020252996,0.0011302968,-0.0002824131,0.0014942818,0.00028853514,0.00019536696,-0.00037504305,-0.00044762096,-8.0126476e-05,0.0003637026
volume_sn_voxels::v725,0.0001615929,0.0011733527,-0.00036931282,0.0016830382,0.0003740738,0.00091124466,-0.00031174,-0.0003662091,-0.0001927811,0.0004574079
volume_sn_voxels::v726,0.00019814166,0.0002996279,0.0010621308,-0.0004243629,0.00053203857,-2.1267162e-05,6.2530846e-05,0.00041083441,-0.00048506312,-0.0008307446
volume_sn_voxels::v727,0.00025675874,0.00033242602,0.00085729675,-0.00030858084,0.00040163394,0.00010596427,-5.3841413e-05,0.0004705535,-0.00020631368,-0.0008441047
volume_sn_voxels::v728,0.00032387857,0.000600629,0.000954262,-0.00018510169,0.00035675752,2.0191446e-05,-0.00021809254,0.00040945315,-2.5605867e-05,-0.0009667418
volume_sn_voxels::v729,0.0003653365,0.00091800623,0.0007301675,7.767832e-05,0.00038907267,-0.0003183539,-0.0003745914,0.00023019266,0.00020432165,-0.00096193724
volume_sn_voxels::v730,0.00035145544,0.00092621223,0.00044578913,0.0004565794,0.00024554366,-0.0006252088,-0.0005152899,-5.9977083e-05,0.0003319759,-0.000620448
volume_sn_voxels::v731,0.00027564794,0.0009439574,0.00012000127,0.00073611207,0.00028558733,-0.0006640306,-0.00046147953,-0.00021607039,0.00027070075,-0.00021452355
volume_sn_voxels::v732,0.00025941755,0.0010502744,-2.9973042e-05,0.001064438,0.00028882982,-0.00047597275,-0.00043618574,-0.0003118415,0.00010630337,0.00014077187
volume_sn_voxels::v733,0.00024082005,0.0010768535,-0.00014341065,0.0013071045,0.00032012278,-2.395369e-05,-0.00043905267,-0.0003343713,1.9399527e-05,0.00042585196
volume_sn_voxels::v734,0.00021315263,0.00036874553,0.0009853825,-0.0003834187,0.00044163637,-0.00016987839,8.035659e-05,0.00019450924,-0.0006201651,-0.000802446
volume_sn_voxels::v735,0.00020799642,0.0005305618,0.0009963011,-0.00022121899,0.00052862655,-6.900983e-05,-0.00011267147,0.00022554804,-0.00039686577,-0.0009458685
volume_sn_voxels::v736,0.00023187578,0.0008029757,0.0008299343,8.717174e-05,0.00047638928,-1.7137492e-05,-0.00027307787,0.00028207523,-0.00011998555,-0.0008944844
volume_sn_voxels::v737,0.00031159475,4.999268e-06,8.6733555e-05,-1.867903e-05,-0.0004156302,7.1259594e-05,0.0012790235,-0.00069768314,0.0002786921,-0.00022008693
volume_sn_voxels::v738,0.00026312278,7.402286e-05,1.4151883e-05,1.2176013e-05,-0.00019837801,0.00014289623,0.00088845636,-0.0004538028,0.00015005386,-0.00025140584
volume_sn_voxels::v739,0.00027910186,0.0003275929,-9.949905e-06,8.3994906e-05,-3.964127e-06,0.0003688994,0.0005410692,-0.00045087552,2.2762539e-05,-0.00010649158
volume_sn_voxels::v740,0.00038473183,1.7432872e-05,5.1018073e-05,-0.00024870122,-0.0004552283,8.473524e-05,0.0014091555,-0.00075385126,0.00026605627,-0.00011975886
volume_sn_voxels::v741,0.00042774228,4.292584e-06,-0.00017693671,-0.00029530606,-0.0002901478,0.0001455844,0.0011119856,-0.0005970241,0.00015559849,-0.0001979371
volume_sn_voxels::v742,0.00033887164,6.519749e-06,-0.00025299212,-0.0003976888,-6.934516e-05,0.00013190096,0.00062136754,-0.0003996884,4.640135e-05,-0.00024212949
volume_sn_voxels::v743,0.00031411418,0.00011649078,-0.00026630933,-0.00029819366,9.7752134e-05,0.00016777549,0.0002964496,-0.000213589,-6.2204825e-05,-0.00014899713
volume_sn_voxels::v744,0.00044649636,5.629251e-05,4.2024243e-05,-0.0003963811,-0.00044262482,0.00016307583,0.0011959284,-0.00089351914,0.0002671044,-4.9009133e-05
volume_sn_voxels::v745,0.00047202798,3.9615365e-06,-0.00024358132,-0.0004835674,-0.00034766307,0.00018275551,0.0011144027,-0.0006661241,0.000133199,-0.0001336896
volume_sn_voxels::v746,0.00044127903,-4.5341374e-05,-0.0003386245,-0.00047110862,-0.00016168796,0.00017209908,0.00051879755,-0.0003522324,3.350301e-05,-0.00020099302
volume_sn_voxels::v747,0.0004058898,-1.7406159e-05,-0.00047196116,-0.00052355026,-2.936393e-05,0.00015043869,0.0002035096,-0.00019486679,-9.136777e-05,-0.00019773825
volume_sn_voxels::v748,0.00038731,6.570837e-05,-0.00046400347,-0.0005395762,8.316753e-05,0.00021545375,1.3548771e-05,-5.341747e-05,-0.00012442288,-0.0002221479
volume_sn_voxels::v749,0.00036822035,0.00012845406,-0.0002645574,-0.0002854175,0.00023318494,0.00021034146,2.058508e-06,2.582142e-05,-0.00022571301,-0.00015112192
volume_sn_voxels::v750,0.00046612238,9.53184e-05,-0.00017967926,-0.00049198134,-0.00036083744,0.00011804781,0.0009387143,-0.00075810903,0.0002798367,-0.00012904273
volume_sn_voxels::v751,0.00043570375,2.4769031e-05,-0.00043287783,-0.0004886361,-0.00019899115,0.00017847585,0.00067451235,-0.00046455732,7.928709e-05,-0.00017526887
volume_sn_voxels::v752,0.00041894594,-5.9317667e-06,-0.00059373846,-0.0005847077,-7.707805e-05,0.00020778333,0.00022419498,-0.00017885926,2.783529e-05,-0.00024138585
volume_sn_voxels::v753,0.0003757334,-6.0451694e-05,-0.000607567,-0.0006333473,2.165106e-06,0.00022998243,-6.325025e-05,-1.1396015e-05,-0.00013763671,-0.0002694494
volume_sn_voxels::v754,0.00039387503,7.708773e-06,-0.00053450547,-0.0005787374,0.00012494164,0.00021324823,-0.00014052336,3.9168623e-05,-0.00017069503,-0.00025192127
volume_sn_voxels::v755,0.00042054572,0.00012709654,-0.00037802613,-0.00040138798,0.0002209775,0.00020788045,-0.00010060829,0.00016029476,-0.0003006855,-0.00019266657
volume_sn_voxels::v756,0.00042588744,6.3779924e-05,-0.00031636265,-0.0004700913,-0.00019403499,0.00015969704,0.00064718095,-0.00042006583,0.00023758535,-0.00024747988
volume_sn_voxels::v757,0.000397051,1.0567792e-05,-0.00050552445,-0.00054665055,-0.00015063449,0.00018775952,0.0003407407,-0.00025562244,8.54422e-05,-0.00030861073
volume_sn_voxels::v758,0.00043347868,-5.443131e-05,-0.0006340688,-0.0005771212,-3.502353e-05,0.00024752002,-1.9863612e-05,-7.6799015e-06,-5.907579e-05,-0.00032059726
volume_sn_voxels::v759,0.00040519386,-2.9794699e-05,-0.00062132,-0.0006207037,3.2911885e-05,0.00024576916,-0.00025491667,0.00015638047,-0.0001408335,-0.00036380792
volume_sn_voxels::v760,0.00035078055,-8.364981e-06,-0.0006024058,-0.0005948056,9.871639e-05,0.00021466543,-0.0002754416,0.00021277735,-0.00024127228,-0.00029640843
volume_sn_voxels::v761,0.00032115728,4.9646038e-05,-0.00043551964,-0.00031689092,0.00021846069,0.000277898,-0.0001346987,0.00021546862,-0.0002510787,-0.00029361242
volume_sn_voxels::v762,0.0003629114,0.00016649716,-0.00010478323,-0.0001367973,0.00019082487,0.00022524981,9.37856e-05,0.00030136076,-0.0002876281,-0.00031486258
volume_sn_voxels::v763,0.00044365015,0.00010993212,-0.00048536624,-0.00045557795,-0.00011837167,0.00011704276,0.00045363334,-0.00034738338,0.00025187078,-0.0003507351
volume_sn_voxels::v764,0.00048203822,4.674209e-05,-0.00076214416,-0.0004908365,-0.0001202999,0.00019171828,0.000106379484,-0.00012908918,0.00010816027,-0.00043498806
volume_sn_voxels::v765,0.00042039715,6.1066703e-06,-0.0006923444,-0.00055696996,-4.1430078e-05,0.00024108357,-0.00019921915,9.062387e-05,-7.613094e-05,-0.00046569313
volume_sn_voxels::v766,0.00038214528,-5.7449888e-05,-0.00062881684,-0.0005683996,-1.691794e-05,0.00025837196,-0.0003126047,0.0001842245,-0.00019565041,-0.00042353038
volume_sn_voxels::v767,0.0003246675,3.7846085e-06,-0.000656508,-0.00037761134,8.3011786e-05,0.00028078866,-0.0002447064,0.0002253983,-0.00027061862,-0.00047879852
volume_sn_voxels::v768,0.00035012775,9.724042e-05,-0.0005048657,-0.00020100278,0.0001579908,0.00044259525,-5.864489e-05,0.00034417192,-0.00034002887,-0.00052812893
volume_sn_voxels::v769,0.00035606427,0.000162544,-0.00016946143,0.00020271051,0.0001420464,0.00037909846,0.00028624176,0.00037615435,-0.00027281645,-0.00053189415
volume_sn_voxels::v770,0.0004577344,0.00015384314,-0.00034062966,-0.00032429156,-0.00020407069,2.2177048e-05,0.00037278293,-0.000387459,0.00047934943,-0.00038995544
volume_sn_voxels::v771,0.0004850699,6.509964e-05,-0.0005411159,-0.00035565122,-0.00020981493,2.9984614e-05,9.7904434e-05,-0.0002664333,0.00023695771,-0.0004050334
volume_sn_voxels::v772,0.00045368305,4.8075137e-05,-0.00074507226,-0.00053197757,-0.000113725066,0.00010753455,-0.00015607412,-1.9537049e-05,0.000100538775,-0.0005431664
volume_sn_voxels::v773,0.00035544418,4.0713763e-05,-0.0007290554,-0.0004902117,-8.8473054e-05,0.000123012,-0.00031738012,0.00018253524,-3.173373e-05,-0.00059471704
volume_sn_voxels::v774,0.0003984616,3.0445417e-05,-0.00072968914,-0.00045043978,-1.1675346e-05,0.0002926127,-0.00031193436,0.0002632109,-0.00018309496,-0.00059968745
volume_sn_voxels::v775,0.00031059908,6.97307e-05,-0.0005456852,-0.00025813235,9.629664e-07,0.00039443997,-0.00020989409,0.00032867055,-0.00022330093,-0.00063554535
volume_sn_voxels::v776,0.00027257655,0.00014202268,-0.00049830624,0.00012703154,8.2413775e-05,0.0006955551,5.3677482e-05,0.00036160217,-0.00027075692,-0.0007572737
volume_sn_voxels::v777,0.00023634038,0.00015581073,-0.00019126406,0.0004987096,8.57288e-05,0.00063338835,0.00052851316,0.00032331538,-0.00022134423,-0.00063936535
volume_sn_voxels::v778,0.0004197453,0.00018962784,-0.000422267,-0.00025918032,-0.00021529818,-0.000111579975,0.0001360037,-0.00034558287,0.00049490354,-0.00041285835
volume_sn_voxels::v779,0.00050255755,0.00018093301,-0.0006009997,-0.00029609972,-0.00015753308,-0.00014238912,-0.00010050426,-0.00019139369,0.0002642433,-0.0005291226
volume_sn_voxels::v780,0.00043037013,0.00013101437,-0.0006113849,-0.0003538054,-0.00012226144,-5.324592e-05,-0.0003198661,3.3989945e-05,0.00011780447,-0.00067986787
volume_sn_voxels::v781,0.0004528832,0.00013075254,-0.0007721059,-0.00040067168,-9.828702e-05,5.087409e-05,-0.00048373526,0.00020038812,-3.863499e-05,-0.0008225562
volume_sn_voxels::v782,0.00038399227,0.00012163947,-0.0007252125,-0.00027221174,-3.1942775e-05,0.00028413042,-0.0004009471,0.00028407626,-0.00018332087,-0.00076163624
volume_sn_voxels::v783,0.00028434428,9.886469e-05,-0.00066718366,1.3062513e-05,-2.8878068e-05,0.00055242167,-0.00019348793,0.0003000896,-0.0002049006,-0.00093525735
volume_sn_voxels::v784,0.00022186896,0.00011586719,-0.00049942697,0.0005267554,4.1847532e-05,0.00082145835,0.00024777572,0.00029892294,-0.00022609861,-0.00091369054
volume_sn_voxels::v785,0.00011476374,0.00012530338,-0.00012359879,0.00069409504,-2.3576062e-05,0.0006968382,0.0007014065,0.00027075654,-5.811636e-05,-0.00067956175
volume_sn_voxels::v786,0.0004922585,0.0003158495,-0.00036480068,-0.00023184087,-0.00017161417,-0.00031684004,-2.2071776e-05,-0.00038100439,0.00046657704,-0.00043330895
volume_sn_voxels::v787,0.00047636862,0.00032110148,-0.0005885109,-0.00022557755,-0.00021566857,-0.0003896205,-0.00022637975,-0.00024523557,0.0002877651,-0.00059733994
volume_sn_voxels::v788,0.00038995614,0.00025895587,-0.00056162686,-0.00026281265,-0.0001630304,-0.00022386077,-0.00031968986,-3.4978704e-05,9.639706e-05,-0.00062434113
volume_sn_voxels::v789,0.00042356277,0.0002562592,-0.0006236736,-0.00018014229,-0.00013357641,-2.517716e-05,-0.00051227724,0.000104274026,-3.340633e-05,-0.00092493126
volume_sn_voxels::v790,0.0003813213,0.000317798,-0.0007172736,5.691201e-06,-0.00010216296,0.0002442456,-0.00041232386,0.00015557755,-0.00010944923,-0.0010130466
volume_sn_voxels::v791,0.00028357562,0.0002761533,-0.00069433963,0.00046334142,-2.7019516e-05,0.0007227231,-5.2426432e-05,0.00019501282,-0.00017317662,-0.0011727695
volume_sn_voxels::v792,0.00015756984,0.00020661786,-0.00050456205,0.0009848176,-2.705874e-05,0.0010059007,0.00046554251,0.00019514143,-0.00011549021,-0.0010613737
volume_sn_voxels::v793,0.0005306797,0.0004821454,-0.000119478405,-0.00013980444,-0.000121520985,-0.00042653742,-7.737957e-05,-0.00029242146,0.0007654755,-0.0005973115
volume_sn_voxels::v794,0.00049026206,0.0004777676,-0.00031825682,-0.00010014492,-0.00012203911,-0.0005674314,-0.0001854097,-0.00028604976,0.0003981123,-0.00048024696
volume_sn_voxels::v795,0.00047795218,0.00044336327,-0.0004381116,-7.7617326e-05,-0.00021561008,-0.0006268964,-0.00027541697,-0.000273909,0.00029841257,-0.00049910444
volume_sn_voxels::v796,0.00045343934,0.00042554768,-0.0005509462,-0.00011517025,-0.00020112669,-0.00050657993,-0.00032014636,-0.00016426232,0.0001005257,-0.00059059827
volume_sn_voxels::v797,0.00041508971,0.0004536311,-0.00061932456,3.6585276e-05,-0.00016263413,-0.00022097278,-0.000347577,-9.8247925e-05,1.6522577e-05,-0.000806719
volume_sn_voxels::v798,0.00033847333,0.00049105496,-0.0006932123,0.0003544424,-0.00014421935,0.0001952662,-0.0002738349,3.2602493e-05,-5.5540608e-05,-0.0009244927
volume_sn_voxels::v799,0.00025914036,0.00044851308,-0.00058112654,0.0007911231,-2.717453e-05,0.00074657134,-3.5167108e-05,1.706917e-05,-0.0001038411,-0.0008712117
volume_sn_voxels::v800,0.00011728635,0.00031577982,-0.00048359804,0.0012250248,-4.0726572e-05,0.0011566582,0.0006049422,9.128136e-05,-0.000119027194,-0.0008693993
volume_sn_voxels::v801,0.00050209835,0.0005737173,5.617199e-05,-0.00019140619,-7.158892e-05,-0.000611336,-0.00019242078,-0.00016473774,0.0006205972,-0.00063435204
volume_sn_voxels::v802,0.00045183176,0.0005307051,-0.00021673398,-3.7819587e-05,-0.00013676989,-0.0008612127,-0.0002451969,-0.00030353552,0.00040781408,-0.00049681554
volume_sn_voxels::v803,0.00045573234,0.0005717427,-0.00033527712,1.5242779e-05,-0.0001598282,-0.00084332743,-0.0002579312,-0.00032862832,0.00024312836,-0.00034299606
volume_sn_voxels::v804,0.00039042323,0.00057581847,-0.00044930525,0.00010214191,-0.00016317473,-0.0006398994,-0.00026052352,-0.0003093443,5.4790766e-05,-0.00041701342
volume_sn_voxels::v805,0.00043378683,0.0006481108,-0.00053955324,0.00032365794,-0.00012649914,-0.0003567769,-0.00024347255,-0.00026873552,4.3397522e-05,-0.00052974385
volume_sn_voxels::v806,0.0003326086,0.0006754464,-0.00060358294,0.00060859945,-3.352129e-05,0.00023004429,-0.00018748354,-0.00015605589,-8.073804e-05,-0.00065564876
volume_sn_voxels::v807,0.00022101586,0.00067371223,-0.00055906404,0.0011940617,4.9267954e-05,0.00093877735,0.00013379224,-0.0001188489,-0.00011522796,-0.0006971652
volume_sn_voxels::v808,0.000106881416,0.0005066482,-0.00042171348,0.0014163177,6.278297e-05,0.0012882848,0.0006064387,1.1195147e-05,-7.489361e-05,-0.0006138072
volume_sn_voxels::v809,0.0004557094,0.0003944072,0.00068967044,-0.00032537174,5.373666e-05,7.01474e-05,-0.00017696575,0.00042982603,0.00062706793,-0.0009386409
volume_sn_voxels::v810,0.00048230562,0.0006093754,0.00047454977,-0.00031789063,3.1957858e-05,-0.00029294906,-0.0002462742,0.0002071805,0.0007301272,-0.0009770443
volume_sn_voxels::v811,0.00050465466,0.0006895287,0.00019378433,-0.00013368197,-4.7756872e-05,-0.00070830394,-0.00023780034,-5.9185844e-05,0.00057985046,-0.00069982564
volume_sn_voxels::v812,0.00044506526,0.00069687737,-3.2868684e-05,-3.8916933e-05,-0.00013343283,-0.0011011859,-0.00027745654,-0.00030033072,0.00040782863,-0.00047985883
volume_sn_voxels::v813,0.00038377038,0.0006624844,-0.00022476964,0.00015113808,-0.00013736142,-0.0010382687,-0.0002062714,-0.00035074248,0.00020029144,-0.00025206705
volume_sn_voxels::v814,0.00033381273,0.000657471,-0.00037113082,0.0002966143,-0.00012547827,-0.0007716806,-0.00023420398,-0.0003739637,6.738949e-05,-0.00019287772
volume_sn_voxels::v815,0.0002909821,0.00073689007,-0.00045626063,0.0005119103,-8.8638946e-05,-0.00035294855,-0.00015776276,-0.00040309638,3.4296994e-05,-0.00024331725
volume_sn_voxels::v816,0.00028853113,0.00088021305,-0.00048734384,0.0009979795,1.6549144e-05,0.00033895375,-0.00013244795,-0.0003347093,7.5367047e-06,-0.00026620325
volume_sn_voxels::v817,0.00015515661,0.00095737504,-0.00051509694,0.0014132063,0.00016618766,0.0010200489,9.5068004e-05,-0.00020323656,-5.6075532e-05,-0.00028627596
volume_sn_voxels::v818,8.620175e-05,0.00072286336,-0.00045421792,0.0015141801,0.00015520891,0.0013765531,0.00047467556,-0.000120849094,-8.175773e-05,-0.00025752943
volume_sn_voxels::v819,0.00038597643,0.00034877865,0.0009688875,-0.0005516237,0.00024214812,0.00011790882,-0.00013792688,0.0005849358,0.00024063168,-0.0009410274
volume_sn_voxels::v820,0.0005037348,0.00057570636,0.00074199965,-0.00051450933,0.00013551496,-3.1916275e-05,-0.00023088901,0.00054105325,0.00048171196,-0.0011204204
volume_sn_voxels::v821,0.00040907302,0.0005646855,0.00063635525,-0.0003485077,4.152127e-05,-0.0003841045,-0.00028831314,0.00022626514,0.00049809716,-0.00088567665
volume_sn_voxels::v822,0.00046879763,0.0007278379,0.00028325277,-0.00010265173,-2.6825035e-05,-0.00080457213,-0.0003069525,-4.4701785e-05,0.00049948925,-0.0007692378
volume_sn_voxels::v823,0.0004746654,0.0008427868,9.802458e-05,0.00014710968,-7.6710225e-05,-0.0011301831,-0.0002935719,-0.0003243539,0.00039087838,-0.00041858765
volume_sn_voxels::v824,0.00037135746,0.00085678423,-0.000111983325,0.00034035472,-9.150824e-05,-0.0011337482,-0.00026853275,-0.0004368363,0.00020448076,-0.00017437214
volume_sn_voxels::v825,0.0003183025,0.0007966176,-0.00024626366,0.0005688618,-9.0813104e-05,-0.00076783774,-0.00020589623,-0.00040119453,5.9071303e-05,-2.6434418e-05
volume_sn_voxels::v826,0.0002850128,0.0008429008,-0.00035997498,0.0008207506,1.4189969e-07,-0.00028985413,-0.00020840106,-0.00039984836,5.4026223e-05,1.6066651e-05
volume_sn_voxels::v827,0.00024960414,0.0009663845,-0.00047032375,0.0012243057,0.00012111809,0.0004934021,-0.00013649132,-0.00039936436,3.76752e-05,8.7385764e-05
volume_sn_voxels::v828,0.00014327961,0.0009952553,-0.0005529836,0.0015990256,0.00027896726,0.0012113254,7.271022e-05,-0.00029090105,-4.8033788e-05,0.00013105414
volume_sn_voxels::v829,0.0004032609,0.00039070944,0.0010298939,-0.0006001206,0.0002694712,-5.8713722e-05,-8.1491795e-05,0.0005069912,-3.451396e-05,-0.0011740425
volume_sn_voxels::v830,0.00042127338,0.0006513834,0.000984238,-0.0005749752,0.00010753121,-0.00019452802,-0.00021075332,0.00045370116,0.00022609634,-0.001171367
volume_sn_voxels::v831,0.00046173777,0.0007195468,0.0005762058,-0.00033368138,4.8656322e-05,-0.00054721034,-0.00029584457,0.00020471716,0.0003203573,-0.0010624261
volume_sn_voxels::v832,0.00042726408,0.0008025522,0.00034221122,-3.1040472e-05,5.9771487e-06,-0.00091504515,-0.00043007478,-8.800243e-05,0.00042243095,-0.00081064395
volume_sn_voxels::v833,0.00036351618,0.00088038924,0.00017947878,0.00032783937,-4.0765444e-05,-0.0010116557,-0.0003793179,-0.00030222273,0.00035393887,-0.00036375134
volume_sn_voxels::v834,0.0003127243,0.00086719735,-6.0749604e-05,0.0005674251,-3.0463249e-05,-0.00091629085,-0.00031853476,-0.0003588108,0.00016189694,-4.007996e-05
volume_sn_voxels::v835,0.00027754882,0.00093386957,-0.00014489253,0.0008730793,3.736817e-05,-0.00061832555,-0.0002747966,-0.00043273997,7.5705466e-05,0.00019729022
volume_sn_voxels::v836,0.00028660859,0.0011174439,-0.0003356581,0.0011622059,0.00014100404,2.2907356e-05,-0.00025123404,-0.00042268576,-4.2878983e-06,0.00032485384
volume_sn_voxels::v837,0.00021196675,0.0011150581,-0.00042429246,0.001655345,0.00024597964,0.0007880321,-0.00019317439,-0.00035079897,-2.5464222e-05,0.0004455126
volume_sn_voxels::v838,0.0003386928,0.00039585997,0.0009767743,-0.00061796757,0.00025534423,-0.00027406352,-7.557871e-05,0.0004122842,-0.00017471581,-0.0011583131
volume_sn_voxels::v839,0.0003673605,0.0006071293,0.00078456633,-0.0004447568,0.00015555097,-0.00038248373,-0.00020167175,0.00030709492,4.6574023e-05,-0.0010726497
volume_sn_voxels::v840,0.00038505372,0.0008291666,0.0006576253,-0.00017630252,5.394305e-05,-0.0007405132,-0.00032616578,0.00015993109,0.00032161118,-0.0010193209
volume_sn_voxels::v841,0.00040217128,0.001036105,0.0004311872,0.00023041341,4.7768004e-05,-0.0010572884,-0.00045788428,-9.902457e-05,0.00039246882,-0.00069526007
volume_sn_voxels::v842,0.00029806755,0.00094430055,8.705664e-05,0.00054311525,7.2260525e-05,-0.0009047262,-0.00038397123,-0.00022957793,0.00029782552,-0.00021772934
volume_sn_voxels::v843,0.00028951166,0.0008634142,-4.3556578e-05,0.0009174443,9.817636e-05,-0.0007405003,-0.0003825681,-0.00027638138,0.00018786258,0.00010598372
volume_sn_voxels::v844,0.00026640907,0.0009440093,-0.00020399697,0.0011354256,0.0001752676,-0.0003090785,-0.0003865218,-0.00031717378,0.00013344263,0.00037029208
volume_sn_voxels::v845,0.00030952884,0.0013386429,-0.00037796472,0.0017091113,0.0003561408,0.0005221663,-0.00037266256,-0.0003801143,5.0984527e-05,0.0008482597
volume_sn_voxels::v846,0.00033507167,0.0004697888,0.0007900451,-0.00057101634,0.00025529388,-0.00043508777,-5.410095e-05,0.00022667625,-0.0003204391,-0.001088608
volume_sn_voxels::v847,0.00035020005,0.000729911,0.0007854295,-0.00030101318,0.0001489407,-0.00053925894,-0.00022286389,0.00016081752,-2.546433e-05,-0.0010612978
volume_sn_voxels::v848,0.00040657143,0.0009867188,0.0005410669,5.321098e-06,8.508443e-05,-0.0007440658,-0.00040400962,7.91772e-07,0.00021130867,-0.0009841416
volume_sn_voxels::v849,0.0003456199,0.0009944094,0.00034404977,0.00052085944,7.622131e-05,-0.0008376239,-0.00045527806,-3.6357305e-05,0.00036548675,-0.00056953594
volume_sn_voxels::v850,0.00031342567,-3.273936e-05,-8.846378e-05,-0.0003822325,-0.00037913583,0.00016707687,0.0009755283,-0.00066331605,0.00017297917,-4.7547554e-05
volume_sn_voxels::v851,0.0003919626,3.6387704e-05,-0.00032044062,-0.0005139401,-0.00022164905,0.00019662328,0.00061292725,-0.00045816417,3.7339487e-05,-0.00014591853
volume_sn_voxels::v852,0.00031607947,7.459903e-05,-0.0003720349,-0.00047110958,-8.992282e-05,0.00021687773,0.00034782654,-0.00021622551,-9.4221345e-05,-0.00010716824
volume_sn_voxels::v853,0.000310213,0.00022066942,-0.0002993796,-0.00024352028,0.00012872831,0.00026381048,0.00013075022,-9.890041e-05,-0.00022162232,-5.9697013e-05
volume_sn_voxels::v854,0.00040786853,9.120774e-06,-0.00027801475,-0.00059976766,-0.00032886132,0.00026961786,0.0006778537,-0.0005351945,7.301234e-05,-8.4591666e-05
volume_sn_voxels::v855,0.00038536923,-2.3165834e-05,-0.0004909848,-0.0005900814,-0.0001038079,0.00021543265,0.00032659105,-0.0002585666,-4.0874205e-05,-0.00017192225
volume_sn_voxels::v856,0.0003982728,2.5455001e-05,-0.00045024484,-0.0006140556,-4.6781686e-05,0.00020349922,7.971108e-05,-5.350498e-05,-0.00018062485,-0.00022622703
volume_sn_voxels::v857,0.00036551338,0.00012291693,-0.00039510935,-0.0004698815,7.217387e-05,0.0002317092,-7.3190927e-06,-5.7332004e-06,-0.00031149248,-0.00013977021
volume_sn_voxels::v858,0.00031976317,0.00024307916,-0.00019843341,-0.00010835232,0.00021765365,0.00029281055,-1.953408e-05,7.086024e-05,-0.00035550806,-5.6931567e-05
volume_sn_voxels::v859,0.00042563537,-3.9962117e-05,-0.00040512308,-0.000609864,-0.00020466764,0.00017947002,0.0004063103,-0.0002596642,-1.4161694e-05,-0.00018188606
volume_sn_voxels::v860,0.0003563653,-5.302678e-05,-0.0005240684,-0.00066725025,-9.115969e-05,0.00022872939,2.2369039e-05,-1.3047082e-05,-0.00012675399,-0.00027174974
volume_sn_voxels::v861,0.00035768747,-4.4892848e-05,-0.00054333435,-0.00065394794,1.1061813e-07,0.00021296795,-6.0451996e-05,4.4170003e-05,-0.00027264113,-0.00023081264
volume_sn_voxels::v862,0.00037609422,0.00010028153,-0.0004515604,-0.00047087768,8.338462e-05,0.00020704111,-8.404698e-05,0.00012287976,-0.00033648094,-0.0002515354
volume_sn_voxels::v863,0.0003883947,0.00014361489,-0.00025191798,-0.00025969153,0.0001349217,0.00021634802,1.4005968e-05,0.0001880646,-0.00032817508,-0.00017496907
volume_sn_voxels::v864,0.00042615036,-6.08893e-05,-0.000584626,-0.0006638839,-0.00013818766,0.00028232564,0.00018445667,-0.00010108442,-5.6707835e-05,-0.0003460124
volume_sn_voxels::v865,0.00035159054,-2.3519908e-05,-0.0005828554,-0.0006488082,-3.7013877e-05,0.00023831427,-5.8020796e-05,8.590523e-05,-0.00021447898,-0.00030288353
volume_sn_voxels::v866,0.00030879586,-7.0768576e-05,-0.00058365765,-0.0005678724,-3.8058482e-05,0.00025795202,-0.00016635779,0.00018856974,-0.00028665212,-0.00030232503
volume_sn_voxels::v867,0.00032470046,2.4208652e-05,-0.00051840284,-0.0004472115,5.1976025e-05,0.00032623785,-9.7892815e-05,0.00016834545,-0.00034659487,-0.00036009183
volume_sn_voxels::v868,0.00039824547,8.6409265e-05,-0.00031316106,-0.00019755417,0.00013082712,0.00022428928,0.00010376573,0.0002495229,-0.00042397584,-0.00038655658
volume_sn_voxels::v869,0.00038956784,-5.1168077e-05,-0.0005208577,-0.0005496481,-0.00012784122,0.0002556154,6.264206e-05,3.8076265e-05,-6.1716564e-05,-0.00049299805
volume_sn_voxels::v870,0.00039135243,-2.9358313e-05,-0.0006618969,-0.0005971113,-6.133008e-05,0.0002786986,-0.00011938351,0.00019992796,-0.00021136184,-0.00047755495
volume_sn_voxels::v871,0.00034916622,-3.8966133e-05,-0.00062051613,-0.00047095589,-3.4254506e-05,0.00029493903,-0.000120094264,0.00025286077,-0.00032642702,-0.0005155443
volume_sn_voxels::v872,0.0003206941,-1.5620797e-05,-0.0005758479,-0.00035768028,5.259201e-06,0.00036344724,-1.8412242e-05,0.00026686193,-0.00036749692,-0.00055467413
volume_sn_voxels::v873,0.00033427254,4.114684e-05,-0.00034629492,5.234172e-05,1.8532213e-05,0.00046780752,0.0003715176,0.00030574764,-0.00039061173,-0.0006784157
volume_sn_voxels::v874,0.00042439636,4.1225e-05,-0.0005492856,-0.00039385012,-0.00021973901,0.0001787389,0.0002125304,-0.00010696487,0.00020238048,-0.00047462358
volume_sn_voxels::v875,0.00041793528,3.947981e-06,-0.0006065302,-0.0004600931,-0.00017256738,0.00025766683,-5.481775e-05,9.786748e-05,-6.275814e-05,-0.00056347525
volume_sn_voxels::v876,0.00036815816,-8.127189e-06,-0.0006066356,-0.0004459164,-8.031388e-05,0.00024235995,-0.00015819822,0.0002626626,-0.0001771024,-0.0005878209
volume_sn_voxels::v877,0.00031801633,-5.2549785e-05,-0.00062045123,-0.0003602035,-0.0001015144,0.0004338061,-4.6556288e-05,0.00035188982,-0.000314025,-0.000624828
volume_sn_voxels::v878,0.00027267318,-2.3728673e-05,-0.00053860596,-5.2553005e-05,-5.643966e-05,0.000498464,0.00027559488,0.00029995377,-0.00031083342,-0.0007048749
volume_sn_voxels::v879,0.00020877169,-7.071472e-05,-0.00026359395,0.0004375926,-0.00012646454,0.0006636242,0.00074920745,0.00032506205,-0.00018169223,-0.0007336394
volume_sn_voxels::v880,0.00046553044,0.0001457501,-0.00039825268,-0.00025555838,-0.00029577644,-1.3561849e-05,0.00020463786,-0.0003668309,0.00040864252,-0.00042437148
volume_sn_voxels::v881,0.00041880546,0.000122987,-0.0005462474,-0.00029238156,-0.00021149666,4.242251e-05,1.7681807e-05,-3.9590515e-05,0.0002191842,-0.0005654839
volume_sn_voxels::v882,0.0004086944,3.323899e-05,-0.00061148027,-0.00034968954,-0.00022978697,0.00017728812,-0.00013381947,0.00015565682,4.179527e-05,-0.0007700508
volume_sn_voxels::v883,0.00031267924,3.4510536e-05,-0.0006151204,-0.00021737712,-0.00019199951,0.00027582954,-4.1769166e-05,0.00027901676,-0.00016253127,-0.0008368706
volume_sn_voxels::v884,0.0002586513,-2.5841558e-05,-0.00064807903,-4.6662957e-05,-0.00014554383,0.000561138,0.00012635945,0.0002909045,-0.0001795132,-0.0009775378
volume_sn_voxels::v885,0.0001803119,-0.00012409373,-0.00048529147,0.00036662043,-0.00020291121,0.0007230251,0.0006840619,0.0003359928,-0.00020735078,-0.0010161643
volume_sn_voxels::v886,9.823625e-05,-0.00011209427,-0.00018177918,0.0006110023,-0.0001935886,0.0006763646,0.0010729975,0.00022908227,-7.282075e-05,-0.0007640216
volume_sn_voxels::v887,0.0004298369,0.000253542,-0.00045051402,-0.000107279775,-0.00031289918,-0.00015118296,2.655349e-05,-0.00029315337,0.0003346504,-0.0004926474
volume_sn_voxels::v888,0.000449999,0.00026746877,-0.0005317947,-0.00016298635,-0.00029687962,-0.00012124038,-8.5412714e-05,-0.0001036701,0.0002510469,-0.0006922298
volume_sn_voxels::v889,0.0003909746,0.00018622736,-0.0006287139,-0.00015628361,-0.00023977133,4.1061478e-05,-0.00014016009,0.00014756965,4.571844e-05,-0.00085016625
volume_sn_voxels::v890,0.00039377142,0.00013738828,-0.0006277136,3.590768e-05,-0.00022036947,0.00033384832,-1.9312427e-05,0.0002290679,-2.653541e-05,-0.0009978472
volume_sn_voxels::v891,0.0002686449,1.9645355e-05,-0.0006806912,0.00031577193,-0.000271381,0.0005571975,0.00029996072,0.00023127685,-8.164384e-05,-0.0011448525
volume_sn_voxels::v892,0.00013297569,-0.00016055457,-0.0003909296,0.0005773902,-0.00024363137,0.0007994149,0.00080596725,0.00021523573,-2.891056e-06,-0.000997834
volume_sn_voxels::v893,4.17726e-05,-0.00018530477,-0.00016130591,0.0006939917,-0.00027736105,0.0006358886,0.0012287414,0.00017650897,0.00012754592,-0.0007085949
volume_sn_voxels::v894,0.0005266841,0.0004004798,-0.00029733675,-3.7739555e-05,-0.00027250234,-0.0003237084,5.224523e-06,-0.00044685806,0.0005647386,-0.00043737245
volume_sn_voxels::v895,0.00047379962,0.00044099722,-0.000465736,-7.57837e-05,-0.0003493309,-0.00040375133,-6.6673725e-05,-0.000297404,0.00033243067,-0.0005743648
volume_sn_voxels::v896,0.00041924015,0.0004078177,-0.00056689937,-2.7048764e-05,-0.00029218665,-0.0003069194,-9.825095e-05,-0.00022110112,0.00024498627,-0.0006624723
volume_sn_voxels::v897,0.0003865089,0.00027224378,-0.00054657506,6.0092752e-05,-0.0003438712,-7.2961215e-05,-9.334102e-05,-5.0059618e-05,0.00014542791,-0.00088601874
volume_sn_voxels::v898,0.00033409355,0.00027257792,-0.00056580274,0.00032795715,-0.00025000345,0.00035185632,6.399076e-05,5.6914843e-05,6.2573265e-05,-0.00092612713
volume_sn_voxels::v899,0.00022429336,0.0001856072,-0.00061306846,0.0006837047,-0.00024699233,0.0007223739,0.00051037676,0.00016068837,6.334604e-05,-0.0010717873
volume_sn_voxels::v900,6.6732515e-05,-3.5701618e-05,-0.00034536523,0.0008311757,-0.00016191711,0.00092233694,0.00093950913,0.00011841279,0.00012021011,-0.0009139702
volume_sn_voxels::v901,2.0524436e-05,-0.00013723051,-0.00011523152,0.00064347545,-0.0002047762,0.00070622045,0.0010193706,8.286375e-05,0.00013471449,-0.0006102942
volume_sn_voxels::v902,0.0004682113,0.0005388604,-0.00020537953,1.4135304e-05,-0.00025598178,-0.00061324675,-0.00010211233,-0.00042034345,0.00048577067,-0.00043710478
volume_sn_voxels::v903,0.00042987242,0.00057184516,-0.0003253826,6.997863e-05,-0.00030150072,-0.00072543224,-7.4440184e-05,-0.0003907737,0.00035667742,-0.00046350065
volume_sn_voxels::v904,0.00039789028,0.000567574,-0.00040755654,0.00016002348,-0.000280327,-0.00046116122,-7.386223e-05,-0.00033501227,0.00019820122,-0.00047266236
volume_sn_voxels::v905,0.00040750747,0.0004905194,-0.0005746045,0.00033078753,-0.0003107574,-0.00017554506,2.506147e-05,-0.00020959697,0.00012422612,-0.0006066708
volume_sn_voxels::v906,0.00034065018,0.0004946408,-0.00056662265,0.00051251956,-0.0002821759,0.0002902518,0.00020474031,-0.00010561651,8.1451624e-05,-0.0007224022
volume_sn_voxels::v907,0.00025752443,0.00036298035,-0.0005642087,0.0010480891,-0.00019779331,0.0009748401,0.0005517226,9.923302e-06,0.00010949859,-0.0009442294
volume_sn_voxels::v908,9.863017e-05,0.00013548262,-0.00045977315,0.0011737882,-0.000222365,0.0012729277,0.0011133284,8.4768864e-05,0.00016944298,-0.0007793999
volume_sn_voxels::v909,5.4498792e-05,-0.000112019196,-0.00016468487,0.0007895985,-0.00022264247,0.0008276162,0.0012344626,0.00015039653,0.00019672101,-0.00043372635
volume_sn_voxels::v910,0.00042595042,0.0006919444,-6.760689e-05,6.0319704e-05,-0.0002522371,-0.0009051242,-0.00015405424,-0.00040145026,0.00040031437,-0.00037149183
volume_sn_voxels::v911,0.00042999827,0.0006531824,-0.00028707905,0.00019962079,-0.0003211138,-0.00085753354,-9.91159e-05,-0.0004538128,0.00023616194,-0.00033750423
volume_sn_voxels::v912,0.00038904708,0.00064843684,-0.00036890904,0.00034137286,-0.00030799038,-0.00063255656,-2.529896e-05,-0.0003800822,0.000174123,-0.0003601999
volume_sn_voxels::v913,0.00037885658,0.00069188216,-0.00047701798,0.0005288173,-0.00025676278,-0.00024395049,4.5634577e-05,-0.00036298373,0.0001392512,-0.00043515433
volume_sn_voxels::v914,0.00030117706,0.0006666992,-0.00056427764,0.00082994625,-0.0001866034,0.00048403384,0.00022177234,-0.00021242756,0.00012927604,-0.000524122
volume_sn_voxels::v915,0.00017649934,0.00057056086,-0.0006054226,0.0012250672,-9.989923e-05,0.0010811846,0.0005179508,-0.00013069223,0.00018867513,-0.00049305754
volume_sn_voxels::v916,0.00011937709,0.00035012886,-0.0005854569,0.0013350453,-3.0559026e-05,0.0013011745,0.0009132869,1.914082e-05,0.00018701851,-0.00035437566
volume_sn_voxels::v917,0.00045270563,0.00076892093,0.00020725105,-8.954257e-05,-0.00023449173,-0.0007674057,-0.00028750204,-0.00022609114,0.00047966262,-0.00064861466
volume_sn_voxels::v918,0.0003749547,0.0007789504,-4.3839333e-05,0.00012852195,-0.00022062339,-0.0009822481,-0.0002032274,-0.0003267979,0.00030706957,-0.0004064671
volume_sn_voxels::v919,0.0003477053,0.0007197715,-0.00015553064,0.00038132435,-0.00024098893,-0.0010091393,-0.00014124045,-0.00042114753,0.00019557633,-0.00016755186
volume_sn_voxels::v920,0.00035466577,0.00070452405,-0.00035224267,0.00043597032,-0.00020320299,-0.00066441146,-8.6786036e-05,-0.0003778011,0.00013988842,-0.00011083894
volume_sn_voxels::v921,0.0003463819,0.0008046608,-0.0005300636,0.00073620415,-0.00013214292,-0.0001776664,2.7323127e-05,-0.0004041082,9.138456e-05,-8.5289386e-05
volume_sn_voxels::v922,0.0003096448,0.0008956151,-0.0005470316,0.0009967684,-8.090195e-05,0.0006079972,0.0002293772,-0.00031362876,0.00018061562,-3.6873764e-05
volume_sn_voxels::v923,0.00020021308,0.0008053,-0.0006063152,0.0013988898,7.51363e-05,0.0012316884,0.00044079882,-0.00017606541,0.00020302295,-7.355972e-06
volume_sn_voxels::v924,6.450573e-05,0.00049728807,-0.00046039023,0.0014341744,0.000105576204,0.0014877949,0.000744349,5.6878675e-06,0.00022304029,4.335341e-05
volume_sn_voxels::v925,0.00044374834,0.00067323504,0.00045304006,-0.00027392773,-0.00019230925,-0.0006217437,-0.00022820201,-6.2580475e-05,0.00039461648,-0.00083777035
volume_sn_voxels::v926,0.0003789928,0.0008557464,0.00022086651,-3.780144e-05,-0.00018945517,-0.00089843053,-0.00029853548,-0.00023303535,0.0003585449,-0.00067037356
volume_sn_voxels::v927,0.00032957905,0.00078444445,7.4748605e-05,0.00020968208,-0.00021192286,-0.00094385643,-0.00023477025,-0.00031691729,0.00029780384,-0.00028036552
volume_sn_voxels::v928,0.00039544475,0.000882792,-0.000105912484,0.000556693,-0.00017360532,-0.00096691115,-0.00017629362,-0.00043036905,0.00018405214,-4.6678724e-05
volume_sn_voxels::v929,0.00031323291,0.0007936034,-0.00024844057,0.00070803415,-0.00013468642,-0.0005188936,-8.19744e-05,-0.000381933,7.570154e-05,0.00011853198
volume_sn_voxels::v930,0.00035125716,0.0009358597,-0.0004329066,0.0010172769,-6.41841e-05,3.9705807e-05,2.8312104e-05,-0.00039809462,0.00018189556,0.00031752177
volume_sn_voxels::v931,0.00025420665,0.0009930764,-0.00054760755,0.0013131718,0.000101353944,0.0008459463,9.81152e-05,-0.00027784045,0.00018882978,0.00037353762
volume_sn_voxels::v932,0.0001849971,0.0006986942,-0.0004905993,0.0014060555,0.00018040542,0.0013250211,0.00030850628,-0.00014476254,0.00023521011,0.00036993303
volume_sn_voxels::v933,0.00044358443,0.000628833,0.0006743808,-0.00057347066,-0.00014275753,-0.0006925535,-0.00017587833,0.00012779284,0.00016909168,-0.0012402759
volume_sn_voxels::v934,0.00033044608,0.000680995,0.0004056533,-0.0002486137,-0.0001773438,-0.0007185891,-0.00021377266,-3.415664e-05,0.00026279825,-0.00090123195
volume_sn_voxels::v935,0.00033783092,0.00075521885,0.00020310783,8.9679255e-05,-0.00014637188,-0.000851836,-0.00030902005,-0.00015309089,0.00033350431,-0.0005713077
volume_sn_voxels::v936,0.00034904026,0.00090575864,3.8593153e-05,0.00042338672,-0.00017337642,-0.00093789556,-0.00024744374,-0.00021067614,0.00034896468,-0.0002415632
volume_sn_voxels::v937,0.000325114,0.0008481495,-9.853448e-05,0.0006852849,-7.507954e-05,-0.00083000987,-0.00021064865,-0.0002625299,0.0002533356,3.2338594e-05
volume_sn_voxels::v938,0.00034084628,0.0008116151,-0.0002307196,0.0008512481,-5.4148044e-05,-0.00038550387,-0.00011816586,-0.00026583739,0.00021478398,0.00039466997
volume_sn_voxels::v939,0.00036283632,0.0010658355,-0.00045822162,0.0012702516,6.569143e-05,0.00033764116,2.1279193e-05,-0.00023026827,0.00021178601,0.00071361364
volume_sn_voxels::v940,0.00024841167,0.00079007994,-0.00039411394,0.0011899258,0.00016861076,0.00095615356,0.00012904401,-0.00010378354,0.0002146801,0.00073513
volume_sn_voxels::v941,0.00021608843,0.00055401766,-0.00038976572,0.001081612,0.00012873411,0.0011758562,0.00028346543,7.182041e-06,0.00024556147,0.0006619135
volume_sn_voxels::v942,0.00036722262,0.00059585046,0.0004778691,-0.000396111,-0.00018146551,-0.0006332062,-0.00013879861,1.4805381e-05,5.0110717e-05,-0.0009851732
volume_sn_voxels::v943,0.00034188444,0.0006837073,0.00029046135,-0.00013137581,-0.00015619895,-0.0006749213,-0.00017520603,-6.2893734e-05,0.00018036613,-0.0007578998
volume_sn_voxels::v944,0.00031014523,0.0006936001,0.00018418697,0.00020437439,-0.00013628093,-0.00092467136,-0.00020442402,-9.276326e-05,0.000328923,-0.000518267
volume_sn_voxels::v945,0.0003258901,0.0008264003,0.000116611576,0.0005596843,-8.955954e-05,-0.0008884636,-0.00023449083,-0.000100871875,0.00043509054,-0.00016256623
volume_sn_voxels::v946,0.00038750248,0.0008669059,-7.330578e-05,0.00087246497,-2.817375e-05,-0.00061020156,-0.00012052773,-6.511235e-05,0.00035565288,0.00023722448
volume_sn_voxels::v947,0.00041983055,0.00084461615,-0.00021658852,0.0011252217,5.2306987e-05,-0.00019296644,-4.5369117e-05,-6.560058e-05,0.00033241487,0.0007742517
volume_sn_voxels::v948,0.00039221774,0.000799587,-0.00032165693,0.0011996587,0.00011377649,0.0005757831,0.00015557942,-4.473107e-06,0.00030131178,0.0010137144
volume_sn_voxels::v949,0.00025245233,0.0004661176,-0.00025812665,0.0008663009,0.00016293683,0.00088307826,0.00024043958,1.2116976e-05,0.00028386794,0.0009203704
volume_sn_voxels::v950,0.0001551654,-0.00021873975,0.0004432004,0.00037873207,-0.0001798338,-0.00033494257,0.0008188353,-4.2354128e-05,-0.00019868667,-0.00015779796
volume_sn_voxels::v951,0.0001418968,-0.0003847016,0.00033533204,0.0005475994,-0.00043857776,-0.0003124014,0.0007353591,-3.4922534e-05,-0.00023499117,-0.0004916893
volume_sn_voxels::v952,0.00014333929,-0.00039796895,0.00019602165,0.0006187288,-0.00064404804,-0.00019330955,0.00062526664,-5.789994e-05,-0.00028924027,-0.0006821691
volume_sn_voxels::v953,0.00022252493,-0.00020068944,0.00044016598,0.00043836283,-0.000157279,-0.00030898929,0.00069880043,8.454256e-05,-0.00014610763,-0.0003607846
volume_sn_voxels::v954,0.0002218952,-0.00024169331,0.00024418632,0.0005905429,-0.00038059015,-0.00032601834,0.0005532957,5.7034307e-05,-0.00017210872,-0.00066513283
volume_sn_voxels::v955,0.00017858174,-0.00037405713,0.00014390014,0.0006896219,-0.0006433111,-0.00029713154,0.00045884307,2.5863206e-05,-0.00020191466,-0.00082847016
volume_sn_voxels::v956,0.00015581479,-0.00044267988,4.966657e-05,0.0007473282,-0.0008608505,-0.0002601231,0.00043523283,-8.620672e-05,-0.0002758222,-0.0008883724
volume_sn_voxels::v957,0.00028710396,-0.00024821656,0.00022929862,0.00079455157,-0.00047301716,-0.00034080754,0.00046465138,0.00014996697,-0.00014900457,-0.0007642309
volume_sn_voxels::v958,0.00022737234,-0.0003221871,8.294486e-05,0.00074249634,-0.00058138644,-0.0003247569,0.0003141728,0.00012795534,-0.00015628309,-0.00081295357
volume_sn_voxels::v959,0.00021769592,-0.00037483528,4.951842e-05,0.00080524996,-0.00077087595,-0.00032599,0.0002475682,-5.1954506e-05,-0.0001881454,-0.00088390056
volume_sn_voxels::v960,0.00020457106,-0.0005294053,-3.4056968e-05,0.0007337711,-0.0008826305,-0.00024782537,0.00032497302,-0.000224123,-0.0002572131,-0.00081186974
volume_sn_voxels::v961,0.00021912418,-0.0003961747,-0.00010364781,0.00068725646,-0.0009140998,-0.00021329406,0.00040264864,-0.00039829398,-0.0002767585,-0.00085801125
volume_sn_voxels::v962,0.0002834825,-0.0003196284,-0.00010479442,0.00063251425,-0.00091585686,-0.00011404813,0.0004813057,-0.0006007076,-0.0002810099,-0.0008792268
volume_sn_voxels::v963,0.00029103504,-0.00025470255,-9.366451e-05,0.0005793534,-0.0007733224,7.771087e-05,0.00050449907,-0.00082185515,-0.0002947713,-0.00081068306
volume_sn_voxels::v964,0.00033637602,-0.00026068575,0.00028764858,0.0008405598,-0.00042261585,-0.00028388842,0.00023709644,0.00031255418,-5.7518624e-05,-0.00070374506
volume_sn_voxels::v965,0.00032003163,-0.0003438777,7.9732104e-05,0.00084471045,-0.0006536154,-0.0003131069,0.00014830467,0.00016181747,-5.889165e-05,-0.0007633195
volume_sn_voxels::v966,0.000268387,-0.00049709104,2.5712814e-05,0.00072971673,-0.0007574403,-0.0002889595,8.842984e-05,5.0658728e-05,-0.00016369305,-0.00075012166
volume_sn_voxels::v967,0.00029534858,-0.00057463086,-5.0000555e-05,0.0007305765,-0.0008598523,-0.0003595525,0.00014180955,-0.00017861022,-0.0002910576,-0.0007211438
volume_sn_voxels::v968,0.00026936518,-0.00047695116,-0.0001412939,0.00058152433,-0.0009621214,-0.00028992075,0.00026488872,-0.00053674664,-0.0004364869,-0.00086243276
volume_sn_voxels::v969,0.00029806906,-0.00043663292,-0.00019707713,0.0005904236,-0.0010449978,-0.0002536762,0.00031923462,-0.0009438546,-0.00053208915,-0.0009852746
volume_sn_voxels::v970,0.0002673865,-0.0002112875,-0.00025537907,0.00046727541,-0.000836527,-3.0783674e-05,0.00032495923,-0.0012830622,-0.00066468667,-0.0008572285
volume_sn_voxels::v971,0.0002588968,-2.4060244e-05,-0.00018157801,0.00048070712,-0.00047353932,0.0002040769,0.00018726848,-0.0012446454,-0.000583606,-0.00041800723
volume_sn_voxels::v972,0.0003014816,-0.00040464482,0.00015296982,0.00088993204,-0.0005534417,-0.0002180001,-8.3715466e-05,0.00022134274,-1.1522256e-05,-0.0005205754
volume_sn_voxels::v973,0.0003579566,-0.0005764791,4.3097818e-05,0.0008235037,-0.00087293336,-0.00031930016,-8.260523e-05,0.000100534024,-0.000117945194,-0.00054111565
volume_sn_voxels::v974,0.00034687287,-0.00059997785,-5.275536e-05,0.0007767745,-0.0008953345,-0.00035768913,-2.910301e-05,-0.0001657534,-0.00033799783,-0.00072185433
volume_sn_voxels::v975,0.0003734497,-0.00064507616,-0.00015852891,0.0006290417,-0.0010858964,-0.0004492363,3.7843347e-05,-0.0006250737,-0.0005300915,-0.0008291644
volume_sn_voxels::v976,0.00041485738,-0.0005107415,-0.00019164197,0.0005194346,-0.0010977997,-0.0003750988,0.00017000857,-0.0010899351,-0.0007646537,-0.00089764385
volume_sn_voxels::v977,0.0003056158,-0.00025958417,-0.00027439115,0.00034407197,-0.00081070507,-0.00022116759,0.00021633529,-0.0012297449,-0.00078377884,-0.0007101037
volume_sn_voxels::v978,0.00029717703,-0.00011155654,-0.0001506126,0.00024395222,-0.00046808991,9.57731e-05,0.00013361116,-0.0013730979,-0.00091236504,-0.00044227767
volume_sn_voxels::v979,0.00032381827,-0.00036987907,0.00017006294,0.00094458397,-0.00050875405,-8.919271e-05,-0.00024335131,0.00021896887,-3.7635862e-05,-0.00044163913
volume_sn_voxels::v980,0.00033640646,-0.00050815055,0.0001315647,0.0008167719,-0.00066439563,-0.00022151887,-0.00027871327,4.572658e-05,-0.0001309066,-0.0004756455
volume_sn_voxels::v981,0.00035404437,-0.00057981326,4.5372894e-05,0.00066863326,-0.000738196,-0.00030357778,-0.00019826318,-0.00018902666,-0.00026831302,-0.00044947644
volume_sn_voxels::v982,0.00038021218,-0.00059258734,-3.864956e-05,0.0004975924,-0.0008482589,-0.00037283316,-0.00017773657,-0.0006124932,-0.00053319096,-0.0006388637
volume_sn_voxels::v983,0.0004030596,-0.00052420003,-0.0001373027,0.0003780289,-0.0009676021,-0.0003826003,-4.741646e-05,-0.0011330261,-0.000840094,-0.0007358519
volume_sn_voxels::v984,0.00030219852,-0.00032899913,-0.00011083648,0.00022143676,-0.000676566,-0.0002488254,2.8887744e-05,-0.001273473,-0.0008268788,-0.0005838522
volume_sn_voxels::v985,0.00026001962,-0.00020164457,-0.00011406211,0.0001459563,-0.00035884592,-1.8850777e-05,4.2157557e-05,-0.001441071,-0.0010041571,-0.00039199027
volume_sn_voxels::v986,0.0003742988,-0.00046889824,0.00010131837,0.00082162983,-0.0006065871,-6.849556e-05,-0.00035980932,-5.1345603e-05,-0.00014998736,-0.00036353568
volume_sn_voxels::v987,0.00037995088,-0.0004962291,4.320464e-05,0.00055311684,-0.0006070295,-0.00017495769,-0.0003180811,-0.00027589794,-0.00029004796,-0.0003972929
volume_sn_voxels::v988,0.00036913058,-0.00054762536,1.375556e-05,0.0004873027,-0.00066943915,-0.00021831071,-0.0002096007,-0.0006311637,-0.0005486561,-0.00040543743
volume_sn_voxels::v989,0.0003981609,-0.00048991153,1.1326024e-05,0.00031657243,-0.0008320108,-0.00029653765,-0.00017335547,-0.0009877558,-0.00078877027,-0.000563138
volume_sn_voxels::v990,0.0003100877,-0.00048783823,-6.7282104e-05,0.00020670745,-0.00063074304,-0.00014885755,-8.424136e-05,-0.0014060746,-0.0010040937,-0.00047601233
volume_sn_voxels::v991,0.0002633629,-0.00029931997,-1.5551284e-05,0.00014595749,-0.00030906504,-3.8479473e-05,-4.350636e-05,-0.0012482422,-0.0009974113,-0.00027199017
volume_sn_voxels::v992,0.00035459123,-0.0003416048,6.5241096e-05,0.00054764946,-0.00040886708,-4.9423423e-05,-0.00036696636,-0.0003290315,-0.00030501158,-0.00024214119
volume_sn_voxels::v993,0.00038602157,-0.00050178444,7.555886e-05,0.00047010503,-0.0005632362,-8.508268e-05,-0.00035028523,-0.0006577388,-0.00052856014,-0.00031287177
volume_sn_voxels::v994,0.00040691157,-0.00048852817,1.8837676e-06,0.00033282102,-0.0006271878,-9.10796e-05,-0.00032112832,-0.0011135667,-0.00073980406,-0.0004033426
volume_sn_voxels::v995,0.0003457625,-0.00038006683,1.7103019e-05,0.00020756306,-0.0005247513,-4.4324068e-05,-0.00020836455,-0.0013956903,-0.0010377583,-0.00037446478
volume_sn_voxels::v996,0.00025188943,-0.00031457585,-2.117636e-05,0.00015823997,-0.00027582565,5.1412808e-05,-7.692198e-05,-0.0014414547,-0.0011354311,-0.00019845479
volume_sn_voxels::v997,0.0003363209,-0.00021256854,2.9911542e-05,0.00059035525,-0.00023873206,0.00010461797,-0.00040375942,-0.00043254186,-0.00037821,-0.00016353035
volume_sn_voxels::v998,0.0003446696,-0.00031493098,5.7884354e-05,0.0004792616,-0.00035680257,9.610864e-05,-0.00042320896,-0.00066651945,-0.00056665414,-0.00022622618
volume_sn_voxels::v999,0.00036771465,-0.00043741651,5.2701576e-05,0.00039935805,-0.00046362294,0.00014288144,-0.00035281823,-0.0010941159,-0.00085489056,-0.00027066199
volume_sn_voxels::v1000,0.0003316004,-0.00030300018,4.8434445e-05,0.00032610618,-0.00034949044,0.00020876837,-0.00024285718,-0.0014341616,-0.0010843702,-0.00020494642
volume_sn_voxels::v1001,0.00020254106,-0.00018565496,8.4164625e-05,0.00040832467,-0.00017169163,0.00033560643,-0.00018816844,-0.0015897396,-0.0013045806,-0.00013591281
volume_sn_voxels::v1002,0.00031482888,-0.00011623277,2.9857852e-05,0.00065485394,-0.00012731292,0.00028489964,-0.00037816883,-0.00054545177,-0.0004202846,-0.00011006382
volume_sn_voxels::v1003,0.0003245268,-0.00018432974,9.415238e-05,0.0007137748,-0.0002596529,0.0004625401,-0.00041260413,-0.0008930093,-0.0007296457,-0.00015419457
volume_sn_voxels::v1004,0.00026348318,-4.483784e-05,7.571909e-05,0.0007576854,-0.00017841197,0.00066154456,-0.000322145,-0.0014641758,-0.0010104525,-0.00010548426
volume_sn_voxels::v1005,6.927157e-05,-0.00041500994,0.0003517913,0.0003005405,-0.00017278596,3.2613777e-06,0.0009960195,-9.401715e-05,-0.00012815089,-0.00023582175
volume_sn_voxels::v1006,7.177825e-05,-0.00037605525,0.00041136012,0.0003310811,-0.00022580425,-4.1883224e-05,0.0008802934,-0.00016897696,-0.00019025756,-0.00026344744
volume_sn_voxels::v1007,9.632663e-05,-0.00045697365,0.00027556845,0.0003116406,-0.00040188213,-2.5624135e-05,0.00083181675,-0.000113503644,-0.0001078864,-0.0003096574
volume_sn_voxels::v1008,9.526639e-05,-0.0003416792,0.00032764568,0.00038249153,-0.00027469784,-0.0001687749,0.00094271346,-0.00015988942,-0.00024953327,-0.00032301518
volume_sn_voxels::v1009,8.692171e-05,-0.00043025299,0.00025215792,0.00044210625,-0.00043984255,-9.80791e-05,0.0006715758,-5.177135e-05,-0.00011127429,-0.00043354015
volume_sn_voxels::v1010,0.00013155205,-0.00032836065,0.00029399298,0.0005116844,-0.000319861,-0.00022105889,0.00079593743,-7.175508e-05,-0.00018482108,-0.00048927905
volume_sn_voxels::v1011,0.0001281764,-0.00040025802,0.0001359875,0.0005544574,-0.00056076027,-0.0001599847,0.00070460036,2.2215972e-06,-0.00010101931,-0.00062946527
volume_sn_voxels::v1012,0.00015502023,-0.00049105455,0.00014175852,0.00053725846,-0.0006609437,-0.00012204828,0.00062825624,-2.9982111e-05,-0.00014826121,-0.0006621455
volume_sn_voxels::v1013,0.0003052026,-0.00017974713,0.00045708704,0.00045210647,-0.00016440457,-0.00040434938,0.0007391852,0.00011318134,-0.0001125324,-0.00034128665
volume_sn_voxels::v1014,0.00022066999,-0.0002611063,0.00027101408,0.00067832065,-0.0003918066,-0.0003652966,0.00059618114,0.00013081607,-0.00011339506,-0.000678027
volume_sn_voxels::v1015,0.0002255604,-0.00035177617,0.00013140305,0.00065921206,-0.00058270304,-0.00023781018,0.00044392952,0.00016850008,-8.845068e-05,-0.0006606257
volume_sn_voxels::v1016,0.00019606724,-0.00040397886,6.8448695e-05,0.00060442183,-0.00068484666,-0.00020175638,0.00045203237,7.33204e-05,-5.489163e-05,-0.0006505171
volume_sn_voxels::v1017,0.00019987844,-0.00045560108,7.574545e-05,0.00055353617,-0.0008454298,-9.850854e-05,0.0005198861,-1.6536815e-05,-4.1167634e-05,-0.0006392275
volume_sn_voxels::v1018,0.00031932633,-0.000114812276,0.00044504,0.00056163,-0.00020218894,-0.00043156953,0.0006023171,0.0003382895,-0.00010209394,-0.0004910384
volume_sn_voxels::v1019,0.00031991547,-0.00027899028,0.00029110364,0.0007384239,-0.00046867452,-0.00031806258,0.00030866062,0.00037078952,8.636973e-06,-0.000682057
volume_sn_voxels::v1020,0.0002909175,-0.0004670494,0.00015686333,0.0007199367,-0.00069758325,-0.0002862335,0.00017306807,0.00035031652,4.647613e-05,-0.0006260916
volume_sn_voxels::v1021,0.00026319304,-0.00043587593,4.8178623e-05,0.0007694505,-0.0008286997,-0.00029014243,0.00016060239,0.00025985055,6.9819093e-06,-0.0006267233
volume_sn_voxels::v1022,0.00025005627,-0.0004962394,4.0598363e-05,0.0006276639,-0.0008171979,-0.00024307577,0.00025101105,4.345572e-05,-1.9607125e-05,-0.0005995978
volume_sn_voxels::v1023,0.00029898234,-0.00044028292,1.4718102e-05,0.00061789254,-0.0008507062,-0.00017867687,0.0003568585,-0.00019807319,1.3618453e-05,-0.0006219511
volume_sn_voxels::v1024,0.00038877202,-0.00015628195,0.0004806187,0.0006568592,-0.00024768585,-0.00030543495,0.00035163492,0.0005834886,-4.862109e-05,-0.00043746887
volume_sn_voxels::v1025,0.0003499661,-0.00032402945,0.00034126407,0.00074953196,-0.0005691661,-0.00028116693,3.2547374e-05,0.0005290478,6.821972e-05,-0.0004870589
volume_sn_voxels::v1026,0.00032998945,-0.00045710115,0.00020135976,0.000797079,-0.0007089725,-0.00026935703,-0.00012976034,0.00046427446,9.3324714e-05,-0.0004186811
volume_sn_voxels::v1027,0.00035880797,-0.0006525539,0.0001606269,0.000802823,-0.0008466873,-0.00027112733,-8.788e-05,0.000411614,5.095814e-05,-0.0003768056
volume_sn_voxels::v1028,0.00038782007,-0.0005980701,6.379571e-05,0.0008306452,-0.0009805516,-0.0003227265,1.4744302e-06,0.00017847144,-7.307936e-05,-0.0005567207
volume_sn_voxels::v1029,0.00038410112,-0.00063149433,-1.8813249e-05,0.00076480076,-0.00103675,-0.00028450385,0.00017630702,-0.00022586496,-0.0001255918,-0.0006294238
volume_sn_voxels::v1030,0.00036641394,-0.00049324386,-0.00010258004,0.000607041,-0.0009266675,-0.00023122737,0.00026010998,-0.0005803218,-0.00016107451,-0.0007074375
volume_sn_voxels::v1031,0.00039043257,-0.0003828541,0.00037551072,0.0008204541,-0.00049390446,-0.0001782635,-0.00015558966,0.00061347056,0.00011557087,-0.0003628886
volume_sn_voxels::v1032,0.00034537818,-0.0005638199,0.00030170774,0.00074996735,-0.00065988,-0.00020218072,-0.00031676187,0.00055723457,0.00016259817,-0.00021065693
volume_sn_voxels::v1033,0.00036736223,-0.0006239632,0.00022617374,0.0007826475,-0.0008304735,-0.00026348556,-0.00033609773,0.0004955888,6.656263e-05,-0.0001850199
volume_sn_voxels::v1034,0.00039286865,-0.00064327364,0.0001634354,0.00066269044,-0.00088571454,-0.00035296986,-0.00021370727,0.00028340344,-6.498613e-05,-0.00032149462
volume_sn_voxels::v1035,0.00043522968,-0.0006904824,3.9326365e-05,0.0006449739,-0.0010513578,-0.00040810762,-0.000119309974,-0.00018016614,-0.00023492928,-0.0004258713
volume_sn_voxels::v1036,0.00041488252,-0.00051787944,-7.2724426e-05,0.0004603476,-0.000992654,-0.00029105344,3.258737e-05,-0.000668162,-0.0004392146,-0.0005297509
volume_sn_voxels::v1037,0.00035903853,-0.00035656407,-0.00012101188,0.0004021166,-0.00070478604,-1.655526e-05,0.00010143938,-0.0010602172,-0.0005981719,-0.00047116276
volume_sn_voxels::v1038,0.00030422723,-1.0978977e-05,-0.0001130052,0.00035883914,-0.00034697482,0.00026866986,2.2910754e-05,-0.0011111127,-0.0005312346,-0.000113673865
volume_sn_voxels::v1039,0.00043008284,-0.00036810405,0.0004276463,0.00090848305,-0.0005099526,-1.3703079e-05,-0.00038062356,0.0006762524,0.00010247346,-0.00033148596
volume_sn_voxels::v1040,0.00034257484,-0.00057594717,0.00031768714,0.0008274046,-0.00065182237,-0.0001192916,-0.0004516695,0.00055400515,0.00016812081,-0.00015487756
volume_sn_voxels::v1041,0.00039402873,-0.00060346106,0.0002885917,0.00071477355,-0.0007867299,-0.00018684621,-0.00041816846,0.0004233882,6.0825278e-05,-0.00012339308
volume_sn_voxels::v1042,0.00040443894,-0.0006518671,0.00022052326,0.0005468885,-0.0008659766,-0.00027130853,-0.00039556168,0.00021070978,-5.397908e-06,-0.00016060504
volume_sn_voxels::v1043,0.00043633574,-0.0005985104,0.00010867202,0.0004330005,-0.0009057247,-0.00020423267,-0.00029902722,-0.00010979013,-0.00022658458,-0.0002644726
volume_sn_voxels::v1044,0.00046911745,-0.0005857684,7.3463765e-05,0.00030600902,-0.0009211895,-0.00024962457,-0.0002180363,-0.0006028143,-0.0004887269,-0.00033703836
volume_sn_voxels::v1045,0.00040329547,-0.0003447478,-6.5029317e-06,0.00020670671,-0.0006655519,-0.00014501609,-0.00011686717,-0.0009658039,-0.0007370121,-0.00031396537
volume_sn_voxels::v1046,0.0003230115,-0.000118510034,-8.390603e-06,0.00016517109,-0.00032371527,8.8001536e-05,-0.0001130844,-0.0012809663,-0.0008353449,-0.00012171003
volume_sn_voxels::v1047,0.00039086406,-0.00050253817,0.00028691144,0.0008670843,-0.00064374873,3.246427e-05,-0.00061048486,0.00041595372,5.1675564e-05,-0.000135148
volume_sn_voxels::v1048,0.00041485156,-0.0005171568,0.00022762285,0.00067513314,-0.0006641716,-9.642156e-05,-0.00049298856,0.00026202697,-1.7763767e-06,-0.00014436827
volume_sn_voxels::v1049,0.0003772779,-0.00054668775,0.00025954613,0.0004555984,-0.00078221643,-0.00016552178,-0.0004167076,4.711894e-05,-3.29905e-05,-0.00014804605
volume_sn_voxels::v1050,0.00039873936,-0.00049311796,0.00018791073,0.00033548308,-0.0007342993,-0.00020239624,-0.0003535958,-0.0002402025,-0.00021221457,-0.00016670587
volume_sn_voxels::v1051,0.0004562333,-0.00048632597,0.00013915251,0.00021916717,-0.0007613746,-0.00019956683,-0.00032254652,-0.00063738535,-0.0003902868,-0.00023830277
volume_sn_voxels::v1052,0.00045417625,-0.0004747454,7.878086e-05,0.00011271009,-0.0006411958,-0.00017267647,-0.00030645487,-0.001151011,-0.0007684414,-0.00027758675
volume_sn_voxels::v1053,0.0003576828,-0.000344032,0.00010211922,3.7456073e-05,-0.00034944742,1.1722082e-05,-0.00020455179,-0.001458755,-0.00095875777,-0.00015456231
volume_sn_voxels::v1054,0.00021845882,-0.00016155122,6.077984e-05,8.382704e-05,6.889767e-05,0.00016612273,-0.00015674469,-0.0012821426,-0.00097428553,4.1867195e-05
volume_sn_voxels::v1055,0.00038552438,-0.0004112633,0.00013262933,0.0006892835,-0.0005098212,2.9141467e-05,-0.00053976855,8.4081476e-05,-0.00012224968,-0.00010070365
volume_sn_voxels::v1056,0.0004003664,-0.0006082337,0.00020981465,0.00047538299,-0.0006458924,-9.076545e-05,-0.00054347346,-0.0001215695,-0.00017013213,-7.483707e-05
volume_sn_voxels::v1057,0.0004152775,-0.00052729214,0.00021853321,0.00028624653,-0.00070793537,-9.746071e-05,-0.00056768354,-0.0003753685,-0.00029219154,-0.00014711326
volume_sn_voxels::v1058,0.00040652684,-0.00054119236,0.00018798785,0.00014961204,-0.0006920134,-9.70779e-05,-0.0004922476,-0.00070216414,-0.00054572435,-0.00016456036
volume_sn_voxels::v1059,0.0004160567,-0.00050441147,0.00025477775,6.344127e-05,-0.0006374058,-6.428499e-05,-0.00046096172,-0.0013425997,-0.00086740515,-0.00018870477
volume_sn_voxels::v1060,0.00031299365,-0.00033215925,0.00016978003,-1.058926e-05,-0.00023366093,7.92157e-06,-0.00030252142,-0.0014347829,-0.0010066099,-0.00012250227
volume_sn_voxels::v1061,0.0003981818,-0.00017818112,2.630278e-05,0.0006965793,-0.00030224008,0.00023803201,-0.0006230282,-0.00011699667,-0.00024354641,-4.3778837e-05
volume_sn_voxels::v1062,0.0004314169,-0.00040772877,0.00011688545,0.0005292696,-0.00046709628,8.5251915e-05,-0.0006090837,-0.00025490733,-0.00028891308,-0.000100176796
volume_sn_voxels::v1063,0.00039636026,-0.00047063478,0.0002120647,0.00026709627,-0.00059481204,1.6464744e-05,-0.00051605207,-0.00053095946,-0.00039965453,-0.00010626423
volume_sn_voxels::v1064,0.0004206347,-0.0004953281,0.0003019046,0.000169915,-0.0006423447,2.2226635e-05,-0.00057389634,-0.00088046654,-0.00062525267,-0.00018119751
volume_sn_voxels::v1065,0.00039196786,-0.00038841215,0.00036652078,8.53737e-05,-0.00050574425,0.0001133409,-0.00048014053,-0.0013795107,-0.0009272826,-0.00015981143
volume_sn_voxels::v1066,0.0003078603,-0.00024349763,0.00024501656,5.345022e-05,-0.00018985588,0.00017160267,-0.00032475352,-0.001321177,-0.0010534022,-7.5619464e-05
volume_sn_voxels::v1067,0.00043588653,-0.00026198226,0.00017699713,0.00047723047,-0.0003286674,0.0002177855,-0.00057094207,-0.0006334574,-0.00042133275,-6.500148e-05
volume_sn_voxels::v1068,0.00041603565,-0.00028345498,0.0002716055,0.00042182588,-0.0003970704,0.00031860376,-0.0006451251,-0.00091285555,-0.00064876926,-8.943887e-05
volume_sn_voxels::v1069,0.00033923305,-0.00018006751,0.00033012035,0.00032749888,-0.00029496747,0.00041604656,-0.0005404618,-0.0013176744,-0.0010037032,-5.848096e-05
volume_sn_voxels::v1070,0.00021298192,0.00023215523,0.00020566223,0.0009695505,6.199418e-05,0.0010042674,-0.0006300482,-0.001095691,-0.0009225895,8.1541315e-05
volume_sn_voxels::v1071,0.00015401703,-0.0002194509,0.0005045369,0.00026821793,7.5209246e-05,-0.00024866578,0.0010997595,-0.00017815862,-0.0002582855,-0.00021971046
volume_sn_voxels::v1072,9.404428e-05,-0.00033781317,0.00033969287,0.00033805837,-0.00016383869,-0.00013782007,0.0010472344,-0.0002314411,-0.00018046278,-0.000298196
volume_sn_voxels::v1073,0.00017613525,-0.00016517717,0.00051141804,0.00031857484,1.7688177e-05,-0.000278849,0.0010081172,-0.00013248326,-0.00020356283,-0.00024288053
volume_sn_voxels::v1074,0.00015371568,-0.00031479335,0.000297648,0.0005010832,-0.00024913225,-0.00024897078,0.0010037341,-0.00013180301,-0.00014408324,-0.00036488828
volume_sn_voxels::v1075,0.00019255439,-0.00043722888,0.00017488534,0.00055730535,-0.000515835,-0.0001826589,0.0007903302,-9.036706e-07,-4.8325248e-05,-0.00052188546
volume_sn_voxels::v1076,0.00030412787,-0.00014688964,0.0004581587,0.00037676233,-3.0953757e-05,-0.00040053672,0.0008198365,8.317243e-05,-0.00019715681,-0.0003066558
volume_sn_voxels::v1077,0.00027997198,-0.00026318055,0.00028281554,0.00061810156,-0.0002612477,-0.00030627736,0.0007311651,0.00019951614,-3.5986366e-05,-0.0005496536
volume_sn_voxels::v1078,0.00026648166,-0.00035857596,0.0002056066,0.0007056971,-0.00061088277,-0.00025884714,0.00055620424,0.00020387773,5.1412142e-05,-0.00055428944
volume_sn_voxels::v1079,0.00037542873,-0.00018945814,0.0004412497,0.0005214312,-0.00017626164,-0.0003699184,0.00052794034,0.00037963837,-7.067207e-05,-0.00035178493
volume_sn_voxels::v1080,0.00038537884,-0.00029974023,0.00029313625,0.0006437618,-0.0004608049,-0.00031535327,0.00026517897,0.0005794852,0.000114618386,-0.0004481995
volume_sn_voxels::v1081,0.00027102896,-0.00040687446,0.0001723232,0.0006781604,-0.0005850938,-0.00022516809,7.7610064e-05,0.0005348524,0.00014822025,-0.000348008
volume_sn_voxels::v1082,0.00029817503,-0.00045156197,0.00017302361,0.0006839389,-0.00083251536,-0.0002482999,0.00012329088,0.0005567859,0.00021244543,-0.0003984529
volume_sn_voxels::v1083,0.00031419212,-0.0006658787,0.00015470742,0.000727756,-0.00082469475,-0.00015373639,0.00023756943,0.00033224912,0.00028347468,-0.0004173717
volume_sn_voxels::v1084,0.000464038,-0.00018714396,0.00047610654,0.0006062824,-0.0003245893,-0.0003061416,0.00019749509,0.00071234547,1.9219386e-05,-0.00023457591
volume_sn_voxels::v1085,0.00039653134,-0.00037248735,0.00033128497,0.00066700054,-0.0004974386,-0.00027172695,-7.66627e-05,0.0008166029,0.00015592069,-0.00023048198
volume_sn_voxels::v1086,0.00036828636,-0.00050167175,0.00023303067,0.0007357825,-0.00068321783,-0.00019289665,-0.000260505,0.00083087647,0.00023996005,-0.00015635353
volume_sn_voxels::v1087,0.00034961497,-0.00062064145,0.00024505996,0.00076169975,-0.0007885767,-0.00024696338,-0.00027798038,0.0007463824,0.00030427755,-9.248114e-05
volume_sn_voxels::v1088,0.00044097257,-0.0007964726,0.00029352077,0.00078588707,-0.0010852348,-0.00029074142,-0.00013099796,0.00059757,0.00028578364,-0.00020078487
volume_sn_voxels::v1089,0.00038838544,-0.00061000104,0.00011400491,0.0005963076,-0.00085360097,-0.00014506507,6.0555445e-05,0.0001589393,0.00022053841,-0.0002568292
volume_sn_voxels::v1090,0.00041928535,-0.0003911433,0.00013135787,0.00054672203,-0.0008363857,-5.0101156e-05,0.00018619417,-0.00020221813,0.00026827736,-0.00016961267
volume_sn_voxels::v1091,0.0003952707,-0.00040071484,0.0003472417,0.00071725505,-0.00048638158,-0.00013870756,-0.00035457744,0.0008842591,0.00020245969,-8.077375e-05
volume_sn_voxels::v1092,0.0004053802,-0.0005944779,0.00040519758,0.0007101154,-0.00076186116,-0.00019255363,-0.00053144025,0.0008557763,0.00029731938,1.6984524e-05
volume_sn_voxels::v1093,0.00042713786,-0.0007504533,0.00040478844,0.00075079344,-0.0009703433,-0.0002511612,-0.00046757507,0.0009271346,0.00036607357,2.955757e-05
volume_sn_voxels::v1094,0.00038192663,-0.0007941879,0.00032788175,0.0006410576,-0.0009510849,-0.0002592645,-0.00039332552,0.0005663729,0.00025352385,-9.848273e-06
volume_sn_voxels::v1095,0.0004027203,-0.000593987,0.00023605961,0.0005766569,-0.00089005154,-0.0001435342,-0.00024942026,0.00019968579,0.00013479916,-0.00011667402
volume_sn_voxels::v1096,0.0004842927,-0.00041440624,0.00015334913,0.00056710956,-0.00088756974,-5.8572896e-05,-9.2053626e-05,-0.00023842385,5.070322e-05,-0.00018447851
volume_sn_voxels::v1097,0.0004626756,-0.00046106635,0.00034808076,0.0006688909,-0.0005630417,1.5475844e-05,-0.0004369216,0.0007794647,0.00013774162,-3.195525e-05
volume_sn_voxels::v1098,0.0004307238,-0.0008064652,0.00040807604,0.00076315674,-0.0008146987,-9.0557e-05,-0.0006405639,0.000978012,0.00029495492,7.940453e-05
volume_sn_voxels::v1099,0.0004305227,-0.000743067,0.00035458748,0.00062068226,-0.00092134875,-0.00016382204,-0.0006241955,0.0008130281,0.00032161828,3.6637266e-05
volume_sn_voxels::v1100,0.00039659077,-0.0006619126,0.0003322266,0.00051145157,-0.0008486225,-0.00016928461,-0.00045033044,0.00048038625,0.00023964215,4.480662e-05
volume_sn_voxels::v1101,0.00046017265,-0.00073671853,0.00029375672,0.0004449126,-0.0009367285,-0.00018882909,-0.00048205288,0.00019629224,7.044018e-05,-5.578709e-05
volume_sn_voxels::v1102,0.000477987,-0.00047945575,0.00023513756,0.00036857752,-0.0008057434,-0.0001444193,-0.0003331217,-0.000222321,-8.571468e-05,-6.554481e-05
volume_sn_voxels::v1103,0.00036514906,-0.0003027753,0.00019744963,0.00025974063,-0.0005756233,4.9032296e-05,-0.00030974246,-0.0006507152,-0.00025644703,1.3054503e-05
volume_sn_voxels::v1104,0.000297952,-1.4351009e-05,0.00011571962,0.00031622272,-0.00019367464,0.00043082394,-0.000264436,-0.0008973382,-0.000428091,0.00013484972
volume_sn_voxels::v1105,0.00043815316,-0.0003696006,0.00036631364,0.0006812912,-0.0006425009,0.00016537706,-0.0005566515,0.0007376484,3.4845656e-05,1.1287536e-06
volume_sn_voxels::v1106,0.000389619,-0.00061502645,0.0003541202,0.00068687904,-0.0007244983,1.4709456e-05,-0.00061855454,0.00074547593,0.00018135268,1.842468e-05
volume_sn_voxels::v1107,0.00043681407,-0.0006675771,0.00031806613,0.0005786036,-0.000863331,-0.00011925644,-0.0005973988,0.00067550887,0.00022060276,3.0082801e-05
volume_sn_voxels::v1108,0.0004869931,-0.0007952629,0.00048117558,0.0005255348,-0.00094042666,-0.00013747787,-0.0006378333,0.0003910733,0.00022890442,2.7759335e-05
volume_sn_voxels::v1109,0.0004858775,-0.00064249395,0.00042660584,0.00032201485,-0.00089264853,-0.00012354241,-0.0006074377,8.7329856e-05,4.2055304e-05,-5.9494614e-06
volume_sn_voxels::v1110,0.0005251495,-0.0005918328,0.0003645306,0.00025302087,-0.00087838544,-0.00012393566,-0.00053275184,-0.0003999617,-0.00017612048,-5.1739877e-05
volume_sn_voxels::v1111,0.00042641684,-0.00038691555,0.000327556,0.00013806432,-0.0006053139,1.3265976e-05,-0.00046491108,-0.0007687496,-0.00044491747,-1.0527952e-05
volume_sn_voxels::v1112,0.00035460913,-0.00021740857,0.0002439989,0.00020389243,-0.00027805625,0.0002633713,-0.00042797226,-0.0011845718,-0.00065666024,7.052897e-05
volume_sn_voxels::v1113,0.00020975953,1.541818e-05,0.00022457256,0.00021576509,8.677617e-05,0.0004827961,-0.00033936245,-0.0011263224,-0.0007760824,0.00023958221
volume_sn_voxels::v1114,0.0004999005,-0.00019942208,0.00021158018,0.0008967375,-0.00038695786,0.00044067597,-0.0005876641,0.0005151759,-0.00012372735,7.641967e-05
volume_sn_voxels::v1115,0.0004869895,-0.000403518,0.00022910316,0.00074363884,-0.00061330927,0.0002084219,-0.0006677158,0.0005050223,1.2305101e-05,7.3777366e-05
volume_sn_voxels::v1116,0.00047082323,-0.0005642177,0.0002342967,0.00043225533,-0.00072410796,-4.263431e-06,-0.0006458925,0.0003082991,7.234199e-05,4.058058e-05
volume_sn_voxels::v1117,0.00045685435,-0.0005629162,0.0003201969,0.00026675937,-0.0008819952,-5.4806165e-05,-0.0006471231,0.00012222229,4.368352e-05,-2.2613427e-05
volume_sn_voxels::v1118,0.00047658806,-0.0005385261,0.0004083887,0.00020801394,-0.0008863146,-0.00012368047,-0.00063141773,-0.00014625238,-8.392383e-05,-3.046217e-05
volume_sn_voxels::v1119,0.00045244422,-0.00056482456,0.00045678328,5.6883924e-05,-0.0008051779,-7.414838e-05,-0.00058267446,-0.00048068634,-0.00023936808,-9.2233146e-05
volume_sn_voxels::v1120,0.00042539762,-0.0004263731,0.00040583083,2.0566442e-05,-0.00056487904,4.2935004e-05,-0.00062730844,-0.0007586755,-0.00046057443,-3.509748e-05
volume_sn_voxels::v1121,0.0003045118,-0.00025561542,0.00034367834,-3.3199747e-05,-0.00022502034,9.114027e-05,-0.00044018828,-0.0010291814,-0.0007113398,5.1541124e-06
volume_sn_voxels::v1122,0.00024781417,-0.00012506003,0.00031391982,-1.9855297e-05,7.771809e-05,0.0002856547,-0.00033826547,-0.0012364836,-0.0010933506,7.716939e-05
volume_sn_voxels::v1123,0.0005444609,-0.00014075285,5.579415e-05,0.0008021333,-0.00031615744,0.0004327629,-0.00059770484,0.00019203991,-0.0002988201,0.00013426688
volume_sn_voxels::v1124,0.0005268413,-0.00035596467,0.000117070784,0.00049173034,-0.00050312554,0.00013783103,-0.0006084758,9.6246025e-05,-0.00017066652,7.187187e-05
volume_sn_voxels::v1125,0.00049689214,-0.00050507736,0.0002419019,0.00026940554,-0.0006414429,-2.5787663e-06,-0.0006628809,-6.822174e-05,-0.00015452363,-7.357601e-06
volume_sn_voxels::v1126,0.0004556713,-0.0004130415,0.00030764664,9.2430324e-05,-0.0006063627,-1.3227171e-05,-0.0005515686,-0.0002516703,-0.00023338781,-5.7589812e-05
volume_sn_voxels::v1127,0.0003915112,-0.0004331376,0.00044297546,1.1922933e-06,-0.0005866496,5.346603e-05,-0.0006243937,-0.00057496945,-0.00033831413,-5.423916e-05
volume_sn_voxels::v1128,0.00039319834,-0.00038539112,0.00054547394,-5.7499517e-05,-0.00044651827,0.00010260641,-0.00067734945,-0.0009500186,-0.0006044126,-7.474863e-05
volume_sn_voxels::v1129,0.0003080166,-0.00027443282,0.00047044354,-8.037429e-05,-0.00014641327,0.00015643421,-0.0005481102,-0.001114006,-0.00079411844,-6.550222e-05
volume_sn_voxels::v1130,0.00047667185,-1.4576239e-07,4.4509356e-06,0.00058266055,-0.00018591821,0.0002842301,-0.0005059848,-0.0001018589,-0.00033638865,0.00015048195
volume_sn_voxels::v1131,0.00049036497,-0.00016701082,0.00013229961,0.0003034944,-0.00031650192,6.821369e-05,-0.0005340352,-0.00020563693,-0.0002596993,4.249303e-05
volume_sn_voxels::v1132,0.0005397078,-0.00026127673,0.0003305537,0.0001645178,-0.0004970699,8.6200416e-05,-0.00063551485,-0.00038926143,-0.0003179483,-6.5796166e-06
volume_sn_voxels::v1133,0.00039877897,-0.0002859217,0.00040259332,6.6477965e-05,-0.0004453025,0.00015605302,-0.0006546973,-0.0006362824,-0.00047286815,-3.4976172e-05
volume_sn_voxels::v1134,0.00035255656,-0.00024060192,0.00045563196,-2.4223173e-06,-0.00024084665,0.00024910521,-0.0005963188,-0.0008883684,-0.0005771592,-3.449941e-05
volume_sn_voxels::v1135,0.00025153393,-0.00013378957,0.00048405596,2.6039517e-05,-4.5106422e-05,0.0003011199,-0.0005105735,-0.0011260285,-0.000929904,-4.5648885e-05
volume_sn_voxels::v1136,0.00037488912,-1.0979552e-05,0.00022445104,0.00034090152,-0.00015486458,0.000276779,-0.0005050888,-0.00035086344,-0.00039867978,5.3404958e-05
volume_sn_voxels::v1137,0.0004001297,-6.2006286e-05,0.00046175419,0.00034036895,-0.00021922174,0.0004507098,-0.00066119264,-0.00064537115,-0.00053581793,-3.199289e-05
volume_sn_voxels::v1138,0.00023394823,3.52642e-05,0.00045878836,0.000363674,-5.698512e-05,0.00053812005,-0.00054630847,-0.0008835311,-0.00069833524,2.2690512e-05
volume_sn_voxels::v1139,0.00022043388,-0.00020752462,0.00062012597,0.00037853676,0.00013016375,-0.00045659763,0.0013356269,-0.00035116935,-0.00021019638,-0.00020071004
volume_sn_voxels::v1140,0.00019980568,-0.00025596636,0.0003986321,0.00045106353,-0.0001818964,-0.00035803553,0.001080998,-0.00022625389,-9.407325e-05,-0.00023079803
volume_sn_voxels::v1141,0.00029523254,-0.00018669531,0.0005251982,0.000384421,-7.944686e-06,-0.00036601306,0.0010842694,-7.1580216e-05,-0.00014497923,-0.00021412189
volume_sn_voxels::v1142,0.00034609792,-0.00029670898,0.00029492754,0.00047275185,-0.00031962804,-0.00033362242,0.0008707396,6.921145e-05,2.8224405e-05,-0.00031983433
volume_sn_voxels::v1143,0.00030728555,-0.00035324518,0.00017914521,0.00064788666,-0.0005730965,-0.0002784472,0.0007134698,0.00020663108,0.00019271982,-0.00035696992
volume_sn_voxels::v1144,0.00048955524,-0.0002471539,0.00046400022,0.00042170094,-0.00023417466,-0.00034883973,0.00075865583,0.00029643637,8.085521e-06,-0.00014767193
volume_sn_voxels::v1145,0.0004526492,-0.00032870992,0.00025667125,0.000585183,-0.00057862524,-0.00028212243,0.000344525,0.00050641753,0.00023592735,-0.00023502986
volume_sn_voxels::v1146,0.00039078915,-0.00042768105,0.00020937843,0.0005772174,-0.0006879817,-0.0001764969,0.00015755607,0.0004907746,0.00029587987,-0.00012919161
volume_sn_voxels::v1147,0.00039089832,-0.00044718414,0.00024247143,0.0006712676,-0.0007423777,-0.00016285697,0.00016805611,0.00049382134,0.00043344378,-0.0001424672
volume_sn_voxels::v1148,0.0004781888,-0.00024248357,0.00041582368,0.0004404851,-0.0003474085,-0.0001748589,0.00025286517,0.00063869846,0.00011266595,5.9485787e-06
volume_sn_voxels::v1149,0.00042307616,-0.00041227436,0.00025094431,0.00052105985,-0.0006210188,-0.0001248583,-8.6927226e-05,0.0007714643,0.00021581416,2.1490214e-06
volume_sn_voxels::v1150,0.00037726073,-0.0004924559,0.00028879935,0.0005949328,-0.00069607253,-0.00013087767,-0.00020832338,0.0009132269,0.00036886657,-4.6399575e-05
volume_sn_voxels::v1151,0.00034897722,-0.000590257,0.00032807174,0.000685707,-0.0008398683,-0.00015949942,-0.00018670244,0.000700994,0.0004151501,2.1781136e-05
volume_sn_voxels::v1152,0.0003985731,-0.00058631756,0.00028370353,0.00060583354,-0.00087457313,-0.00010745896,-9.921074e-05,0.00056611875,0.00047831945,1.1317935e-05
volume_sn_voxels::v1153,0.00041520654,-0.0005871518,0.00032231395,0.0006283807,-0.00089005043,-6.731915e-05,0.00012649767,0.00031561017,0.0006134456,1.8007098e-05
volume_sn_voxels::v1154,0.00040481926,-0.00029893545,0.0003362093,0.0004152194,-0.00070810976,0.00010590296,0.00017903953,3.390571e-06,0.0006524195,-2.1046635e-06
volume_sn_voxels::v1155,0.00051049166,-0.0003149472,0.00033982683,0.00042837934,-0.0005055439,-4.449097e-05,-8.690772e-05,0.0007508322,7.108676e-05,0.00012904005
volume_sn_voxels::v1156,0.0005058559,-0.00051005895,0.0003035597,0.00047620197,-0.0006087754,-1.2567801e-05,-0.00037741408,0.0009059064,0.0002449675,0.00013110782
volume_sn_voxels::v1157,0.00042911086,-0.00065525866,0.00029342182,0.00055243244,-0.0007582985,-0.000107007625,-0.00044506506,0.0009795448,0.00033940663,0.00012859845
volume_sn_voxels::v1158,0.0004106483,-0.0007387708,0.00040823093,0.0005590153,-0.00076363375,-0.00014047524,-0.0005115565,0.00086008996,0.00047562338,0.00016471607
volume_sn_voxels::v1159,0.00043319154,-0.00075402844,0.00039965753,0.0005743592,-0.0008905333,-0.00012749614,-0.00039707072,0.0006514504,0.0004454987,0.00016821602
volume_sn_voxels::v1160,0.00039391866,-0.00055181776,0.00033600608,0.0005349949,-0.00090269087,-5.397836e-05,-0.00024121455,0.00029485562,0.00049724977,0.00012564189
volume_sn_voxels::v1161,0.00047355896,-0.0003644611,0.00031708198,0.0004731227,-0.000721891,0.00011856891,-0.00015124415,2.071768e-06,0.00043063675,0.00014296206
volume_sn_voxels::v1162,0.00054561516,-0.000330244,0.00026906875,0.00040957375,-0.00053619733,0.00014732555,-0.0002488011,0.0007294981,3.1312684e-05,0.00017932766
volume_sn_voxels::v1163,0.0005342676,-0.0005717873,0.0002582593,0.00053793105,-0.00081608974,9.683445e-05,-0.0005378886,0.0008614691,0.00022070394,0.00018180613
volume_sn_voxels::v1164,0.00044954053,-0.00064709946,0.000331049,0.00047510906,-0.0008437868,-2.1472297e-05,-0.0006447825,0.00085890427,0.0003406724,0.00019134638
volume_sn_voxels::v1165,0.00041594735,-0.0006867588,0.00041871823,0.0005516184,-0.00084023114,-6.836434e-05,-0.00058359705,0.0007571987,0.00042572556,0.00019033211
volume_sn_voxels::v1166,0.00054235593,-0.0008038708,0.0004338864,0.0005341571,-0.0009890782,-0.00013140246,-0.0005099788,0.00059032015,0.0004380867,0.00013147923
volume_sn_voxels::v1167,0.00046802807,-0.00062245975,0.00043289925,0.0004722291,-0.00085997646,-4.8892987e-05,-0.00041703726,0.00029829168,0.00038980585,0.0001265858
volume_sn_voxels::v1168,0.000490121,-0.00046579386,0.000418962,0.00042263194,-0.00080910913,0.000107472864,-0.00045455908,-6.129033e-05,0.00027965527,0.00013423077
volume_sn_voxels::v1169,0.0004430783,-0.00016372964,0.00037158484,0.00035534785,-0.00056396157,0.0003336692,-0.00037113254,-0.00040503262,8.985727e-05,0.00027100331
volume_sn_voxels::v1170,0.00051061966,-0.00047540673,0.0002258811,0.00047709027,-0.000708587,0.00018511926,-0.00051693217,0.00079065526,0.00016333853,0.00025098838
volume_sn_voxels::v1171,0.0005007105,-0.000679919,0.0002521473,0.00044694616,-0.0008550697,4.9146e-05,-0.00057607604,0.0008232993,0.0003223507,0.00018538255
volume_sn_voxels::v1172,0.0005421431,-0.0007486317,0.00044605965,0.00042645502,-0.00093734666,-2.91771e-05,-0.00069422316,0.00074960844,0.00034746816,0.00015184628
volume_sn_voxels::v1173,0.00048718668,-0.0007397276,0.0004685634,0.00030379047,-0.0009136076,-2.7312992e-05,-0.00053684396,0.00044645663,0.00038977794,0.00011858026
volume_sn_voxels::v1174,0.00051814277,-0.000592128,0.00048315682,0.00025279686,-0.00089204416,-1.1675595e-05,-0.0005520752,0.00017521165,0.00027273817,9.9652876e-05
volume_sn_voxels::v1175,0.00043082685,-0.00043737065,0.0005310665,0.00020581987,-0.0008409605,5.256468e-05,-0.0005556006,-0.0001987513,0.000161988,8.556807e-05
volume_sn_voxels::v1176,0.0003835866,-0.00024118867,0.00040346885,0.00022613723,-0.00046507837,0.00024553327,-0.0004970682,-0.00046205134,-7.398859e-05,0.0001610932
volume_sn_voxels::v1177,0.00030855354,-3.1639804e-05,0.0003088592,0.00032938833,-0.00015113933,0.00049580535,-0.00054838817,-0.0008179555,-0.0003359793,0.0002758935
volume_sn_voxels::v1178,0.0006447125,-0.0002791271,0.00010586295,0.00054931577,-0.00058229396,0.00043227788,-0.000515454,0.00055730727,-7.842531e-05,0.0002843833
volume_sn_voxels::v1179,0.00056528643,-0.0005907434,0.00017663147,0.00038515835,-0.0007924278,0.00012040162,-0.0006368264,0.0005759505,0.0001174371,0.00027485235
volume_sn_voxels::v1180,0.0005783396,-0.0006368523,0.00023450713,0.00026757744,-0.00085668743,2.0943464e-05,-0.0005975994,0.00040885454,0.00016496809,0.00019288644
volume_sn_voxels::v1181,0.0005563807,-0.0005737527,0.00037000072,0.00018034034,-0.00085671985,-3.246942e-05,-0.00066307443,0.00018729035,0.00022115496,0.00014727746
volume_sn_voxels::v1182,0.00051720423,-0.0005322011,0.0004917468,6.07296e-05,-0.0008505596,-1.2616083e-05,-0.0006756746,-3.378295e-05,7.613352e-05,8.5530555e-05
volume_sn_voxels::v1183,0.00044034715,-0.00044159454,0.00054532784,5.6791425e-05,-0.0006965202,5.4302043e-05,-0.00064905,-0.00026780175,2.2278624e-05,2.4894087e-05
volume_sn_voxels::v1184,0.0003881652,-0.00032839653,0.0005638214,1.7944189e-05,-0.00046863419,0.00015343376,-0.00064165576,-0.0006061387,-0.00019929218,7.6034376e-05
volume_sn_voxels::v1185,0.00030160398,-0.00015803243,0.00049367454,6.0527076e-05,-0.00016309161,0.00038988053,-0.0006608158,-0.00085754873,-0.00053756894,0.00010840969
volume_sn_voxels::v1186,0.00023609569,6.2957915e-05,0.00044363475,0.00018715086,0.00014314752,0.0005223091,-0.00047634545,-0.0010200616,-0.00072945864,0.00022659633
volume_sn_voxels::v1187,0.000492848,8.611414e-05,-1.1012175e-05,0.0005746643,-0.00024661876,0.0005837293,-0.00034672796,0.00032111644,-0.0002587912,0.00033060773
volume_sn_voxels::v1188,0.00052063324,-0.00015221252,2.5326368e-05,0.0003197185,-0.00043255973,0.00023958232,-0.00044044986,0.00025798078,-0.00018095551,0.00027213022
volume_sn_voxels::v1189,0.000507987,-0.00033441104,9.649212e-05,0.00012604176,-0.000547651,2.3021468e-05,-0.00045694906,0.00013070385,-5.446835e-05,0.00019654806
volume_sn_voxels::v1190,0.0005620624,-0.00038717373,0.00024214186,3.755969e-05,-0.00057711353,-2.8801194e-05,-0.00059218385,1.8594645e-05,-2.6336967e-05,0.00016315453
volume_sn_voxels::v1191,0.0005066121,-0.00035748497,0.00045671343,-6.2398125e-05,-0.0006983578,-3.1688876e-05,-0.0006035201,-0.00016663077,-7.0102295e-05,5.0096194e-05
volume_sn_voxels::v1192,0.00046755787,-0.00038110433,0.000585641,-9.4924544e-05,-0.0006181934,4.774829e-05,-0.0007117265,-0.00042704496,-0.0001695918,1.6850177e-05
volume_sn_voxels::v1193,0.00046370286,-0.00035677385,0.0007416957,-0.00014376367,-0.0005009491,0.00019262613,-0.00086273917,-0.00076040096,-0.000380163,-1.6027097e-05
volume_sn_voxels::v1194,0.0003067712,-0.00018145278,0.00059599464,-0.000108088956,-0.00016411446,0.00027594846,-0.00063942967,-0.0009109191,-0.0006235908,8.418668e-06
volume_sn_voxels::v1195,0.00026396732,-4.1170184e-05,0.00050939084,-3.8756407e-05,0.00015647264,0.00036837586,-0.000450955,-0.0011682669,-0.0009942342,5.8246285e-05
volume_sn_voxels::v1196,0.00047842125,0.00011053791,-5.5737768e-05,0.0004269554,-0.000116105184,0.00029870373,-0.0003065788,0.00015049256,-0.0003527174,0.00035465922
volume_sn_voxels::v1197,0.00052294054,-3.5675723e-05,-5.1747325e-06,0.00023141791,-0.00025992142,6.337832e-05,-0.00031931777,1.6677155e-05,-0.00030908282,0.00030229043
volume_sn_voxels::v1198,0.00056640006,-0.00017591561,0.00015924235,9.161928e-05,-0.00037482017,9.728457e-06,-0.00053487485,-6.359391e-05,-0.00030645402,0.000246962
volume_sn_voxels::v1199,0.0005340107,-0.00022027454,0.00034285872,-7.695986e-05,-0.0004736135,4.0931274e-05,-0.0006735008,-0.00026974542,-0.00025452,0.00012850112
volume_sn_voxels::v1200,0.00047940217,-0.00028467653,0.0005657753,-0.0001267356,-0.00047539134,8.638077e-05,-0.0007299172,-0.0004969515,-0.00035250376,-6.521529e-06
volume_sn_voxels::v1201,0.00041082935,-0.0002651819,0.00074160594,-0.00023508191,-0.00034756918,0.00022178025,-0.0007410779,-0.0007629645,-0.00057295355,-3.2130265e-05
volume_sn_voxels::v1202,0.00029404575,-0.00013797094,0.0006019542,-0.00015069591,-9.833355e-05,0.00027084633,-0.000563892,-0.00093840674,-0.0007167967,-2.2771954e-05
volume_sn_voxels::v1203,0.00019505965,4.6099925e-05,0.00046137616,-0.000109477005,0.00013467646,0.0002685992,-0.00032324038,-0.0009188579,-0.0009373736,2.5386298e-05
volume_sn_voxels::v1204,0.00046147744,0.00022612595,-3.0815045e-05,0.0003572293,3.6999605e-05,9.6922864e-05,-0.00016822868,-1.885792e-05,-0.00041816646,0.0003936931
volume_sn_voxels::v1205,0.0005029172,7.6069424e-05,0.00011986265,0.00023933008,-8.958993e-05,4.7636415e-05,-0.00031718038,-0.00012843558,-0.00043538594,0.00027514785
volume_sn_voxels::v1206,0.00049692777,-1.581317e-05,0.0003104287,9.9911755e-05,-0.00022404914,0.000103498875,-0.00047810975,-0.00031400405,-0.00047339473,0.0001383039
volume_sn_voxels::v1207,0.0004745902,-7.311103e-05,0.00056861487,-3.3368655e-05,-0.0002682182,0.0002353982,-0.000554582,-0.0004788449,-0.00048211045,2.4865822e-05
volume_sn_voxels::v1208,0.00031353658,-4.3439446e-05,0.00054856786,-7.652573e-05,-0.00015913567,0.00032037174,-0.0006402774,-0.00071338547,-0.00067445886,-9.036357e-06
volume_sn_voxels::v1209,0.00024445777,8.424401e-06,0.00057853124,-6.565152e-05,2.4267776e-05,0.00038047062,-0.0005114713,-0.0008719317,-0.0009379751,-3.0076102e-05
volume_sn_voxels::v1210,0.00016819037,-0.00025098692,0.0005544663,0.0003123368,0.00018158197,-0.0004735072,0.0014542926,-0.00049998786,-0.00015971769,-0.000108322325
volume_sn_voxels::v1211,0.00025182765,-0.00022484896,0.00051443954,0.00031027687,6.492014e-05,-0.0003836232,0.001234883,-0.0003918757,-7.6847195e-05,-5.6741716e-05
volume_sn_voxels::v1212,0.00032419976,-0.00031551416,0.00030322798,0.00039583253,-0.00026178022,-0.00036425676,0.0011993439,-0.0002012722,0.00010289265,-9.213116e-05
volume_sn_voxels::v1213,0.00029764322,-0.00030681287,0.0002013814,0.00040681867,-0.0004985544,-0.00021857917,0.0008416006,-5.7049824e-06,0.00024852375,-1.8470362e-05
volume_sn_voxels::v1214,0.00041878718,-0.00020751779,0.0005313175,0.00021919064,0.00011145678,-0.00037046114,0.0011661532,-0.00012742823,-0.00013824034,4.916634e-05
volume_sn_voxels::v1215,0.0005531286,-0.0002845712,0.00042212015,0.0003653187,-0.0002488182,-0.00037904512,0.0011430641,-2.3754343e-05,0.00010685326,3.2014643e-05
volume_sn_voxels::v1216,0.00048018218,-0.0003526459,0.00022919143,0.000483047,-0.00050814816,-0.00024477005,0.0007303258,0.00020934011,0.0002754443,2.974157e-05
volume_sn_voxels::v1217,0.000339064,-0.00043574916,0.00022555562,0.0005068919,-0.0006426031,-0.00014034659,0.0004698797,0.00030222884,0.0003910879,8.208071e-05
volume_sn_voxels::v1218,0.0002894196,-0.00042114448,0.00025519525,0.00046758665,-0.0007141068,-0.0001232324,0.00040359635,0.00025169132,0.00052965904,6.465359e-05
volume_sn_voxels::v1219,0.0005713004,-0.00018429635,0.0003852598,7.8530575e-05,-0.00010157093,-0.00021324387,0.0008350151,0.00013174006,-0.000121768,0.00019247372
volume_sn_voxels::v1220,0.00058176887,-0.00027808113,0.00019017333,0.00017927491,-0.00052542373,-7.081168e-06,0.0004544849,0.00039473208,0.0001163023,0.00023417959
volume_sn_voxels::v1221,0.00046845537,-0.00036525552,0.0001389038,0.0003231676,-0.0005976522,-3.8044047e-05,0.00018005524,0.0005462438,0.000333605,0.00016300118
volume_sn_voxels::v1222,0.0004112548,-0.00039520493,0.00022592959,0.00043273435,-0.0007376224,-5.046305e-05,-1.7067325e-05,0.0005824132,0.00040153545,0.00017916372
volume_sn_voxels::v1223,0.00038272064,-0.00045804333,0.0003057659,0.0005358041,-0.00075925404,-9.23147e-05,4.3674598e-05,0.00047735948,0.0005320425,0.0001506598
volume_sn_voxels::v1224,0.00038805057,-0.00045795288,0.00037111004,0.0005122241,-0.0008322258,-3.564428e-05,0.00015896496,0.00036803333,0.0006804974,0.000113215305
volume_sn_voxels::v1225,0.000538728,-0.00015171741,0.00018948934,1.948912e-05,-0.00018045066,3.2571275e-05,0.00042759895,0.00028638853,-6.241076e-05,0.0002592897
volume_sn_voxels::v1226,0.000541813,-0.0002714798,3.6915608e-05,4.0369596e-05,-0.00048875244,0.00010197575,0.0001226298,0.0004720014,9.997678e-05,0.0002692753
volume_sn_voxels::v1227,0.00048489866,-0.0004603484,9.104959e-05,0.00024520955,-0.0007439178,0.000109557375,-0.00016573958,0.00066204846,0.00028011543,0.0002801355
volume_sn_voxels::v1228,0.00052442664,-0.0005654177,0.00020292695,0.0003514574,-0.00091560185,-6.388483e-06,-0.00028251635,0.0007177312,0.00037330654,0.0003049384
volume_sn_voxels::v1229,0.0004244721,-0.0005562386,0.00030508553,0.0004122202,-0.0008064468,-7.753481e-05,-0.00024440367,0.0005922132,0.00051977375,0.0002191931
volume_sn_voxels::v1230,0.00042266893,-0.0005476639,0.00035274943,0.0004436945,-0.0008286166,2.7064742e-05,-0.00013195901,0.00043077374,0.00059254904,0.00019541143
volume_sn_voxels::v1231,0.0004406352,-0.0004002975,0.00042254262,0.0004350172,-0.00082672626,8.675537e-05,2.1014963e-05,0.00030381017,0.00082102796,0.00019536389
volume_sn_voxels::v1232,0.00054832565,-6.213723e-05,7.292243e-05,-6.914463e-05,-0.00026291265,0.00022005939,0.00029469404,0.0003797799,-0.0001531508,0.00026977176
volume_sn_voxels::v1233,0.0006602288,-0.0002876518,-5.6434197e-05,1.1804372e-05,-0.0005594567,0.0002938438,-5.9883303e-05,0.0005651472,4.2880497e-06,0.00043955274
volume_sn_voxels::v1234,0.0005788377,-0.00049835304,8.1513084e-05,0.00015811184,-0.00085843046,0.00018538786,-0.0003727656,0.00074387016,0.00019834592,0.00041313027
volume_sn_voxels::v1235,0.00054827565,-0.00057698635,0.00018270621,0.00027235033,-0.0008746941,5.8563775e-05,-0.0004546721,0.0007307423,0.00038430307,0.00037279582
volume_sn_voxels::v1236,0.0005003571,-0.0005818341,0.00026775847,0.00032229463,-0.0009203919,3.7259633e-05,-0.00042355055,0.000617941,0.0004574985,0.00034877006
volume_sn_voxels::v1237,0.00048252972,-0.0005518588,0.0003719746,0.00034409118,-0.0008408687,-2.529995e-05,-0.0002925218,0.00041711025,0.00054831064,0.0002553041
volume_sn_voxels::v1238,0.0005068878,-0.00040468774,0.0003890246,0.00030369288,-0.00079888495,0.00014818908,-0.00025803392,0.0002387805,0.00059186545,0.00022222969
volume_sn_voxels::v1239,0.0004472477,-0.00013361155,0.00042840515,0.00023365775,-0.00061503344,0.0002543493,-0.0002446313,6.818091e-07,0.0005738985,0.0003155925
volume_sn_voxels::v1240,0.00050347263,2.9507011e-05,1.8139299e-05,3.442877e-05,-0.00025964587,0.00042879206,0.0002225866,0.000445575,-0.00018777676,0.0002988037
volume_sn_voxels::v1241,0.00062208436,-0.00022611242,-3.39109e-05,-5.801261e-06,-0.00057643105,0.00042909026,-0.00014387303,0.00056199,-0.00013466265,0.00042104817
volume_sn_voxels::v1242,0.0006560663,-0.00040840817,-3.506483e-05,3.3559023e-05,-0.00074945623,0.00027069432,-0.00040807057,0.00063693326,5.0534738e-05,0.00041535764
volume_sn_voxels::v1243,0.00062744267,-0.00053836685,3.607412e-05,0.00011700881,-0.001001393,0.00015194886,-0.00049876416,0.0006664366,0.00025373505,0.0003653789
volume_sn_voxels::v1244,0.0005939193,-0.0005879432,0.0002185663,0.00016042448,-0.000936645,4.5150577e-05,-0.00047210394,0.000535478,0.0003412442,0.00029168883
volume_sn_voxels::v1245,0.00056550844,-0.0005252075,0.000283223,0.00015925454,-0.0009521404,4.984442e-05,-0.00047516284,0.0003451592,0.00042373556,0.00027647396
volume_sn_voxels::v1246,0.00050862844,-0.0003721178,0.00040499453,0.00017007312,-0.0008198139,4.1984542e-05,-0.00043487377,0.00011887175,0.0004563728,0.00021311705
volume_sn_voxels::v1247,0.00048460072,-0.0001925434,0.00047145475,0.00021290052,-0.00066742144,0.00024542984,-0.0004709121,-2.2577464e-05,0.00037334728,0.00026840705
volume_sn_voxels::v1248,0.0004294065,-3.5931e-05,0.000487517,0.000247086,-0.00040803076,0.00048901694,-0.00045726943,-0.00031867815,0.0002659096,0.00026692907
volume_sn_voxels::v1249,0.00061751716,-1.1665128e-05,-7.2318915e-05,9.939732e-05,-0.00046859708,0.0005898559,-0.00016802513,0.0005484554,-0.00023659396,0.00048204098
volume_sn_voxels::v1250,0.0006414463,-0.00019886787,-0.0001227479,3.7272373e-05,-0.0006948527,0.00034885848,-0.0003574019,0.00047980476,-6.808087e-05,0.00046915983
volume_sn_voxels::v1251,0.00064357003,-0.00036736013,-2.677003e-05,-6.507131e-05,-0.0007061529,8.432981e-05,-0.00046544604,0.00040782618,2.9901286e-05,0.00041131076
volume_sn_voxels::v1252,0.00056170614,-0.00046378898,6.336836e-05,-1.7720387e-05,-0.0006629358,3.706608e-05,-0.00041689095,0.00031605337,0.00015998866,0.00036610803
volume_sn_voxels::v1253,0.00059890136,-0.0003898914,0.00020584445,-1.1122598e-05,-0.00081317464,1.103149e-05,-0.0004916583,0.00015331579,0.00018081132,0.00029344493
volume_sn_voxels::v1254,0.0005400631,-0.0003371522,0.00038924871,-1.580525e-05,-0.00077501877,4.8397083e-05,-0.00047383946,-3.892417e-05,0.00023407466,0.00021560468
volume_sn_voxels::v1255,0.00050951645,-0.00026303992,0.0005880059,8.6265274e-05,-0.00074153696,0.00019218493,-0.0005380708,-0.00023933774,0.00023842223,0.00019442082
volume_sn_voxels::v1256,0.0004616556,-9.2848066e-05,0.00056362274,9.2373695e-05,-0.00045872474,0.00039575726,-0.00056878343,-0.0003935371,0.00010201895,0.0001618869
volume_sn_voxels::v1257,0.0003173296,5.442624e-05,0.00051917427,0.00023121288,-0.00013357933,0.0005720418,-0.0005394578,-0.00060482946,-0.00013268243,0.00019041935
volume_sn_voxels::v1258,0.00023820272,0.00018935614,0.0004893322,0.00046308452,0.0001565807,0.0008441512,-0.00046021328,-0.0008193017,-0.00039609996,0.00032423445
volume_sn_voxels::v1259,0.00062976446,5.953333e-05,-9.972396e-05,4.290266e-05,-0.0004190359,0.0004150251,-0.0002671235,0.00040844144,-0.0002762321,0.00052261166
volume_sn_voxels::v1260,0.0006468331,-0.000102496495,-4.132154e-05,-0.00010596056,-0.000530203,0.00014090871,-0.00032558123,0.0003060192,-0.00018627332,0.00053241703
volume_sn_voxels::v1261,0.0005666978,-0.00020799795,-3.1851487e-05,-0.00012725047,-0.0004945612,-2.5908595e-05,-0.00034655572,0.0001614712,-8.212487e-05,0.000459725
volume_sn_voxels::v1262,0.00059392804,-0.0002235831,0.00017239533,-0.000106700565,-0.0006025005,-3.3663887e-06,-0.00044706537,1.9263225e-05,-7.8614125e-05,0.00040591494
volume_sn_voxels::v1263,0.00058029674,-0.00024468725,0.0003841683,-0.00015098677,-0.00068932044,-5.5275887e-06,-0.00051620515,-0.00014726385,1.9716184e-05,0.00026068438
volume_sn_voxels::v1264,0.000458875,-0.00021518121,0.0005567196,-0.00012499532,-0.00060559774,0.00013801805,-0.0005642298,-0.0002596562,-2.5802248e-07,0.00016771414
volume_sn_voxels::v1265,0.00037924133,-0.00016185638,0.0006515821,-3.9432263e-05,-0.00038490444,0.000274353,-0.00061716454,-0.00046624127,-9.4671086e-05,9.999209e-05
volume_sn_voxels::v1266,0.0002584031,-2.0779547e-05,0.00070496503,2.5510511e-05,-0.00014736623,0.00048852334,-0.00057381677,-0.00064117054,-0.0003584404,0.000120163015
volume_sn_voxels::v1267,0.00020019583,9.7240314e-05,0.0005260348,0.00012991406,0.00018294562,0.0005709628,-0.00044148287,-0.0008795024,-0.0005564796,0.00018509806
volume_sn_voxels::v1268,0.0005230258,0.0003383653,-1.1204425e-05,0.00027682525,-0.00015842912,0.00051259366,-0.00016982322,0.00037170431,-0.0004280795,0.00049185514
volume_sn_voxels::v1269,0.0005334224,0.00016134113,-6.1578176e-05,2.1118076e-05,-0.00021998065,8.390188e-05,-0.00020372312,0.00018845368,-0.00031675404,0.00052249106
volume_sn_voxels::v1270,0.0005065312,2.2973414e-05,-4.4423025e-05,-7.597337e-05,-0.00027726594,-9.7127064e-05,-0.00023276584,4.811032e-05,-0.0002813252,0.00053739187
volume_sn_voxels::v1271,0.0005900904,9.150799e-06,8.4231775e-05,-0.00014274115,-0.0003279743,-0.00016332851,-0.00033088337,-4.677462e-05,-0.00023249045,0.00049028505
volume_sn_voxels::v1272,0.0005719797,-7.7289784e-05,0.00031762934,-0.00018034059,-0.00048078934,-7.572587e-05,-0.0004725779,-0.00016604172,-0.00018774648,0.00031704054
volume_sn_voxels::v1273,0.000493282,-0.00016172472,0.0005460127,-0.00020534144,-0.00048122846,9.052931e-05,-0.0005852185,-0.0003322025,-0.00018833354,9.812764e-05
volume_sn_voxels::v1274,0.00041217156,-0.00012518086,0.0007254171,-0.0002139776,-0.00034020768,0.0002629268,-0.0007242095,-0.00055660337,-0.00033215512,3.5083784e-05
volume_sn_voxels::v1275,0.00026939786,-4.8689657e-05,0.0006906647,-0.000117430805,-8.184615e-05,0.00029992164,-0.0005582773,-0.00069858093,-0.0004916718,-7.1545414e-06
volume_sn_voxels::v1276,0.00017928655,8.894813e-05,0.00054427143,1.837709e-05,0.00015070714,0.00038281322,-0.0003604585,-0.0007656342,-0.00074674643,7.511843e-05
volume_sn_voxels::v1277,0.0005340257,0.0006639522,2.0278683e-05,0.00055169547,0.00010120704,0.0006720781,-4.2055897e-05,0.0003326566,-0.000600759,0.0005211531
volume_sn_voxels::v1278,0.00048055858,0.00036721912,-5.6676537e-05,0.00021906312,4.1391527e-06,0.00013902216,-7.513165e-05,0.00014144942,-0.00042047456,0.00052997656
volume_sn_voxels::v1279,0.00049619906,0.00023773091,-4.7426354e-05,8.6980705e-05,-3.786737e-05,-0.00014599414,-6.0035945e-05,3.7853657e-05,-0.00045862826,0.0005021434
volume_sn_voxels::v1280,0.0005215407,0.0001465849,6.508299e-05,-4.194544e-05,-0.00010383805,-0.00023433428,-0.00017219926,-6.0199494e-05,-0.00042209096,0.00044983946
volume_sn_voxels::v1281,0.00056902244,6.436387e-05,0.00032201354,-0.00020332904,-0.0002230202,-0.00016090804,-0.0003514889,-0.00016430175,-0.0003936566,0.00028654299
volume_sn_voxels::v1282,0.00048398442,-1.0417107e-05,0.00053478434,-0.00026760963,-0.00026734575,7.9664525e-05,-0.00051773357,-0.0003264098,-0.00047891182,8.484692e-05
volume_sn_voxels::v1283,0.0003334433,-3.069285e-05,0.00060050585,-0.00029918746,-0.0002023158,0.00021656985,-0.0004923174,-0.0004997754,-0.0005063592,-4.8369737e-05
volume_sn_voxels::v1284,0.0002730929,8.441841e-05,0.0006358047,-0.00023135576,-9.752631e-06,0.00027713625,-0.0003684665,-0.0006567089,-0.00079928496,-2.4457951e-05
volume_sn_voxels::v1285,0.00049059646,0.00039728705,-1.1931831e-05,0.00028312858,0.00018399308,-8.458219e-05,5.6507462e-05,-2.1703028e-05,-0.00052450015,0.0005574897
volume_sn_voxels::v1286,0.00049716985,0.000288024,7.964629e-05,0.00010951989,8.8812325e-05,-0.00017187126,-3.1015483e-05,-5.393537e-05,-0.00046421846,0.00038493323
volume_sn_voxels::v1287,0.00042978773,0.0002233418,0.00028182307,-3.0615236e-05,-1.3326225e-05,-4.1591542e-05,-0.00015113021,-0.00012697956,-0.00059163093,0.00015566856
volume_sn_voxels::v1288,0.0004344111,0.0001426258,0.0005068242,-0.00015688113,-8.923764e-05,8.427244e-05,-0.00035515625,-0.00023250958,-0.0006998627,-2.9084322e-05
volume_sn_voxels::v1289,0.0003663521,0.00016512336,0.0006680632,-0.00019859256,-2.9466102e-05,0.00029972478,-0.00044883537,-0.0004236568,-0.0008601309,-0.000105141684
volume_sn_voxels::v1290,0.00021167014,0.00023130127,0.00063157233,-0.00018155249,8.752412e-05,0.00026267907,-0.00031834334,-0.00067281513,-0.001002114,-7.540187e-06
volume_sn_voxels::v1291,0.00037703986,0.00029308978,0.00032868324,0.00013149626,0.0001435003,4.3449556e-05,-6.742566e-05,-3.5063615e-05,-0.0006621089,3.2149605e-05
volume_sn_voxels::v1292,0.00032461027,0.00028606367,0.0005052487,3.3930002e-05,5.073707e-05,0.00025681197,-0.00021301246,-0.00010887939,-0.00082468597,-0.000110122535
volume_sn_voxels::v1293,0.00013275334,-0.00018948656,0.0005106555,0.00029455667,0.00018312904,-0.0004332053,0.001457444,-0.00056216883,-2.0306374e-05,-0.000104762505
volume_sn_voxels::v1294,9.760625e-05,-0.00012108596,0.000731532,0.00025265833,0.00043419376,-0.0004181041,0.0015439502,-0.0006759021,-0.0002058666,-0.00018115422
volume_sn_voxels::v1295,0.00010263016,-0.00021322243,0.0005167495,0.00027398558,0.0001826432,-0.00047631963,0.0013990817,-0.0006600246,-8.778802e-06,-0.00010087719
volume_sn_voxels::v1296,0.00021791215,-7.9250574e-05,0.0007427486,0.0001965857,0.0004698522,-0.00040476499,0.0012336916,-0.00036827128,-0.00026534594,-8.896344e-05
volume_sn_voxels::v1297,0.0002219469,-0.000107551554,0.0005728867,0.00022830673,0.00029799138,-0.00040222207,0.001382923,-0.0005628899,-0.00013850497,-1.0707186e-05
volume_sn_voxels::v1298,0.0002094086,-0.00019122343,0.00045902052,0.0002903106,5.9059006e-05,-0.00036295684,0.0015203729,-0.0006450564,6.715285e-05,1.314943e-05
volume_sn_voxels::v1299,0.0002594505,-0.00033299136,0.0003397881,0.00032115728,-0.0001954477,-0.00037589474,0.001251822,-0.0005203206,0.00020988901,0.00012103523
volume_sn_voxels::v1300,0.000379047,-0.00010888359,0.00046149798,8.582382e-05,0.000270696,-0.0003068875,0.0011149751,-0.00027597492,-0.00020375826,3.1689883e-06
volume_sn_voxels::v1301,0.00032512026,-0.0001684392,0.000426409,0.00010132339,0.0001470472,-0.00030232372,0.0012800562,-0.0004660824,-6.973479e-05,4.6944522e-05
volume_sn_voxels::v1302,0.0004397492,-0.00026898438,0.0003487235,0.00015074918,-0.00019337544,-0.00023774667,0.0012965474,-0.00045457334,0.00014020808,0.00017853823
volume_sn_voxels::v1303,0.00038948248,-0.00030205824,0.00020037494,0.00028426189,-0.00042127428,-0.00020437365,0.00097358425,-0.00028848817,0.00030381407,0.00018867412
volume_sn_voxels::v1304,0.0005548766,-0.00012406697,0.0001714743,-0.00016319574,-9.8128236e-05,-3.7152928e-05,0.0009402794,-0.00013897727,-7.741949e-05,0.00021198604
volume_sn_voxels::v1305,0.00055070175,-0.00024754734,-6.802655e-05,-7.2202594e-05,-0.0003782977,5.245388e-05,0.00069860456,-0.00012954623,8.336531e-05,0.00032441557
volume_sn_voxels::v1306,0.00047953863,-0.00032058023,-2.0747252e-06,0.00011443025,-0.0005659155,4.417563e-06,0.00049875333,-2.7194883e-06,0.00032084342,0.00030777097
volume_sn_voxels::v1307,0.00040909604,-0.0002782434,0.000134178,0.0002370904,-0.00066187285,3.6209797e-06,0.00046243114,5.6219542e-05,0.0004429686,0.0002917721
volume_sn_voxels::v1308,0.0005853927,-0.0001302501,-7.8541656e-05,-0.00026337436,-0.00021295589,0.00019068188,0.0005005135,5.1052964e-05,-0.00018328188,0.00033795374
volume_sn_voxels::v1309,0.0005723577,-0.00016692754,-0.0001667503,-0.0002604552,-0.0005021232,0.00023754445,0.00034593645,0.0001798262,-4.0747975e-05,0.00042175752
volume_sn_voxels::v1310,0.00056063535,-0.0002487522,-0.00012845463,-8.825888e-05,-0.00064575387,0.00021026783,0.00017917604,0.00022013273,0.00020183521,0.00043430537
volume_sn_voxels::v1311,0.0005404417,-0.00032933638,5.6926383e-05,0.0001193529,-0.0007067717,8.804875e-05,0.00018520774,0.0002355359,0.00043592567,0.00038776884
volume_sn_voxels::v1312,0.00045361323,-0.00032261078,0.00024751798,0.000265291,-0.000831093,3.1004296e-05,0.00017543213,0.0001578649,0.00066761964,0.00030663318
volume_sn_voxels::v1313,0.0005646751,-9.470313e-05,-0.00022388382,-0.00036634665,-0.0003439475,0.00031488156,0.0003139685,0.00019995164,-0.00021828768,0.00043182998
volume_sn_voxels::v1314,0.00061349757,-0.00016287633,-0.00032229593,-0.00040188283,-0.0005521876,0.00036544725,7.777303e-05,0.00029349467,-0.00011919048,0.0005438838
volume_sn_voxels::v1315,0.000743968,-0.0003037734,-0.0002389387,-0.00028433104,-0.0008793703,0.00030454004,9.19776e-06,0.00039804078,0.00014941853,0.0005936806
volume_sn_voxels::v1316,0.0006504994,-0.0003608583,-7.563847e-05,-6.0602844e-05,-0.0008055106,0.00018172094,-4.194931e-05,0.00033107374,0.00037666495,0.0005285822
volume_sn_voxels::v1317,0.0005314577,-0.00031894687,0.0001234122,0.00011391551,-0.000833425,0.00013446827,9.757263e-06,0.00023830317,0.00057380245,0.000406931
volume_sn_voxels::v1318,0.0005293068,-0.00019185359,0.00027550038,0.00019213463,-0.00073078147,0.00012196998,6.045816e-05,0.000103083,0.0007148436,0.00029412744
volume_sn_voxels::v1319,0.00060807733,2.5691423e-05,-0.00017013142,-0.00030189205,-0.00034039628,0.0004939296,0.00022911528,0.0003262481,-0.00027076376,0.00041774855
volume_sn_voxels::v1320,0.0006101208,-6.3391206e-05,-0.000252988,-0.00036556894,-0.0006207672,0.0004151666,4.37117e-06,0.00037359842,-0.00019124258,0.00053526746
volume_sn_voxels::v1321,0.00060549594,-0.00019130165,-0.00023656826,-0.0003019713,-0.0006457087,0.0002573053,-0.00012278494,0.00035412583,-4.3593573e-05,0.0004928255
volume_sn_voxels::v1322,0.00064253213,-0.00026849116,-8.858332e-05,-0.00019257756,-0.0008398883,0.00023510416,-0.00017108393,0.000327132,0.00019422658,0.00052710803
volume_sn_voxels::v1323,0.00060362305,-0.00024917358,-9.4918704e-07,-5.0818497e-05,-0.00073420093,0.000114457405,-0.00010519867,0.00017087584,0.00034504067,0.00045865454
volume_sn_voxels::v1324,0.000552112,-0.00015464067,0.00011100656,2.4353463e-05,-0.00069300504,0.00013068033,-4.439354e-05,8.857004e-05,0.0005183788,0.00040309344
volume_sn_voxels::v1325,0.00054544193,-9.411875e-05,0.00028987206,0.00012559361,-0.00062599895,0.00021179995,-2.716267e-05,-8.592842e-06,0.00069456926,0.00034083624
volume_sn_voxels::v1326,0.00047748495,0.00012302448,-6.852958e-05,-0.00014077357,-0.000272491,0.00053586136,0.00010367813,0.00039954178,-0.0003486318,0.0003785069
volume_sn_voxels::v1327,0.0005251108,4.8427e-05,-0.00012957864,-0.00027848245,-0.00048906304,0.0004476143,-7.413298e-05,0.0003719885,-0.00024240918,0.0004177629
volume_sn_voxels::v1328,0.0006121293,-8.806466e-05,-0.00014823295,-0.00035259256,-0.0007078616,0.00032235504,-0.00016444197,0.00041508046,-0.00011336746,0.00051378505
volume_sn_voxels::v1329,0.0005552631,-0.00014434732,-0.0001413981,-0.00026794788,-0.00060102117,0.00013531814,-0.00016619205,0.00024856513,3.5149616e-05,0.00051984936
volume_sn_voxels::v1330,0.00051615847,-0.000121809615,-6.792491e-05,-0.000232372,-0.00057399104,7.721614e-05,-0.00013332699,0.00014711208,0.000107839165,0.0005441464
volume_sn_voxels::v1331,0.0005679021,-6.9938076e-05,1.556194e-05,-0.0001236618,-0.0005111915,2.6236314e-05,-0.00010001712,-2.119653e-05,0.00027518134,0.0004899168
volume_sn_voxels::v1332,0.0005310774,-4.5588138e-05,0.0001930844,3.5773643e-05,-0.00055038626,0.00017804527,-8.3867744e-05,-6.624796e-05,0.00040089508,0.00040634314
volume_sn_voxels::v1333,0.00050288223,3.263132e-05,0.00039128613,0.00012450095,-0.0004984384,0.000327881,-0.00019563526,-0.00015142925,0.00040964474,0.00036034183
volume_sn_voxels::v1334,0.000404599,0.00010166638,0.00048239392,0.00020423377,-0.00036864806,0.0005877088,-0.0002958647,-0.0002299856,0.00037213467,0.00025365068
volume_sn_voxels::v1335,0.00041578064,0.0003483891,7.1971386e-05,3.1656975e-05,-0.00030776564,0.0008242244,2.0694272e-06,0.00060407585,-0.00034687298,0.0003496092
volume_sn_voxels::v1336,0.00048544127,0.00018996802,3.082417e-05,-0.00015856788,-0.00042818865,0.00054159475,-0.00014363138,0.0005319832,-0.00037111164,0.00039659618
volume_sn_voxels::v1337,0.0006230659,0.00010978744,-2.6744587e-05,-0.00028788942,-0.00054121576,0.00032458294,-0.00020304549,0.00040833186,-0.00026188727,0.00056248356
volume_sn_voxels::v1338,0.0006244448,3.1315325e-05,-7.9205754e-05,-0.00028749663,-0.0004365802,0.00011148322,-0.00018582796,0.0002459977,-0.00017164304,0.0005456727
volume_sn_voxels::v1339,0.0005541073,-3.433262e-05,-0.00010027566,-0.00019747065,-0.0003864749,-3.841717e-05,-0.00011380317,0.00011042874,-5.8260877e-05,0.00050828187
volume_sn_voxels::v1340,0.0004988864,-1.6294007e-05,1.1387746e-05,-0.00013651903,-0.00036846905,-6.398524e-05,-0.00012507795,-2.807615e-05,2.5439383e-06,0.000521114
volume_sn_voxels::v1341,0.0006015906,1.30888075e-05,0.00017903735,-0.00013182467,-0.0004722095,5.0954073e-05,-7.616269e-05,-0.0001368613,0.00011852189,0.0003820235
volume_sn_voxels::v1342,0.00050715054,1.9498759e-05,0.00035429595,-2.7550792e-05,-0.00043939575,0.00017246192,-0.00021727162,-0.00023492181,0.00027113617,0.00033910066
volume_sn_voxels::v1343,0.0003790326,2.1966729e-05,0.0004711401,7.182451e-05,-0.00039756027,0.00041249374,-0.00029049403,-0.00028850278,0.00013805178,0.0001570079
volume_sn_voxels::v1344,0.00026273608,0.0001295463,0.00056234386,0.000177864,-0.00015152844,0.00056304754,-0.00033412906,-0.00043768782,-2.4822004e-05,0.00015541959
volume_sn_voxels::v1345,0.00019049499,0.0002622848,0.0005979966,0.00040681337,0.000120040466,0.00085132587,-0.0003696774,-0.00057443714,-0.0002772487,0.00026244158
volume_sn_voxels::v1346,0.00047774607,0.00030215073,0.00013425152,5.1360148e-05,-0.0002994681,0.0006377561,-0.00017580122,0.0005735254,-0.0003536397,0.00040523687
volume_sn_voxels::v1347,0.00048066484,0.00021001167,9.133659e-05,-8.369221e-05,-0.00034260185,0.0003226524,-0.00018146614,0.00047851514,-0.00031715046,0.0004801388
volume_sn_voxels::v1348,0.00051288935,0.00015818082,-3.9649898e-05,-0.00019432443,-0.00032620935,1.3389587e-05,-0.00014671663,0.00029889416,-0.0003286609,0.0005186192
volume_sn_voxels::v1349,0.0006223989,0.00019948339,-5.1477713e-05,-0.00018344814,-0.0002497143,-0.00016014415,-0.00012699835,0.00011957709,-0.0002969888,0.00068357884
volume_sn_voxels::v1350,0.0005744611,0.00015845592,-3.0419422e-05,-0.00023885183,-0.00027925096,-0.00024119094,-6.830112e-05,-3.265622e-05,-0.00020057587,0.0005840358
volume_sn_voxels::v1351,0.0005551872,3.8586022e-05,0.00022008078,-0.00014436097,-0.00037414665,-8.538671e-05,-0.00011924214,-0.00014375735,-0.00013268295,0.00045111746
volume_sn_voxels::v1352,0.000455273,5.533597e-06,0.0004993058,-0.00019801536,-0.00038526393,9.48815e-05,-0.00025792996,-0.00018456158,-3.9021663e-05,0.00022423091
volume_sn_voxels::v1353,0.00039418752,1.0206156e-05,0.0005917942,-0.00010503223,-0.0004042372,0.00033334273,-0.00033583256,-0.0003281619,-0.00011233343,0.00013851587
volume_sn_voxels::v1354,0.00033922907,0.000103398896,0.000703581,4.0195842e-05,-0.00021169471,0.0005601933,-0.00035827715,-0.00052606047,-0.00035564843,3.6067428e-05
volume_sn_voxels::v1355,0.00017631559,0.00022700257,0.0005517013,0.00020831602,0.00013033462,0.00063844,-0.00019413144,-0.00054898555,-0.00050991017,9.835245e-05
volume_sn_voxels::v1356,0.00012562741,0.00033001983,0.00042792925,0.00026734362,0.0003650429,0.000587504,-0.0001460632,-0.00079519715,-0.00070105155,0.00022227046
volume_sn_voxels::v1357,0.00044276944,0.0006497658,0.00021363814,0.00032629838,-0.0001633923,0.0008724441,-0.00017449014,0.0006574177,-0.00042273258,0.00043580108
volume_sn_voxels::v1358,0.0005066174,0.00044538756,0.00016373162,7.9427795e-05,-0.00018866005,0.00037948423,-0.00015687359,0.00046057097,-0.0004225512,0.00045457645
volume_sn_voxels::v1359,0.00057281426,0.00036751005,6.653758e-05,-4.6938076e-05,-7.795468e-05,-3.124107e-05,-8.006265e-05,0.0003303136,-0.0004346788,0.00058394606
volume_sn_voxels::v1360,0.0005371269,0.0003364476,-3.1131814e-05,-0.000107141685,-0.00010546905,-0.0002715664,-4.285592e-05,0.00012222253,-0.00042323204,0.00062115066
volume_sn_voxels::v1361,0.00057757756,0.00029452785,6.76866e-05,-0.00019068083,-9.5003954e-05,-0.000386545,-6.398381e-06,-5.4816963e-05,-0.0003739816,0.00058516604
volume_sn_voxels::v1362,0.00046832667,0.00019926918,0.00020589173,-0.00022503876,-0.00019298782,-0.00019655419,-0.0001309117,-9.202128e-05,-0.00039245063,0.00037294888
volume_sn_voxels::v1363,0.00045845847,0.00013051297,0.00046950407,-0.00033402277,-0.00025389102,5.024171e-06,-0.00019062175,-0.00018236208,-0.0004140341,0.00012289369
volume_sn_voxels::v1364,0.0003520803,8.357677e-05,0.0006531694,-0.00029277653,-0.0002794025,0.00020744343,-0.00029789022,-0.00027779906,-0.0004905411,2.1612064e-05
volume_sn_voxels::v1365,0.0002738407,0.000105242565,0.0006699902,-0.00023490202,-0.0001470596,0.00032796862,-0.00030933463,-0.00041745868,-0.0006328722,1.7605244e-05
volume_sn_voxels::v1366,0.00016116677,0.00019189018,0.00057444925,3.9121346e-06,0.00011820344,0.0003800739,-0.00013506105,-0.00060950115,-0.00077498,4.77503e-05
volume_sn_voxels::v1367,0.0005170702,0.0007018638,0.00019669578,0.00033248818,4.3231207e-06,0.00039864142,-5.6371457e-05,0.00042083053,-0.00045871682,0.0005298953
volume_sn_voxels::v1368,0.0005985199,0.0005488065,0.00011412785,0.00013272295,6.406183e-05,-0.00011810652,3.4040906e-05,0.00024167988,-0.00045471994,0.00064701855
volume_sn_voxels::v1369,0.0005033773,0.0004251616,0.00012005023,6.0425235e-05,7.200155e-05,-0.00037593706,2.9021066e-05,9.951591e-05,-0.000515468,0.00059923664
volume_sn_voxels::v1370,0.0005142847,0.0004049385,0.00012544669,-0.00010351894,1.2478534e-05,-0.00040568973,2.452946e-05,7.932926e-06,-0.0005196855,0.0004822423
volume_sn_voxels::v1371,0.0005118654,0.00032290138,0.0003107091,-0.00025246965,-6.728269e-05,-0.00025581874,-8.095023e-05,-1.5143651e-05,-0.0005863292,0.00024573525
volume_sn_voxels::v1372,0.00044978585,0.00019084476,0.0005527969,-0.00037134864,-0.00015620116,-7.681643e-05,-0.00021015026,-9.2564136e-05,-0.0007118251,-4.070156e-05
volume_sn_voxels::v1373,0.00037409907,0.00015578142,0.0006425396,-0.0003662656,-0.00013916084,9.665474e-05,-0.00026240415,-0.00019113978,-0.0007387327,-0.0001580637
volume_sn_voxels::v1374,0.00026868007,0.00012876914,0.00063747156,-0.0002837117,6.654519e-06,0.00020396347,-0.00016637525,-0.00039439683,-0.00079118664,-7.232297e-05
volume_sn_voxels::v1375,0.0006289591,0.0007497844,0.00014753059,0.0004129217,0.000293074,-0.0001994947,0.00016251468,0.00017477266,-0.0006169615,0.0006870639
volume_sn_voxels::v1376,0.00051063026,0.00055259594,6.256467e-05,0.00017162174,0.00025890837,-0.00050771976,0.00016218614,3.7619076e-05,-0.00053125975,0.0005189774
volume_sn_voxels::v1377,0.00045924154,0.000405164,0.000268258,2.4622857e-06,0.00016721466,-0.00038271787,2.7349302e-05,-1.0894926e-05,-0.0006632975,0.00034119273
volume_sn_voxels::v1378,0.00041457973,0.00030765758,0.0004257276,-0.00021558568,6.321765e-05,-0.00021250885,-0.00011291379,5.3958112e-05,-0.0008399781,4.3088505e-05
volume_sn_voxels::v1379,0.00040315065,0.00023384119,0.00061449775,-0.00037603933,-6.078073e-06,4.003893e-05,-0.00021228348,2.2932643e-05,-0.0010337717,-0.0002257875
volume_sn_voxels::v1380,0.00028528288,0.00024307866,0.00075820467,-0.0003894922,7.799413e-05,0.00014817862,-0.00026469666,-0.00012619431,-0.0011381774,-0.0003526831
volume_sn_voxels::v1381,0.00020011558,0.00022437701,0.00070826,-0.00027550952,0.00013751892,0.00021651555,-0.00010497425,-0.00026314866,-0.0011541934,-0.000194215
volume_sn_voxels::v1382,0.00036715303,0.0003708052,0.00056071643,-7.732697e-05,0.00019745891,-0.00015644157,-6.8385765e-05,3.9775892e-05,-0.00095287705,-8.084305e-05
volume_sn_voxels::v1383,0.00027906703,0.000275468,0.0007191684,-0.00020965867,0.00015553321,0.00012074407,-0.00016738175,3.6227204e-05,-0.0011422684,-0.00033721625
volume_sn_voxels::v1384,0.00023727772,0.0002668403,0.0007884395,-0.00024481196,0.00021534173,0.00022044218,-0.00020707521,-3.952189e-05,-0.0013353032,-0.00035211904
volume_sn_voxels::v1385,0.00012324932,-0.00013261009,0.0006042013,0.0002467215,0.0003317149,-0.00035326034,0.0015016795,-0.0007819684,1.3305752e-05,-0.00011488731
volume_sn_voxels::v1386,0.00019900162,-0.00013594658,0.00049910176,0.00017274411,0.00031437038,-0.0003392622,0.0013558134,-0.0007137598,-2.165384e-05,-3.6354457e-05
volume_sn_voxels::v1387,0.00018275969,-0.00022892971,0.00046129545,0.00019137793,0.00011273619,-0.00039179754,0.0013146251,-0.0007881567,0.00017779953,2.777569e-05
volume_sn_voxels::v1388,0.00037472902,-0.00020290341,0.00036239042,1.3319705e-05,8.24832e-05,-0.00017542695,0.0014708567,-0.00067438924,5.0212443e-06,9.4697425e-05
volume_sn_voxels::v1389,0.00030924968,-0.00015715341,0.0002809334,8.349063e-05,-0.000107508575,-0.00020992827,0.0013049173,-0.0006813037,0.00017978904,0.0001788621
volume_sn_voxels::v1390,0.0002865581,-0.00014638453,0.00027648505,9.680577e-05,-0.00028478185,-0.00018776013,0.0012076832,-0.0006732293,0.00038610835,0.0001584407
volume_sn_voxels::v1391,0.0005400607,-6.341612e-05,0.00019394727,-0.0002547863,0.00012404172,-8.55797e-05,0.0010337867,-0.0003343416,-0.00032362464,0.00018915778
volume_sn_voxels::v1392,0.00048574386,-0.00012199428,-2.9375697e-05,-0.00024364919,-7.819494e-05,6.2272775e-05,0.0009097055,-0.00036472696,-0.00016633139,0.00020748761
volume_sn_voxels::v1393,0.00043656916,-0.00017989748,-5.2881944e-05,-0.00020573859,-0.00025828532,9.2876995e-05,0.0007702694,-0.00041098456,6.336408e-05,0.00029673765
volume_sn_voxels::v1394,0.0004609726,-0.00015192895,2.4540079e-05,-4.7707606e-05,-0.00043293252,7.913425e-06,0.00097594346,-0.00047946945,0.00033604164,0.00032070169
volume_sn_voxels::v1395,0.00038012344,-0.00015272024,0.00019758963,0.00013677798,-0.0005445909,-8.662654e-05,0.00090722006,-0.000460442,0.00062562735,0.00031005297
volume_sn_voxels::v1396,0.00056727865,-4.5073633e-05,-7.377663e-05,-0.00048661046,-2.7765816e-05,0.00014847185,0.0006639497,-5.1110153e-05,-0.0003824632,0.00033324515
volume_sn_voxels::v1397,0.00053435867,-6.90839e-05,-0.0002797586,-0.00046523567,-0.00024912864,0.0002551958,0.0005074946,-0.00014210363,-0.0002528854,0.00034539035
volume_sn_voxels::v1398,0.00048518518,-0.00010826179,-0.000285458,-0.00035507168,-0.0003857958,0.00021652429,0.00045469357,-0.00010182234,-5.927437e-05,0.0004014442
volume_sn_voxels::v1399,0.00052804826,-0.00011993616,-0.00023765245,-0.00024819965,-0.0005678407,0.00021479523,0.00055734935,-0.00026282173,0.0001863958,0.00045616293
volume_sn_voxels::v1400,0.0005206958,-0.00013711756,3.276587e-05,2.977414e-05,-0.00063625915,0.00013305923,0.00064251776,-0.00031229385,0.00048002266,0.00039510377
volume_sn_voxels::v1401,0.00047155557,-5.2079708e-05,0.00026806575,0.00011807408,-0.00060119136,7.817603e-05,0.0006493279,-0.00032860547,0.00086019305,0.0002743063
volume_sn_voxels::v1402,0.0005995054,1.8326407e-05,-0.00020012454,-0.00050220184,-9.696113e-05,0.00040259195,0.0004854319,5.899012e-05,-0.0004892855,0.00030184758
volume_sn_voxels::v1403,0.00047901398,1.738185e-05,-0.00037486717,-0.0005246982,-0.0003063778,0.00039957458,0.00025894452,3.8273538e-05,-0.00033037522,0.00040347013
volume_sn_voxels::v1404,0.0005119213,-3.4364915e-05,-0.00040303936,-0.00051044667,-0.00040694466,0.00033731796,0.00021383144,5.712969e-05,-0.00017792257,0.00048316063
volume_sn_voxels::v1405,0.00057371,-6.103926e-05,-0.00035073017,-0.00037838845,-0.0005883998,0.00032430218,0.00028570235,-1.5599733e-05,4.1276853e-05,0.0005135559
volume_sn_voxels::v1406,0.00057356607,-7.6526085e-05,-0.00019429853,-0.00019803015,-0.0006454557,0.00023021625,0.00034503726,-7.046493e-05,0.00035615172,0.00050436065
volume_sn_voxels::v1407,0.0005176754,-7.3188894e-06,0.00012580362,5.8017254e-06,-0.0005751386,0.00014107251,0.0004372418,-0.00021209737,0.0006561462,0.00039752005
volume_sn_voxels::v1408,0.00052669796,9.556805e-05,-0.00018899918,-0.000508256,-0.0001750507,0.00047446208,0.00036037437,0.0002627198,-0.00042115827,0.00034854907
volume_sn_voxels::v1409,0.00049765117,3.2817887e-05,-0.00030569415,-0.00054667605,-0.00032285004,0.00044790076,0.00012460168,0.00021451413,-0.00036228844,0.00038539578
volume_sn_voxels::v1410,0.0005211555,1.5400748e-05,-0.00028519024,-0.0005542627,-0.0004615509,0.00040664859,6.808644e-05,0.00017964121,-0.00026161142,0.00036638376
volume_sn_voxels::v1411,0.0005619299,-4.007574e-05,-0.00028794352,-0.00045684777,-0.0005813158,0.00031305425,7.269939e-05,0.00014498306,-6.794621e-05,0.00056893023
volume_sn_voxels::v1412,0.00057759095,-2.0581992e-06,-0.00021384316,-0.00030039813,-0.0005064389,0.00025366782,0.00016757654,3.6688638e-05,0.00018501356,0.0005027887
volume_sn_voxels::v1413,0.00054238795,3.565771e-05,-5.117971e-05,-0.000100336074,-0.0006022783,0.00019017118,0.00029265758,-0.00015319801,0.00043407994,0.00045983616
volume_sn_voxels::v1414,0.00053178024,0.00012318922,5.656409e-05,-6.1321653e-06,-0.00044728923,0.00013817518,0.0003158335,-8.874357e-05,0.00076656253,0.0004300729
volume_sn_voxels::v1415,0.00043407956,0.00021436015,-0.00011722461,-0.00034468493,-0.00021603439,0.00055771443,0.00023284457,0.0003846571,-0.00042005104,0.00026585616
volume_sn_voxels::v1416,0.00043426824,0.0001309647,-0.00014600425,-0.00040567736,-0.00039694784,0.00047474098,3.345889e-05,0.0003769306,-0.0003542294,0.00029968747
volume_sn_voxels::v1417,0.0005057563,0.00011027677,-0.00016596136,-0.000513057,-0.00046527668,0.00045224992,-5.2385367e-05,0.00040331477,-0.0002600366,0.00040940952
volume_sn_voxels::v1418,0.00054898014,7.369844e-05,-0.00016110038,-0.0005564897,-0.0005991036,0.00030348822,-3.189759e-05,0.00025141714,-0.00014887252,0.00047874302
volume_sn_voxels::v1419,0.00053897884,5.78578e-05,-0.00018160656,-0.00036888462,-0.00050460646,0.00019225388,-1.1036395e-06,0.0001710353,1.5731608e-05,0.0005667844
volume_sn_voxels::v1420,0.0005214353,0.000122021986,-9.9815465e-05,-0.00021375983,-0.00036847347,6.7142915e-05,0.00012564665,-1.7869539e-05,0.00024565813,0.0005574647
volume_sn_voxels::v1421,0.0005322396,0.0001413162,-3.9961255e-05,-6.3763146e-05,-0.00043156603,9.171427e-05,0.00019196741,-9.542666e-05,0.00048061847,0.0005944482
volume_sn_voxels::v1422,0.00052224053,0.00020110121,0.00014739593,1.216578e-05,-0.0003797004,0.00025227154,0.00020584282,-0.00015891569,0.0006185294,0.00046143364
volume_sn_voxels::v1423,0.00047118083,0.00037674836,3.6870148e-05,-7.274541e-05,-0.00024571718,0.00074162043,9.180684e-05,0.00050745456,-0.0003983403,0.00024635156
volume_sn_voxels::v1424,0.00043095814,0.00031519242,2.5181002e-05,-0.00028670658,-0.00033914452,0.0006233885,-9.732942e-05,0.00062565954,-0.0003621794,0.00028289197
volume_sn_voxels::v1425,0.00046899947,0.00014135119,2.8839177e-05,-0.0003860842,-0.0004974407,0.00048467063,-0.00015007531,0.00061360234,-0.00030620815,0.00035075023
volume_sn_voxels::v1426,0.00053380255,0.00013267054,-2.0163114e-05,-0.00039013178,-0.00055534026,0.0002815927,-0.0001631282,0.00056738046,-0.00021838937,0.00040153903
volume_sn_voxels::v1427,0.0005896381,0.00013929742,-5.6966543e-05,-0.00034466514,-0.00045251643,0.00012693927,-0.0001020619,0.00027571092,-0.00010053776,0.00054667634
volume_sn_voxels::v1428,0.00055975124,0.00016598681,-7.421166e-05,-0.00020206333,-0.0003041442,-4.0080395e-06,4.6894973e-05,5.229698e-05,-5.3067342e-06,0.00067056785
volume_sn_voxels::v1429,0.0005053979,0.00023346908,-5.56579e-05,-0.00013130484,-0.00023918567,2.0699651e-06,0.00018292524,-2.851473e-05,0.00015004238,0.0005794766
volume_sn_voxels::v1430,0.0005596559,0.00015675227,8.686686e-05,3.7817186e-05,-0.00037313285,9.739586e-05,0.0002890905,-0.00016113785,0.00037046612,0.00048676523
volume_sn_voxels::v1431,0.00035647242,0.0005708261,0.00011024897,0.00023050387,-0.00013687748,0.0010315655,2.835843e-05,0.00059367093,-0.00036421506,0.00024625091
volume_sn_voxels::v1432,0.00040394196,0.0005158672,0.00015769685,-2.343225e-05,-0.00038653382,0.0008375326,-0.00011547795,0.0006672259,-0.00035627262,0.00026671568
volume_sn_voxels::v1433,0.00047470117,0.00026665122,0.00019148114,-0.00021000025,-0.00054838613,0.0005846204,-0.00025597855,0.0007976722,-0.00038223172,0.0002822095
volume_sn_voxels::v1434,0.000522251,0.00026231664,0.00015290653,-0.00029424363,-0.0004900866,0.00028891768,-0.00020133273,0.00063459127,-0.0003144047,0.00036757303
volume_sn_voxels::v1435,0.00053977146,0.00023510167,2.9612851e-05,-0.0003213626,-0.0003793351,7.526528e-05,-7.9557605e-05,0.00033765828,-0.0002643837,0.00053219445
volume_sn_voxels::v1436,0.00052517315,0.0002596458,-8.000247e-05,-0.00019669038,-0.00023489272,-0.00016461154,2.2235668e-05,0.00014613746,-0.00016300034,0.0005839573
volume_sn_voxels::v1437,0.00048507375,0.00024315155,-3.294921e-05,-0.00013693397,-0.00016219245,-0.00016313304,0.00017847535,-2.2521383e-05,-5.4427594e-05,0.0006503908
volume_sn_voxels::v1438,0.00050389115,0.0002942446,7.7419805e-05,-8.360481e-05,-0.00023073956,-4.5141365e-05,0.00023086052,-0.00013404037,3.4760744e-06,0.0005124682
volume_sn_voxels::v1439,0.0004720095,0.00018246283,0.0003002875,-4.756676e-05,-0.0004213488,0.00017645874,0.00022356198,-0.00016547398,0.00016372367,0.00029935793
volume_sn_voxels::v1440,0.00041351956,0.0009170403,0.00015787296,0.00054340163,4.8352135e-06,0.001444017,-0.0001107458,0.00067518576,-0.00035930934,0.00043281022
volume_sn_voxels::v1441,0.00040688805,0.0006918777,0.00031977912,0.00022547075,-0.00024891997,0.0010123707,-0.00019160469,0.0007998277,-0.0004378841,0.0003060959
volume_sn_voxels::v1442,0.0005112772,0.00046698694,0.0003210375,-3.2303968e-05,-0.00032555644,0.0005825847,-0.00020562587,0.00076233834,-0.00035358206,0.00030158032
volume_sn_voxels::v1443,0.00047760105,0.0003297704,0.0002582877,-0.0001875287,-0.0002960175,0.00023059962,-0.0001796676,0.0006419078,-0.00033295105,0.00029107038
volume_sn_voxels::v1444,0.0005774692,0.00043499834,0.0001570536,-0.00021063373,-0.00029216366,-4.461761e-05,-0.00010536484,0.0005110854,-0.000362034,0.0005666636
volume_sn_voxels::v1445,0.0006125382,0.00037527145,7.535857e-05,-0.00016182677,-0.00010605097,-0.00031224277,1.6411746e-05,0.00026800585,-0.0003409779,0.0006920301
volume_sn_voxels::v1446,0.0005376235,0.00032776367,3.69462e-05,-0.00015911361,-7.055563e-05,-0.00031404744,0.00011602212,2.0515978e-05,-0.0002868935,0.0006442649
volume_sn_voxels::v1447,0.0005734621,0.00030412583,0.00016659385,-0.00019450448,-0.00017724089,-0.0002563667,0.00021293241,-5.5748566e-05,-0.000257012,0.0005156652
volume_sn_voxels::v1448,0.0004833709,0.00031696583,0.0004048556,-0.00022548961,-0.00028332323,1.8791696e-05,0.00017375106,-7.695232e-05,-0.0002343894,0.00021747976
volume_sn_voxels::v1449,0.0003296636,0.00018496753,0.00048926513,-0.00019823607,-0.00035215117,0.000222438,1.680145e-05,-0.00013457857,-0.0002687222,-6.197923e-05
volume_sn_voxels::v1450,0.00035609154,0.0010935745,0.00013822933,0.00093427504,0.00018862303,0.0014803759,-0.00011444974,0.00044153281,-0.00032655196,0.0005284769
volume_sn_voxels::v1451,0.00046600183,0.00090882386,0.00019968285,0.0005169638,-4.5799752e-05,0.0010767075,-0.00020608811,0.000648153,-0.00042870073,0.0006028601
volume_sn_voxels::v1452,0.00047215042,0.000705887,0.00030017662,0.00019790979,-0.00017275612,0.0006040285,-0.00016631046,0.0006520852,-0.0004312551,0.00047072858
volume_sn_voxels::v1453,0.0005888937,0.00056372496,0.00029155856,-4.2682444e-05,-0.00018594148,0.00021956253,-0.00010762554,0.0005453917,-0.00038125188,0.00046655937
volume_sn_voxels::v1454,0.00063058035,0.00047466173,0.00020631774,-4.9572584e-05,-0.00010667863,-0.00027706524,-2.6378884e-05,0.0004405918,-0.0004645514,0.00065444043
volume_sn_voxels::v1455,0.0005886661,0.0005546771,0.00016347299,-0.00013920577,-2.4173016e-05,-0.0005044879,2.1649254e-05,0.00022015581,-0.00046779198,0.00068845315
volume_sn_voxels::v1456,0.00056950905,0.00047664685,0.0001571735,-0.00019283588,-1.7113781e-06,-0.00050598406,9.261523e-05,0.00010416556,-0.000553904,0.00054993946
volume_sn_voxels::v1457,0.00051631866,0.00036477897,0.00042070355,-0.00027076222,-8.348785e-05,-0.0003105737,8.157633e-05,2.5941265e-05,-0.0006212533,0.00032617722
volume_sn_voxels::v1458,0.00039381575,0.00023117528,0.00046161117,-0.00040398425,-0.00017241012,-7.235501e-05,-7.0354818e-06,3.8667226e-06,-0.0006196965,-4.7536214e-05
volume_sn_voxels::v1459,0.00036271592,0.00022864457,0.0006714121,-0.0003997506,-0.00023250894,0.00015552426,-0.00011351254,-4.5068053e-05,-0.00077546533,-0.00021692547
volume_sn_voxels::v1460,0.00039735867,0.0010453273,0.00010376569,0.00071489566,0.00013279589,0.00094457873,-0.00011577045,0.00031984158,-0.00024606194,0.00077523984
volume_sn_voxels::v1461,0.0005027723,0.00089650066,0.00020469892,0.0004339919,7.796936e-05,0.00048092843,-7.8413424e-05,0.00040248292,-0.0003672696,0.0007874993
volume_sn_voxels::v1462,0.0006280525,0.0008074359,0.00024078025,0.00024235749,1.775197e-05,-9.2699614e-05,-2.2245387e-05,0.00037693972,-0.00039496063,0.00084668066
volume_sn_voxels::v1463,0.0006056907,0.0007003582,0.0002360277,0.00011001376,6.522325e-05,-0.00046482877,4.6062036e-05,0.00018638313,-0.00044185552,0.000872371
volume_sn_voxels::v1464,0.00057406933,0.00059205043,0.00018215206,-3.2454027e-05,0.000114331946,-0.00069148606,4.4722303e-05,0.000111165355,-0.000513405,0.00062337745
volume_sn_voxels::v1465,0.00054169004,0.00053284306,0.0003189825,-0.00015276272,5.6187826e-05,-0.00068408955,5.5780285e-05,5.4704826e-05,-0.0006622955,0.000374395
volume_sn_voxels::v1466,0.0004965709,0.00036591178,0.00053208653,-0.00033840336,1.9005411e-06,-0.00039584332,1.3126892e-05,0.0001134029,-0.0008952812,6.146536e-05
volume_sn_voxels::v1467,0.00038454,0.00024606823,0.00069022755,-0.00054646167,-5.55373e-05,-0.000104729654,-0.00020573166,0.00013252095,-0.0010914567,-0.0002706747
volume_sn_voxels::v1468,0.00032153714,0.00017441153,0.0007628608,-0.0005577832,-3.828484e-05,0.000113967595,-0.00019076874,0.00011921133,-0.0011479354,-0.00036359465
volume_sn_voxels::v1469,0.00017066376,0.00016818805,0.0006582335,-0.00042795233,7.214362e-05,0.0001426976,-0.00011343722,-9.939751e-05,-0.001200297,-0.00029956643
volume_sn_voxels::v1470,0.00040596595,0.0008623227,-2.2351296e-06,0.00056908047,0.00023543072,0.00012651242,3.756295e-05,0.000115930154,-0.000115061775,0.0009395831
volume_sn_voxels::v1471,0.0005087171,0.0008734517,8.26953e-05,0.00038537354,0.00025465802,-0.00035071446,4.5188648e-05,2.0873613e-05,-0.00018619343,0.0009215628
volume_sn_voxels::v1472,0.0004943204,0.0007362185,0.000127515,0.00026754188,0.00019521294,-0.0006894208,0.000124693,-1.92214e-05,-0.000309986,0.0007726521
volume_sn_voxels::v1473,0.00048271584,0.0006481899,0.00013233525,0.000117275784,0.0002277514,-0.0009418279,9.712561e-05,-5.498045e-05,-0.0004507006,0.00054775446
volume_sn_voxels::v1474,0.000532267,0.0005230314,0.0003525757,-5.2508163e-05,0.00020966285,-0.00087856443,2.1496644e-05,3.1647814e-05,-0.0007664471,0.00028604234
volume_sn_voxels::v1475,0.00040863414,0.00036861698,0.0005419855,-0.00033240623,7.680166e-05,-0.00047335282,-4.297657e-05,0.00010760058,-0.0010258462,-0.00015255976
volume_sn_voxels::v1476,0.000308116,0.00025284546,0.0008418856,-0.0004997128,6.862433e-05,-0.0001058467,-0.00017060836,0.00020084083,-0.0013298847,-0.00042616058
volume_sn_voxels::v1477,0.00025348467,0.00012927895,0.000870722,-0.0005277959,0.00015092116,3.6722453e-05,-0.000202672,0.00015491388,-0.0012132366,-0.00047293748
volume_sn_voxels::v1478,0.00044137443,0.0006339565,-2.4701028e-05,0.00036748705,0.00032239605,-0.00074513326,0.00015299383,-0.00010738492,-6.257596e-05,0.0007029008
volume_sn_voxels::v1479,0.00040403137,0.0005609114,0.00010020956,0.00023981383,0.00033478788,-0.0009245786,0.00010149888,-0.00013823046,-0.00027245673,0.0004894207
volume_sn_voxels::v1480,0.00040724865,0.00047612222,0.0003730755,7.1963936e-05,0.00027688398,-0.00075447786,1.919728e-05,-7.306842e-05,-0.0005713351,0.0001862379
volume_sn_voxels::v1481,0.00031961207,0.00042986046,0.00058536755,-0.00015409762,0.00023649214,-0.00039481343,-0.00011547438,5.0118877e-05,-0.0010388596,-0.00014524552
volume_sn_voxels::v1482,0.00026620086,0.00025150893,0.0007586847,-0.00034082046,0.00021424351,-0.00013073882,-0.00014140092,0.00019359471,-0.0012538072,-0.0003924896
volume_sn_voxels::v1483,0.00022091337,-8.897437e-05,0.00045037008,0.00014246671,0.0001893812,-0.00031758947,0.0013832258,-0.0007118268,8.325011e-05,-5.918808e-06
volume_sn_voxels::v1484,0.00015509428,-0.000164928,0.00045094005,0.0002412997,1.7390927e-05,-0.0002982632,0.0014870308,-0.0008558577,0.0003186482,-2.656069e-06
volume_sn_voxels::v1485,0.00040058565,3.321127e-05,0.0002865588,8.292698e-06,0.00024353487,-0.00010232381,0.0009357947,-0.00027583487,-0.00029480082,8.653687e-05
volume_sn_voxels::v1486,0.00041263914,2.8578663e-06,0.00023724524,-0.00011002307,0.00016824895,-0.000110011366,0.0010850728,-0.00056599634,-0.00022030322,0.00012994054
volume_sn_voxels::v1487,0.00036624,-0.0001111068,0.00019808432,-7.298146e-05,2.66933e-05,-0.00012951238,0.0013533,-0.00081887265,1.1557873e-06,0.00014151887
volume_sn_voxels::v1488,0.00034298305,-0.00013154901,0.00025518492,2.9270679e-05,-8.405298e-05,-0.00024343733,0.0013427958,-0.0008116191,0.00028482667,0.00016041685
volume_sn_voxels::v1489,0.0005170713,4.0563493e-05,0.00018210178,-0.00023045583,0.00016723643,1.045607e-06,0.00084094075,-0.00015940012,-0.00041180386,0.0002331548
volume_sn_voxels::v1490,0.00050376303,5.6841786e-06,6.4811925e-06,-0.00047757282,4.555776e-05,8.507243e-05,0.0007386966,-0.00037613223,-0.000322623,0.00023060663
volume_sn_voxels::v1491,0.00043984785,-8.284777e-05,-0.00010234674,-0.00034037253,-0.00011864443,0.000111868474,0.000818873,-0.00046680833,-0.00015759356,0.00026170802
volume_sn_voxels::v1492,0.00045903196,-7.8441226e-05,-2.0091064e-05,-0.00031631187,-0.00028594554,7.18094e-05,0.0010318025,-0.0005898676,0.00011439911,0.0003305772
volume_sn_voxels::v1493,0.0005788771,6.0086684e-05,-4.0418977e-06,-0.00048691922,3.6902282e-05,0.00010751384,0.0006370635,-5.7951056e-05,-0.00042878985,0.00023930002
volume_sn_voxels::v1494,0.0005638392,1.24020835e-05,-0.00024526566,-0.0006476789,-4.176516e-05,0.00026821054,0.000540217,-0.00014580188,-0.00047332267,0.0002733945
volume_sn_voxels::v1495,0.00048081993,-2.2977323e-05,-0.00030727737,-0.00057699933,-0.00019094633,0.00027470267,0.0003976866,-0.00018728957,-0.00037542568,0.0002935728
volume_sn_voxels::v1496,0.0005022438,-1.08676295e-05,-0.00029227382,-0.0004448393,-0.00032149497,0.00025675815,0.00054001,-0.00028750638,-9.311432e-05,0.00028873523
volume_sn_voxels::v1497,0.00050382235,2.2419816e-05,-0.00010735409,-0.00028505464,-0.0004756556,0.00021752839,0.0008077075,-0.0005056753,0.00027364155,0.00039239266
volume_sn_voxels::v1498,0.0005753294,8.631918e-05,-8.062445e-05,-0.00066375127,-5.8003143e-06,0.0002760965,0.0005694715,0.00010174197,-0.00052101637,0.00024794185
volume_sn_voxels::v1499,0.00049238536,6.6303e-05,-0.00030015115,-0.00063767366,-0.00017077055,0.0003341379,0.00027299672,7.3936662e-06,-0.00047498077,0.00029195094
volume_sn_voxels::v1500,0.0004838442,4.3656903e-05,-0.00036260363,-0.00065668713,-0.00025475668,0.00040996837,0.00019921499,2.4539806e-06,-0.00037530033,0.00026254874
volume_sn_voxels::v1501,0.0004480887,6.080766e-05,-0.00032232393,-0.0004654439,-0.0003414229,0.00034721545,0.0002495052,-8.71903e-05,-0.00021628411,0.00035745045
volume_sn_voxels::v1502,0.00049344864,9.417172e-05,-0.00023113155,-0.00044429034,-0.00047746682,0.0002518113,0.00047811674,-0.000277473,0.000105129315,0.0003880198
volume_sn_voxels::v1503,0.0005286278,0.00010931511,-0.00012879624,-0.0005429139,-4.4208635e-05,0.00038205003,0.00047081357,0.00019808095,-0.000474362,0.00013902105
volume_sn_voxels::v1504,0.00049841165,0.00012309787,-0.00030052406,-0.0006641112,-0.00018585206,0.00045299545,0.00021910625,0.00012880198,-0.00054843165,0.00025108212
volume_sn_voxels::v1505,0.0004982866,9.213344e-05,-0.00031684944,-0.0007030828,-0.0003597676,0.00042617894,8.0762795e-05,0.00010925094,-0.00048612672,0.00028035152
volume_sn_voxels::v1506,0.00043650536,8.3771076e-05,-0.0003267441,-0.000639576,-0.0003621712,0.0003777752,8.561874e-05,0.000114459406,-0.0002949724,0.00034562312
volume_sn_voxels::v1507,0.0005347767,8.014717e-05,-0.00021538668,-0.00050781324,-0.00046397973,0.00029394278,0.00022304503,-4.2400545e-05,-3.0526582e-05,0.000419128
volume_sn_voxels::v1508,0.0005109518,9.261842e-05,-0.00012721581,-0.0003334108,-0.00046265507,0.00022809944,0.00036818473,-0.00016941903,0.00028738615,0.00047731423
volume_sn_voxels::v1509,0.00048614683,0.0001726807,2.3978007e-05,-0.00012688317,-0.00041204988,0.00019530363,0.00041162342,-0.00027618228,0.00061890896,0.00043893576
volume_sn_voxels::v1510,0.00049136265,0.00015762975,-0.00010097628,-0.0004523992,-7.277368e-05,0.0005647407,0.00048946845,0.00037161793,-0.00038862144,7.866547e-05
volume_sn_voxels::v1511,0.0004578253,0.0002086455,-0.00024343497,-0.00059593614,-0.0002294426,0.000576685,0.00015921688,0.0003250925,-0.00046028043,0.00018316827
volume_sn_voxels::v1512,0.00046665524,0.00015016313,-0.00023738162,-0.00057675096,-0.00039367648,0.00043444196,1.5237626e-05,0.00030108995,-0.00040883003,0.00019446189
volume_sn_voxels::v1513,0.00041184478,0.00016363869,-0.00021376523,-0.0006202188,-0.00042878915,0.00036987846,-2.1596522e-06,0.000316043,-0.0002941908,0.00026095426
volume_sn_voxels::v1514,0.0004992255,0.00016207101,-0.00018392771,-0.000515183,-0.00049610564,0.0003477559,7.3430696e-05,0.00022162456,-0.00014670547,0.00040956875
volume_sn_voxels::v1515,0.00056179106,0.00023563087,-0.0001411168,-0.00035840544,-0.0005338691,0.0002165848,0.00012331257,-7.751271e-06,0.00011884328,0.0005985934
volume_sn_voxels::v1516,0.00045327502,0.00035010293,-0.00010760157,-0.00023407927,-0.00013632889,0.0008340126,0.00042704568,0.00041530177,-0.00036363213,1.4720585e-05
volume_sn_voxels::v1517,0.00039885644,0.00030609156,-0.00012307621,-0.00040095104,-0.00031467967,0.0006488421,8.236579e-05,0.00049228023,-0.000459084,0.00013181797
volume_sn_voxels::v1518,0.00044847655,0.0002952451,-5.2848958e-05,-0.00047928013,-0.0004936631,0.0005284412,-8.253119e-05,0.0005183105,-0.00036442242,0.00018910394
volume_sn_voxels::v1519,0.00047833208,0.00024618855,-3.0375915e-05,-0.0005221708,-0.00055098627,0.00040805648,-0.00012510439,0.0006134674,-0.00028265017,0.00023778927
volume_sn_voxels::v1520,0.00053570175,0.00021029594,-3.5120986e-06,-0.00045386553,-0.00048098026,0.00030905503,-8.285698e-05,0.0004815352,-0.00018789833,0.00034790437
volume_sn_voxels::v1521,0.0005014445,0.00023667402,-4.242635e-05,-0.00031223457,-0.00041960092,0.0001641168,3.5706184e-05,0.00026482882,-8.574821e-05,0.00050799415
volume_sn_voxels::v1522,0.00048671788,0.00027014504,-9.186453e-05,-0.000142437,-0.0002775761,9.422865e-05,0.00020466845,-2.2790493e-06,0.00015479187,0.0005772791
volume_sn_voxels::v1523,0.00037592373,0.00059097755,-6.902357e-05,0.000103773724,-0.000126157,0.0010322345,0.00033979132,0.00046924682,-0.0003262751,0.00013441917
volume_sn_voxels::v1524,0.0003779517,0.0004620328,-5.5214452e-05,-0.0001362633,-0.0002903298,0.0008315339,-4.12532e-06,0.000568723,-0.00034114037,0.000121101686
volume_sn_voxels::v1525,0.0004386293,0.00039090696,9.1247144e-05,-0.0003476864,-0.00044446197,0.00062906585,-0.00014357535,0.00072977744,-0.00040260114,0.00017273004
volume_sn_voxels::v1526,0.00048228246,0.00036830036,0.00023127704,-0.00043077717,-0.00055485184,0.0004763867,-0.00020089245,0.00087856466,-0.0003472204,0.0002054639
volume_sn_voxels::v1527,0.00051671476,0.00027883926,0.00020087049,-0.00038941274,-0.00047925464,0.000355685,-0.00016616913,0.0007717769,-0.00028469085,0.00026537222
volume_sn_voxels::v1528,0.0005753416,0.00030921647,9.68953e-05,-0.0003024015,-0.0003459805,0.00012607152,-5.709742e-05,0.00048298555,-0.00017571564,0.0005256845
volume_sn_voxels::v1529,0.00049048464,0.00029158045,-2.3907773e-05,-0.00018707478,-0.00018702465,-6.666376e-05,0.00010158248,0.000113918235,-3.0466348e-05,0.0006000608
volume_sn_voxels::v1530,0.0005030571,0.00034386216,-3.831932e-05,-4.964735e-05,-0.00015076021,-0.00010179202,0.00030983522,-0.000114929935,9.8776094e-05,0.0005878138
volume_sn_voxels::v1531,0.00028994726,0.00067000696,9.371774e-06,0.0001235185,-0.00015666908,0.00079750357,-8.284113e-05,0.00055820006,-0.00033310798,0.0002198909
volume_sn_voxels::v1532,0.00039704377,0.0005579249,0.00014795593,-0.00013687469,-0.0003561477,0.0006549751,-0.0001797197,0.0007246641,-0.00042785567,0.00024207306
volume_sn_voxels::v1533,0.0004619936,0.00046105828,0.00028012093,-0.00019525182,-0.00046411404,0.00044255977,-0.00014969813,0.00079643243,-0.00035386533,0.00021627748
volume_sn_voxels::v1534,0.00047416778,0.00035800945,0.00027975684,-0.0002818287,-0.0004045763,0.0002249523,-0.00015348075,0.00074396626,-0.00027777327,0.00027082895
volume_sn_voxels::v1535,0.00060250505,0.00043235082,0.00025761581,-0.00027989142,-0.00034577187,-5.4038275e-05,-0.00010839099,0.00052154524,-0.0002852517,0.0005832272
volume_sn_voxels::v1536,0.0005001621,0.00043562564,0.000115590796,-0.00014746746,-0.0002036312,-0.00019976139,0.000112614296,0.00020900392,-0.00017795574,0.0006702373
volume_sn_voxels::v1537,0.0005538923,0.00040361396,9.4606185e-05,-0.00011486586,-0.0001047718,-0.00024212134,0.00031663358,4.1941887e-05,-0.0001503021,0.000667799
volume_sn_voxels::v1538,0.0004999809,0.0004130309,0.00015451666,-2.2934593e-05,-0.00021479318,-0.00016684091,0.00039010082,-8.71854e-05,-2.3946246e-05,0.00047037567
volume_sn_voxels::v1539,0.00031229478,0.0008452003,-4.8212434e-05,0.00043668036,-2.4043882e-05,0.0010461429,-0.00012815227,0.0004026748,-0.00028511146,0.00051766116
volume_sn_voxels::v1540,0.0004407248,0.00068260526,0.00014546706,0.00011316831,-0.00024399853,0.00069773174,-0.00019191501,0.0005479674,-0.0003318046,0.00049089105
volume_sn_voxels::v1541,0.0004914138,0.00054078153,0.0002221424,-0.000110427936,-0.0002956618,0.00039984076,-0.00012369142,0.00064198143,-0.0003769974,0.00044173346
volume_sn_voxels::v1542,0.0005550805,0.0005914423,0.00030458713,-0.00022288646,-0.00034973279,8.9510766e-05,-0.000120775556,0.0006891017,-0.0003849865,0.0005672735
volume_sn_voxels::v1543,0.00062745577,0.00052785414,0.00029224117,-0.00024969145,-0.00023044608,-0.0002789775,-3.2836466e-05,0.0004391588,-0.0003590158,0.00064879627
volume_sn_voxels::v1544,0.000575546,0.000550446,0.00016258146,-0.00014260778,-8.287201e-05,-0.0004883858,4.001075e-05,0.00027580856,-0.00027484298,0.0006252028
volume_sn_voxels::v1545,0.0005736112,0.00046072114,0.00025424876,-0.00015667551,-8.335251e-05,-0.00044445167,0.00015381706,0.0001335496,-0.00032454915,0.00066255714
volume_sn_voxels::v1546,0.0005099002,0.00036027833,0.00032482698,-0.00021648478,-0.00014383059,-0.000279453,0.00022707405,8.0996906e-05,-0.0003550294,0.0003152312
volume_sn_voxels::v1547,0.0004379837,0.00025005513,0.00038315955,-0.00026778897,-0.00021507693,-8.636748e-06,0.000181577,6.230418e-05,-0.0005014606,-4.3248576e-05
volume_sn_voxels::v1548,0.00028351377,0.0010411562,-9.607987e-05,0.0005896224,6.343495e-05,0.0009822226,-7.4375224e-05,0.00018480871,-0.00014895099,0.00068608037
volume_sn_voxels::v1549,0.0003695101,0.0008931789,3.4611006e-05,0.00029032797,-4.581241e-05,0.0005942684,-0.00013889922,0.00031640424,-0.00025987037,0.0007891933
volume_sn_voxels::v1550,0.00047981882,0.000784865,0.0001393912,5.496762e-05,-0.00010980087,0.00010168306,-0.00010487894,0.00032740438,-0.00035497936,0.00067267515
volume_sn_voxels::v1551,0.00058174663,0.00070709904,0.00020784202,-1.2955812e-05,-9.6540025e-05,-0.0002464523,-4.9526112e-05,0.0003085469,-0.00028870438,0.0007592298
volume_sn_voxels::v1552,0.0006075371,0.00061973504,0.00023170612,-9.164478e-05,-4.326865e-05,-0.0005764624,2.8952284e-06,0.00023420746,-0.00030767889,0.00083656237
volume_sn_voxels::v1553,0.0006210266,0.00057713944,0.00023160523,-5.6287772e-05,4.0242992e-07,-0.0008108489,4.1213483e-05,9.407688e-05,-0.00034659848,0.0006990832
volume_sn_voxels::v1554,0.0006081719,0.0005732705,0.00038546673,-0.00016822142,4.263159e-05,-0.00079041155,0.00011071354,7.65363e-05,-0.0005861813,0.000513055
volume_sn_voxels::v1555,0.00049737055,0.00044376077,0.00056717644,-0.00035403852,-8.877833e-05,-0.00047991305,1.01326e-05,0.00015955715,-0.0007155978,6.634128e-05
volume_sn_voxels::v1556,0.00037633762,0.00028520983,0.00068097527,-0.00047090516,-0.00012789876,-0.00010225216,-4.9545313e-05,0.00021004581,-0.00090204657,-0.00025727818
volume_sn_voxels::v1557,0.0002770786,0.00018590712,0.00077278796,-0.000539183,-6.24464e-05,9.472484e-05,-7.701631e-05,0.00017753511,-0.0009162849,-0.00041545273
volume_sn_voxels::v1558,0.00027140172,0.00018651166,0.00082230184,-0.00035602052,-8.094454e-07,0.00015695461,1.4555001e-05,2.0191577e-05,-0.001152121,-0.00038836547
volume_sn_voxels::v1559,0.0003954513,0.0008053417,-9.501775e-05,0.00044568843,0.00011144158,0.00026725046,-1.7643004e-05,6.280023e-05,-4.6689634e-05,0.00088701956
volume_sn_voxels::v1560,0.0004062938,0.0007211691,-2.0290918e-05,0.00024766717,8.831989e-05,-0.00016542498,5.1855248e-05,5.3725107e-05,-6.920856e-05,0.0008891199
volume_sn_voxels::v1561,0.00047666236,0.0007060945,1.2311503e-05,0.0001174636,9.739635e-05,-0.0005983062,6.5649096e-05,1.746924e-05,-0.00011691136,0.0008502721
volume_sn_voxels::v1562,0.0005111198,0.0007753787,9.0042515e-05,0.00012317415,0.00016426516,-0.00088983384,9.1104266e-05,-2.6917081e-05,-0.00016427711,0.0008198119
volume_sn_voxels::v1563,0.000536131,0.0006809761,0.00019982652,6.131395e-05,0.00019213767,-0.0009865237,9.2901406e-05,-3.1285028e-05,-0.0003392504,0.00060738926
volume_sn_voxels::v1564,0.00054346066,0.0005394192,0.00038645678,-0.00012587852,0.0001360712,-0.000983626,5.3148047e-05,-3.6271784e-05,-0.0006766283,0.00033215864
volume_sn_voxels::v1565,0.0004663804,0.00042440914,0.0006507595,-0.0003928056,2.33751e-05,-0.0006316556,-2.2120103e-05,0.00015050318,-0.0011267547,-0.00010795392
volume_sn_voxels::v1566,0.0003603435,0.00028757675,0.0006975909,-0.0005093551,3.84646e-05,-0.00023251951,-0.00012326968,0.00019909219,-0.0012177293,-0.0005041502
volume_sn_voxels::v1567,0.0002584392,0.0001695494,0.00087726803,-0.0005270774,0.000107511245,-4.990533e-05,-0.00014914125,0.00020734797,-0.0012491262,-0.0005199084
volume_sn_voxels::v1568,0.00031933127,0.0006868081,-0.00016595294,0.00044655637,0.00013373642,0.00013126498,0.00011347759,5.0632054e-05,0.0001689453,0.00097632693
volume_sn_voxels::v1569,0.00044540476,0.0008464926,-0.0001617869,0.00045518446,0.0001984868,-0.00042532786,0.0001381997,-8.086097e-05,0.0002002811,0.0010567475
volume_sn_voxels::v1570,0.00051298825,0.00080284424,-6.2602805e-05,0.0003583236,0.00025049294,-0.0008841481,0.0001144238,-0.00021680236,7.779472e-05,0.0010698212
volume_sn_voxels::v1571,0.0004887273,0.0007139083,1.0287165e-06,0.00028780053,0.00027667216,-0.0011575902,0.00011436776,-0.00021634133,2.472464e-05,0.0008886256
volume_sn_voxels::v1572,0.00043309655,0.00071856554,0.00016463226,0.00018299452,0.00022145984,-0.0010695853,7.564802e-05,-0.00017057969,-0.00018789154,0.0006552251
volume_sn_voxels::v1573,0.0004041421,0.0006121992,0.00035954016,-9.574518e-06,0.00016599685,-0.0010748593,2.2291231e-05,-8.950842e-05,-0.0004954925,0.00026112373
volume_sn_voxels::v1574,0.00034722933,0.00040675033,0.00055263995,-0.00023585456,0.00014663173,-0.0007879163,-5.9726513e-05,0.00012224409,-0.00087545824,-0.00015604442
volume_sn_voxels::v1575,0.00032147687,0.00029142207,0.0008479717,-0.00046916265,0.000147269,-0.0003236018,-0.00011996977,0.00021594348,-0.0012276756,-0.00040651287
volume_sn_voxels::v1576,0.00022865222,0.00014991226,0.00080170506,-0.00058337476,0.00023180414,-0.0001873002,-0.00010514403,0.00021668918,-0.0013481011,-0.0005997262
volume_sn_voxels::v1577,0.0003769206,0.00071743375,-0.0001258133,0.00044764942,0.00022227535,-0.0008463597,0.00022110794,-0.00014762064,0.00028068936,0.001086992
volume_sn_voxels::v1578,0.00040300936,0.00066823774,-6.0406088e-05,0.00034650942,0.00030409923,-0.0012541965,0.00012758338,-0.00016737594,0.00015124556,0.0008227848
volume_sn_voxels::v1579,0.00041837717,0.00067335105,5.1247745e-05,0.00028086023,0.00026787823,-0.0012602811,7.64825e-05,-0.00018108607,-4.104964e-05,0.00053760834
volume_sn_voxels::v1580,0.00034973488,0.00057208794,0.0002495609,0.00013082068,0.00022419836,-0.0010925438,9.319976e-07,-5.396279e-05,-0.00035717935,0.00023867542
volume_sn_voxels::v1581,0.0003623687,0.0004653305,0.00056548195,-0.00010239081,0.00020912092,-0.0009445,-6.265445e-05,4.0765164e-05,-0.0009077447,-0.0001329619
volume_sn_voxels::v1582,0.000262666,0.00024455707,0.0007602826,-0.00035621814,0.00026356606,-0.00051611144,-8.698346e-05,0.00018537199,-0.0012134399,-0.00045910114
volume_sn_voxels::v1583,0.00032645187,9.151272e-05,0.00015974301,-5.2826457e-05,7.8503545e-05,5.258001e-05,0.0010583973,-0.0006894244,-8.233848e-05,8.612125e-05
volume_sn_voxels::v1584,0.0003357202,-8.0026504e-05,0.00034976864,8.089995e-06,-2.3518714e-06,-0.00015635646,0.0015884065,-0.00092792255,0.0002536649,1.4695438e-06
volume_sn_voxels::v1585,0.00046453768,8.676494e-05,2.8573906e-05,-0.00029163662,-2.1791486e-05,3.270575e-05,0.0010417423,-0.00063293235,-0.0002116131,0.00020238965
volume_sn_voxels::v1586,0.00040146188,-2.896613e-05,0.00010718835,-0.00020246877,-8.411519e-05,-0.00010279657,0.0012328217,-0.00073842186,6.94627e-05,0.00017124381
volume_sn_voxels::v1587,0.00033286825,-0.00014220797,0.00030363823,-4.684329e-05,-0.00016002281,-0.00020714324,0.0013202967,-0.00091555767,0.00039871383,0.00011807088
volume_sn_voxels::v1588,0.0005384342,0.00013470624,-5.5105193e-05,-0.0005302389,3.679114e-05,0.00015687167,0.0005932918,-0.00028778648,-0.00040890428,0.00022930713
volume_sn_voxels::v1589,0.00048004545,0.000102394915,-0.00020673625,-0.0005268846,-7.097008e-05,0.00014139875,0.00062067015,-0.00032777854,-0.00035444554,0.00024837645
volume_sn_voxels::v1590,0.0004965709,1.1517434e-06,-0.00013473468,-0.00050633395,-0.000107446096,0.00012577925,0.00076830824,-0.00047756024,-0.00016138695,0.00022545154
volume_sn_voxels::v1591,0.00048307347,-1.825829e-05,9.713525e-05,-0.00035373232,-0.00024298909,4.0097057e-05,0.0009966715,-0.00069808314,0.00014033234,0.00026736484
volume_sn_voxels::v1592,0.0005695044,0.00011957663,-0.00014654285,-0.00063213194,3.554523e-05,0.00020779662,0.0004244293,-5.227502e-05,-0.00041114545,0.00019035397
volume_sn_voxels::v1593,0.000571961,7.435197e-05,-0.00028669182,-0.00075630157,-7.6559445e-05,0.00030624928,0.0003820131,-0.00015196113,-0.0004927996,0.00025035214
volume_sn_voxels::v1594,0.0005651089,5.539501e-05,-0.0003178657,-0.000703472,-0.00023883999,0.00036006447,0.00043300475,-0.00021132095,-0.00031310148,0.00024955088
volume_sn_voxels::v1595,0.0004523818,4.948518e-07,-0.00019954168,-0.0004893194,-0.00030248854,0.00025765033,0.0007205183,-0.00043413605,-1.648851e-05,0.000309974
volume_sn_voxels::v1596,0.0005914966,0.00014533626,-0.00020593565,-0.0007434257,-2.6289892e-05,0.0003209969,0.00033188032,1.1804711e-05,-0.0006132314,0.00015523404
volume_sn_voxels::v1597,0.00046763782,0.00014544117,-0.00041658746,-0.0008141352,-0.00012061275,0.00041727576,0.00025705236,1.5600526e-05,-0.0006042444,0.00023859253
volume_sn_voxels::v1598,0.00046303115,6.9071226e-05,-0.00037455678,-0.0008169672,-0.00026442364,0.00043701354,0.00025139612,-2.8242093e-05,-0.00046634523,0.000269842
volume_sn_voxels::v1599,0.00056278426,8.863225e-05,-0.00033402356,-0.000686119,-0.00038621324,0.00043198274,0.0003920659,-0.000179199,-0.00019281809,0.0003158734
volume_sn_voxels::v1600,0.0004919547,9.502524e-05,-0.0002730776,-0.0007003197,-4.6968857e-05,0.00035916665,0.00036403534,0.00014628872,-0.00054607214,5.375887e-05
volume_sn_voxels::v1601,0.00052672665,0.000121095785,-0.00036516346,-0.00076477265,-0.00019256769,0.00041020283,0.00022280833,0.00012263784,-0.0005638866,8.795246e-05
volume_sn_voxels::v1602,0.000465148,0.00011854098,-0.0003576994,-0.0007684107,-0.00031206713,0.00050203165,0.00015561888,6.36803e-05,-0.00048447284,0.00016695932
volume_sn_voxels::v1603,0.0004869144,0.00013176374,-0.00036554088,-0.0006842318,-0.00036755862,0.00046807012,0.0002455579,-9.248856e-06,-0.00025727632,0.00027912488
volume_sn_voxels::v1604,0.00048450578,0.00018365147,-0.00019889275,-0.0004986919,-0.0003752311,0.0003153364,0.00039449224,-0.00015171058,9.662717e-05,0.00033492525
volume_sn_voxels::v1605,0.0004982582,0.00020153487,-2.3522534e-06,-0.0001988979,-0.00035501987,0.00023908589,0.0004299431,-0.00028669674,0.0004940216,0.00034240706
volume_sn_voxels::v1606,0.00042695808,0.00013162284,-0.00025611167,-0.0006097402,-0.00017686772,0.00052358076,0.00041117452,0.00023573711,-0.00043750595,-7.465108e-05
volume_sn_voxels::v1607,0.00043162593,0.00017682117,-0.0003641869,-0.0007564166,-0.00028539874,0.00053409796,0.00016056235,0.00021341795,-0.00049118756,4.2329524e-05
volume_sn_voxels::v1608,0.00043806652,0.00021092605,-0.00027484944,-0.0006985209,-0.0004312818,0.00046861023,6.235592e-05,0.00026827148,-0.0004202554,0.00013416057
volume_sn_voxels::v1609,0.00042691326,0.00013910199,-0.00022332468,-0.00063383504,-0.00039304662,0.00036160526,8.390472e-05,0.00021859143,-0.0002673903,0.00022703846
volume_sn_voxels::v1610,0.00052323675,0.00019817062,-0.00014141393,-0.00046321293,-0.00049734995,0.0003416109,0.00016765605,8.3850784e-05,-2.0971154e-05,0.00031884023
volume_sn_voxels::v1611,0.00036997092,0.00025353476,-0.0002104695,-0.0004317488,-0.00018871593,0.00060975016,0.00043016567,0.0003290951,-0.00036156728,-0.00014080967
volume_sn_voxels::v1612,0.00038494228,0.00031941338,-0.0002602273,-0.0005900986,-0.00041641737,0.00071136287,0.00012101151,0.00037735063,-0.00047378597,-1.8942268e-05
volume_sn_voxels::v1613,0.00044097324,0.00026384916,-0.00021178128,-0.0006376559,-0.00050001586,0.0005594064,1.3555893e-05,0.0004694547,-0.00040887526,7.149104e-05
volume_sn_voxels::v1614,0.00050076994,0.00030138297,-0.00010166435,-0.0005926407,-0.00054233277,0.0004827311,-5.3995127e-06,0.00044771662,-0.00029453327,0.00019095733
volume_sn_voxels::v1615,0.0004589922,0.00032343506,-5.393706e-05,-0.0004708745,-0.00043168216,0.00038473454,3.2011827e-05,0.00033187444,-9.513391e-05,0.0003293996
volume_sn_voxels::v1616,0.00045718922,0.0002733989,-6.1491633e-06,-0.00026959245,-0.0004023816,0.00022113656,0.00016293347,0.00013549642,0.00015470735,0.00040469097
volume_sn_voxels::v1617,0.00035650388,0.0004282281,-0.0002736142,-9.694296e-05,-0.00025874237,0.0008130186,0.00042483202,0.0003604456,-0.00022003238,-0.00014034424
volume_sn_voxels::v1618,0.0003836404,0.00048311224,-0.00019856943,-0.00039113985,-0.00040986342,0.0007605713,0.00016885794,0.00054839544,-0.00042201404,5.229639e-05
volume_sn_voxels::v1619,0.0004788399,0.0003732858,-0.000105771614,-0.0005195095,-0.0005544865,0.00069766986,-5.4113203e-05,0.00062793423,-0.00040783387,8.145062e-05
volume_sn_voxels::v1620,0.0004758542,0.0003447623,3.0572577e-05,-0.00048047432,-0.00056383165,0.00040279573,-0.00011964507,0.00062071235,-0.0002744949,0.00018425836
volume_sn_voxels::v1621,0.00046629654,0.00034127964,8.785591e-05,-0.00046354494,-0.00052442093,0.00032665674,-5.3366948e-05,0.0006843475,-0.00017333003,0.0002675357
volume_sn_voxels::v1622,0.0005660346,0.00036539492,0.000102969025,-0.00033449093,-0.00040143722,0.00019430438,5.253173e-05,0.00037261075,2.6063895e-05,0.00046217337
volume_sn_voxels::v1623,0.00026658995,0.00049282546,-0.00023699061,0.0001803246,-0.00022253364,0.001030719,0.00041417012,0.00036086421,-0.00011872946,2.0555086e-05
volume_sn_voxels::v1624,0.00039430615,0.0006100452,-0.00019442504,-0.00012767337,-0.0003450643,0.00081879913,4.4695982e-05,0.0005585186,-0.00035950667,0.00018617444
volume_sn_voxels::v1625,0.00047208148,0.00063943403,-4.7226848e-05,-0.00034738358,-0.0004740674,0.0006703848,-8.6895314e-05,0.0007119662,-0.00040739874,0.0001485873
volume_sn_voxels::v1626,0.00045236555,0.0004946606,0.00014922797,-0.00038059984,-0.00048093137,0.00037281265,-0.000118004966,0.0008063502,-0.00032587175,0.0002677614
volume_sn_voxels::v1627,0.00055436604,0.00043386914,0.00022561266,-0.0003237921,-0.0004371785,0.00024196906,-8.868738e-05,0.0006859738,-0.00023783195,0.0003802998
volume_sn_voxels::v1628,0.0006798656,0.0005591457,0.00020190596,-0.00028576015,-0.0003802235,6.0990154e-05,3.3615615e-05,0.0005490526,-0.00016233936,0.0004757718
volume_sn_voxels::v1629,0.0005415086,0.00041591979,0.0001323804,-8.19228e-05,-0.00024367588,-0.0001616808,0.00016480652,0.00018455386,9.3809955e-05,0.00056988484
volume_sn_voxels::v1630,0.00019138155,0.00066768756,-0.00025133038,0.00051217736,-5.373695e-05,0.0010092943,0.00033251662,0.00026823208,-1.962277e-05,0.00024185645
volume_sn_voxels::v1631,0.0003262172,0.0006421005,-0.00019274115,0.00011289754,-0.00018754869,0.00072563795,1.8407512e-05,0.00032843472,-0.00022894774,0.00037983045
volume_sn_voxels::v1632,0.00041027527,0.00066937006,-4.0882926e-05,-0.00014023014,-0.00033072373,0.00052852294,-8.334973e-05,0.00041662587,-0.00033499196,0.00047226006
volume_sn_voxels::v1633,0.0004851202,0.00059960363,0.00012237052,-0.00032396783,-0.00038006064,0.00019513753,-7.5146665e-05,0.00062343676,-0.00035737557,0.00051575224
volume_sn_voxels::v1634,0.00056298234,0.0005697583,0.00021431354,-0.00030876874,-0.00034185834,-6.1994056e-06,9.041285e-06,0.0006079371,-0.00025367225,0.0005955591
volume_sn_voxels::v1635,0.00065039133,0.00058936654,0.00025517025,-0.0002556578,-0.0002520306,-0.0003315232,4.1396703e-05,0.00043463736,-0.00025106326,0.0006968614
volume_sn_voxels::v1636,0.0005633914,0.00054159644,0.00017189904,-0.00013687309,-0.0001258915,-0.00039989286,0.00015385263,0.00019697381,-0.00012332725,0.0006721737
volume_sn_voxels::v1637,0.00050337124,0.00045186077,0.00018420327,-0.00010425368,-0.00012409764,-0.00044829753,0.00029540094,6.604716e-05,-6.0888917e-05,0.00047615686
volume_sn_voxels::v1638,0.00018337445,0.0007552486,-0.00024497518,0.0006427292,2.354654e-05,0.0011152156,0.00035543897,0.00018556631,6.1858016e-05,0.00039962088
volume_sn_voxels::v1639,0.00025110738,0.0006389884,-0.00019396337,0.00031087865,-0.00010212879,0.0006517925,6.3593936e-05,0.00019790289,-8.745519e-05,0.0005362215
volume_sn_voxels::v1640,0.0003915848,0.00064145017,-0.00010783324,4.127328e-06,-0.00017263771,0.00027085107,-3.052867e-05,0.00023000836,-0.00019821654,0.0007140331
volume_sn_voxels::v1641,0.0004361328,0.00063525344,1.9225861e-05,-8.950667e-05,-0.00019277337,-7.291302e-05,-1.5769474e-05,0.0002874079,-0.00025575788,0.00079307903
volume_sn_voxels::v1642,0.000460434,0.0005603252,0.00015392616,-8.396469e-05,-0.00014562368,-0.00036138427,2.3636516e-05,0.00018694921,-0.00018906557,0.00078128505
volume_sn_voxels::v1643,0.00053570885,0.0005599466,0.00016155055,-0.0001034712,-7.5367214e-05,-0.00064612995,5.8430924e-05,0.0001278348,-0.00015835429,0.0007274953
volume_sn_voxels::v1644,0.000534759,0.0005414134,0.00021431332,-9.344885e-05,-4.0866627e-05,-0.0007994031,9.476852e-05,7.8792276e-05,-0.00017320429,0.0006920476
volume_sn_voxels::v1645,0.0005366883,0.0005072848,0.00029228628,-0.00013615508,-6.335767e-05,-0.0008207696,0.00021158972,5.732713e-05,-0.00029046313,0.0005189166
volume_sn_voxels::v1646,0.0004580496,0.00048199316,0.0005194963,-0.00026295686,-0.00013680528,-0.00047804503,0.00020037522,9.177704e-05,-0.00045032334,0.000107130894
volume_sn_voxels::v1647,0.00045011536,0.00027802621,0.00052989693,-0.00034371947,-0.0001575264,-0.00014065181,0.00015846276,0.00019215442,-0.0005966897,-0.00021404061
volume_sn_voxels::v1648,0.00029088443,0.00019492763,0.0005914889,-0.00036327456,-0.00011401298,3.161879e-05,4.5929162e-05,8.348872e-05,-0.0006625009,-0.00039833316
volume_sn_voxels::v1649,0.00017867387,0.00066651404,-0.0002575657,0.00068914326,9.065749e-05,0.00092935236,0.00036396642,0.00013573741,0.00015519912,0.00052426895
volume_sn_voxels::v1650,0.00024931165,0.00070524344,-0.00021457471,0.0003344121,-1.44557e-05,0.00047526322,0.00014650146,0.00013099944,7.900312e-05,0.00065831625
volume_sn_voxels::v1651,0.00036418455,0.0007106513,-0.00015556614,0.00015733074,-5.221353e-05,5.2936022e-05,3.6828038e-05,0.00012758611,3.1171876e-05,0.00082060567
volume_sn_voxels::v1652,0.00040921365,0.0006584325,-7.547301e-05,9.341681e-05,-3.2400552e-05,-0.00034934844,5.6819274e-05,7.650568e-05,-2.16876e-06,0.000894401
volume_sn_voxels::v1653,0.000461859,0.0006091935,1.0434746e-06,4.9482e-05,-2.7028376e-05,-0.00077348336,9.050734e-05,1.8230157e-05,-1.1247617e-05,0.00092717924
volume_sn_voxels::v1654,0.00047886258,0.00060759997,5.1392824e-05,6.9973816e-05,7.7755714e-05,-0.00092810934,6.760194e-05,-7.741946e-05,-6.1106104e-05,0.0008617353
volume_sn_voxels::v1655,0.00049709325,0.0006535722,0.0001212577,5.2271058e-05,5.2019994e-05,-0.0011005894,0.000107028485,-0.00012325755,-0.00017511268,0.00070935924
volume_sn_voxels::v1656,0.0004555763,0.0005147734,0.0003127898,-9.167517e-05,-1.2047364e-05,-0.0010378134,0.00013585825,-3.366563e-05,-0.00037774845,0.00033773328
volume_sn_voxels::v1657,0.00047884745,0.0004500085,0.0004911563,-0.00032889104,-8.076275e-05,-0.0007130774,6.356973e-05,5.5586654e-05,-0.0007341078,-8.0559206e-05
volume_sn_voxels::v1658,0.00038295437,0.00032800084,0.0007063239,-0.00053777936,-3.6529305e-05,-0.0003584225,-8.107204e-06,0.00020833187,-0.0010183336,-0.00041696706
volume_sn_voxels::v1659,0.00032105285,0.00018127316,0.00072196586,-0.00061547407,2.907878e-05,-0.000116404306,1.0353907e-05,0.00019356383,-0.001126295,-0.00052429736
volume_sn_voxels::v1660,0.00031266466,0.00012843823,0.000811937,-0.00046337448,0.000108714616,-6.676189e-05,5.5688983e-05,6.27801e-05,-0.0013250859,-0.00045852413
volume_sn_voxels::v1661,0.00021710106,0.00016630103,0.00070068974,-0.0003104859,0.0002134368,-0.00013013635,0.00021998088,-8.207371e-05,-0.0012901877,-0.00023659933
volume_sn_voxels::v1662,0.00021440885,0.00055256946,-0.0002814374,0.00060547923,1.30850685e-05,0.00080167723,0.00051105546,0.00023497055,0.00030319113,0.00053929834
volume_sn_voxels::v1663,0.00029464238,0.00069553935,-0.00029529165,0.0004850502,8.75683e-06,0.0004857009,0.00034642013,0.00019522199,0.00026831933,0.00078408787
volume_sn_voxels::v1664,0.00032203353,0.0007012663,-0.00019974928,0.00025817315,-6.246185e-06,-1.5545213e-06,0.00016268941,7.420041e-05,0.00021816647,0.0009910383
volume_sn_voxels::v1665,0.00035701352,0.00073090463,-8.303055e-05,0.0001298951,3.800549e-05,-0.00043444405,0.00016999288,-4.1772964e-05,0.00018141065,0.0009282826
volume_sn_voxels::v1666,0.00042154087,0.0007126061,-5.052218e-05,0.00018233739,0.000147118,-0.00095757056,0.00019243378,-0.00014255548,0.00019039563,0.0010793139
volume_sn_voxels::v1667,0.00049683545,0.0008285634,1.6762047e-05,0.00022417397,0.00023199191,-0.0014265858,0.00016777786,-0.0002263527,6.7855755e-05,0.0010360457
volume_sn_voxels::v1668,0.00050592487,0.00077388197,0.00015939867,0.00016571229,0.00012518823,-0.0014339424,0.00011958225,-0.000192691,-7.3287585e-05,0.00067114923
volume_sn_voxels::v1669,0.00043248697,0.00056507613,0.0002074204,-3.2790554e-06,8.0717655e-05,-0.0010670096,5.5975634e-05,-9.0479494e-05,-0.0003817952,0.0002853913
volume_sn_voxels::v1670,0.0004153996,0.00046447763,0.00048266063,-0.0002711999,-3.351116e-05,-0.0008364825,2.636084e-06,6.6963854e-05,-0.00071521633,-0.00016664085
volume_sn_voxels::v1671,0.0003555006,0.00029143156,0.0006940099,-0.00049806497,-9.081076e-07,-0.000519402,-3.9516075e-05,0.0002471122,-0.0010881021,-0.00041994988
volume_sn_voxels::v1672,0.00030321354,0.00022211499,0.00088509824,-0.0006401035,0.0001739809,-0.00033094047,-3.9438844e-05,0.00020408706,-0.001733373,-0.0007069413
volume_sn_voxels::v1673,0.0002544419,0.000103959224,0.0008206641,-0.00060094916,0.0002979547,-0.000264672,0.00015808262,7.3009185e-05,-0.0014682073,-0.0005390176
volume_sn_voxels::v1674,0.00018151215,8.2980856e-05,0.0006733816,-0.0004298173,0.00026500557,-0.00026735393,0.00028745423,-8.785618e-05,-0.0012707959,-0.00032212838
volume_sn_voxels::v1675,0.0002734806,0.00050025433,-0.00030258758,0.0003895871,2.3298177e-05,0.0004206325,0.00043578306,0.00028854658,0.0002799227,0.0006885888
volume_sn_voxels::v1676,0.00035956307,0.00069359405,-0.0002623701,0.00030728968,-2.1150163e-06,4.111919e-05,0.00035957783,0.00021157344,0.00035294707,0.00095990964
volume_sn_voxels::v1677,0.00039578328,0.0007014162,-0.00019222194,0.00032810454,9.72747e-05,-0.00048013037,0.0002810415,-4.156224e-07,0.00035984494,0.0011213836
volume_sn_voxels::v1678,0.00040450363,0.00061584485,-9.989432e-05,0.0002503939,0.00013768516,-0.0009181469,0.0002111362,-0.00012073776,0.00030532462,0.0010437599
volume_sn_voxels::v1679,0.0004068023,0.00069906743,-1.8202609e-05,0.0003340147,0.0002253147,-0.0013194334,0.00013625427,-0.0002204041,0.00026197618,0.00088193314
volume_sn_voxels::v1680,0.0004068511,0.0007012062,0.00010162612,0.00026006994,0.00018591621,-0.0013809822,0.000107480395,-0.00017118444,1.826825e-05,0.00054583483
volume_sn_voxels::v1681,0.00033065776,0.00062581594,0.00020175142,8.920522e-05,9.964118e-05,-0.0012164634,5.5328048e-05,-7.616021e-05,-0.0002663719,0.00022062528
volume_sn_voxels::v1682,0.00035856172,0.00050621474,0.00043077627,-0.00017892593,2.6441041e-05,-0.0010949232,2.0715906e-05,4.6684174e-05,-0.0006648657,-0.00012303084
volume_sn_voxels::v1683,0.00030086277,0.00026514585,0.00064934633,-0.00048167843,9.893256e-05,-0.0007495621,-3.9478822e-05,0.00017640082,-0.0010854348,-0.00052904757
volume_sn_voxels::v1684,0.00028978602,0.00021253369,0.0006918448,-0.00059613807,0.00018384888,-0.000533141,3.8792383e-05,0.000168144,-0.0013566372,-0.0006396429
volume_sn_voxels::v1685,0.00023902056,9.868219e-05,0.00075794297,-0.00055501936,0.00027627844,-0.00039181957,0.00021109516,2.4220572e-05,-0.0013591766,-0.000515608
volume_sn_voxels::v1686,0.00046701077,0.0005431272,-0.00025000417,0.00023324454,3.1099185e-05,-0.00027946118,0.0005663113,0.00023909795,0.00041883125,0.0010798776
volume_sn_voxels::v1687,0.00047747704,0.00056761556,-0.00015249457,0.00028939144,0.00012258672,-0.0008039041,0.00042807547,6.1731196e-05,0.0004628692,0.0011307733
volume_sn_voxels::v1688,0.00046568946,0.00063371094,-0.00013694723,0.00034472143,0.00021507705,-0.0012274061,0.0003098603,-5.9221395e-05,0.00035456318,0.00083357526
volume_sn_voxels::v1689,0.00043357196,0.00068541965,5.3316603e-06,0.0003249342,0.00018170464,-0.001453346,0.00014237325,-9.280057e-05,0.00013071242,0.0004478381
volume_sn_voxels::v1690,0.00035325118,0.00052212697,0.00014633381,0.00010722478,0.00011221743,-0.0012133694,8.793507e-05,-2.793382e-06,-0.00011431431,0.00015490486
volume_sn_voxels::v1691,0.00035906877,0.0004373518,0.0003106529,-0.00010471498,0.00014365357,-0.0010139961,8.328668e-06,6.807251e-05,-0.0005020292,-0.00011779207
volume_sn_voxels::v1692,0.00033842077,0.00033353703,0.0005624188,-0.0004236914,0.00016086285,-0.00093404675,1.2242369e-05,0.00013606055,-0.0009259284,-0.0004976856
volume_sn_voxels::v1693,0.00024179599,0.00015647087,0.0005842231,-0.00041826617,0.00024189801,-0.00068207324,9.521056e-05,8.162939e-05,-0.0010961555,-0.00046774096
volume_sn_voxels::v1694,0.00046990628,0.0001710678,-0.00020665389,-0.0006290202,-7.613395e-05,0.00021776128,0.00042688928,-0.00025582756,-0.00039072282,6.800193e-05
volume_sn_voxels::v1695,0.0004511657,0.00012996592,-0.00019123491,-0.00059072603,-0.00017761516,0.0002453514,0.00039883415,-0.00033505756,-0.00023611072,0.00014409705
volume_sn_voxels::v1696,0.00045828,0.00014717234,-0.00011162695,-0.00055641285,5.7692555e-06,0.0001701203,0.0004233116,-4.011438e-05,-0.0004006751,8.4891006e-05
volume_sn_voxels::v1697,0.000503519,0.00016576465,-0.0002488854,-0.0007883399,-7.0318885e-05,0.0003133904,0.00031430204,-7.591014e-05,-0.00039789762,0.00014060205
volume_sn_voxels::v1698,0.00047903915,0.00017689915,-0.00029184666,-0.0007611817,-8.0258724e-05,0.00031546823,0.0003137809,-0.00013224361,-0.00034467402,0.00015848379
volume_sn_voxels::v1699,0.00050693756,0.00010188897,-0.00028126757,-0.0007482423,-0.00023800194,0.00029349295,0.00044196486,-0.00027231508,-0.00023722052,0.00021421445
volume_sn_voxels::v1700,0.0005271842,0.000110257184,-0.00011348024,-0.00070468633,-2.7957689e-05,0.00019570437,0.0004420536,4.52853e-05,-0.0004471105,-3.108113e-05
volume_sn_voxels::v1701,0.0005072114,0.00013447048,-0.000313009,-0.0008788626,-8.041143e-05,0.00037599984,0.00023352556,2.4485289e-05,-0.00046750298,4.425072e-05
volume_sn_voxels::v1702,0.0005029206,0.00013923568,-0.00035164927,-0.0008640524,-0.00012423049,0.00041391572,0.00021711062,2.2509503e-05,-0.00047751618,8.900781e-05
volume_sn_voxels::v1703,0.0004968684,0.00012953332,-0.000351651,-0.00086404046,-0.00021150107,0.0003997026,0.0003073502,-0.000103298196,-0.00032740887,0.00016245598
volume_sn_voxels::v1704,0.00046542072,8.837595e-05,-0.00020715658,-0.0006229122,-0.00027265828,0.0003559038,0.00045288392,-0.00023956508,3.7642796e-05,0.00019385645
volume_sn_voxels::v1705,0.0004839558,6.0001887e-05,-0.00014272095,-0.00068510015,-5.1350344e-05,0.0003142327,0.0005198734,0.00012948204,-0.0003518952,-0.00019308935
volume_sn_voxels::v1706,0.0004272625,0.0001427302,-0.00035183073,-0.0007957633,-0.000104571685,0.00045780724,0.00025658935,0.0001500886,-0.0005199969,-6.449903e-05
volume_sn_voxels::v1707,0.0004779523,0.0001546878,-0.00041105485,-0.00087000924,-0.0002223279,0.00050289975,0.00017756801,0.00011967313,-0.0004741097,8.317603e-06
volume_sn_voxels::v1708,0.00048134383,0.00017417822,-0.00037828056,-0.0008479623,-0.00029122268,0.0004163937,0.00018899779,8.090183e-05,-0.0003954894,8.292506e-05
volume_sn_voxels::v1709,0.00050686667,0.00013331542,-0.00024126164,-0.0007158068,-0.00034348806,0.00036010452,0.00036182077,-7.8581674e-05,-8.56414e-05,0.00014410647
volume_sn_voxels::v1710,0.00054499257,0.00015012233,-3.463274e-05,-0.00042482256,-0.00038108768,0.00026271006,0.00047973084,-0.00026662147,0.0003658851,0.00016058596
volume_sn_voxels::v1711,0.0004257619,-1.42444205e-05,-0.00014751953,-0.00054950855,-9.180862e-05,0.00043946676,0.00083690346,0.00017959507,-0.0002219593,-0.000401155
volume_sn_voxels::v1712,0.00039274845,0.00010490042,-0.00029464831,-0.0007352055,-0.00013320115,0.0005260905,0.00035955376,0.00014758977,-0.00040358986,-0.000207047
volume_sn_voxels::v1713,0.00041065316,0.00015939446,-0.00032276812,-0.0006743307,-0.00024093698,0.00052534573,0.00021347373,0.00016128748,-0.00049834297,-8.958972e-05
volume_sn_voxels::v1714,0.00041961923,0.00018800289,-0.00030899662,-0.0007393954,-0.00040375252,0.0005233856,0.00017556567,0.00017035857,-0.00037634137,-2.9398096e-05
volume_sn_voxels::v1715,0.00047723894,0.00025345624,-0.00025175713,-0.00060512684,-0.00042552748,0.00034354875,0.00024479916,0.00012927156,-0.00013426246,5.3242427e-05
volume_sn_voxels::v1716,0.00042677007,0.00022487021,-8.178773e-05,-0.00038127723,-0.00038961097,0.0002823982,0.00034529157,-5.7186604e-05,0.00022137265,0.00016027753
volume_sn_voxels::v1717,0.00030594645,-5.6962323e-05,-0.00018685136,-0.0002918741,-0.00014315332,0.000543299,0.0009561516,0.00023485605,-4.8232214e-05,-0.0005087648
volume_sn_voxels::v1718,0.00035717746,0.00014429569,-0.00035395092,-0.0005446167,-0.00023757273,0.000569862,0.00056797394,0.0002602908,-0.00032680898,-0.00036788645
volume_sn_voxels::v1719,0.00040341544,0.00022628934,-0.00032201924,-0.00067798345,-0.00036155418,0.00062395266,0.00022921727,0.00024455585,-0.00043303976,-0.00015202138
volume_sn_voxels::v1720,0.0004354421,0.00025557965,-0.0003883749,-0.00065520004,-0.0004067237,0.00044971384,0.00021218167,0.00030264174,-0.0003396616,-1.5566598e-05
volume_sn_voxels::v1721,0.00042822713,0.00026948666,-0.00018757262,-0.0005849484,-0.00046239796,0.0004020311,0.00018119739,0.00029897742,-0.00014418342,6.759073e-05
volume_sn_voxels::v1722,0.0005000562,0.00028963896,-2.6317426e-05,-0.00037900946,-0.0004326554,0.0003326262,0.00024770564,0.00015094448,0.00014843307,0.00021100436
volume_sn_voxels::v1723,0.00018537136,-5.11015e-05,-0.00017334755,3.4077977e-05,-0.00017706666,0.0005593593,0.00094591716,0.0002130357,0.00016383405,-0.0005379319
volume_sn_voxels::v1724,0.00029410797,0.00016647429,-0.0003218785,-0.00026508354,-0.00028795967,0.0006815857,0.00063358806,0.00029737476,-0.00012225735,-0.00033201557
volume_sn_voxels::v1725,0.0004256597,0.00034818347,-0.00042565505,-0.0005718412,-0.00040831714,0.0007682453,0.00044699555,0.00046099658,-0.00036528957,-0.0001738998
volume_sn_voxels::v1726,0.00045028905,0.00044609624,-0.00029052046,-0.0006689814,-0.0005283585,0.00058383273,0.00020736778,0.0004519535,-0.00033569618,2.0688599e-06
volume_sn_voxels::v1727,0.00046045842,0.00041391922,-9.260749e-05,-0.0005658972,-0.0005335859,0.00041479792,0.00012986788,0.00046089062,-0.0001894057,0.00017084215
volume_sn_voxels::v1728,0.0005829647,0.00042644306,3.940666e-05,-0.00042901587,-0.00059760857,0.00034504913,0.00017593805,0.00045995816,6.244053e-05,0.00025880264
volume_sn_voxels::v1729,0.0005211577,0.0003645567,8.361419e-05,-0.00018154347,-0.00038773302,0.00020965624,0.00021003067,0.00013849128,0.00032426676,0.00036333577
volume_sn_voxels::v1730,8.6435066e-05,3.4315843e-05,-0.00015276881,0.00030102715,-0.00016320625,0.00065143965,0.0010886866,0.0002182415,0.0002618546,-0.00035610574
volume_sn_voxels::v1731,0.00019194225,0.0003105658,-0.00035504845,6.268566e-05,-0.00028657363,0.0007964806,0.00077481545,0.00030680033,7.3346837e-06,-0.00023256023
volume_sn_voxels::v1732,0.00031731572,0.0004085258,-0.00033986822,-0.00022924728,-0.00034442125,0.000631489,0.00035851664,0.00037413952,-0.00021424622,-1.6183607e-05
volume_sn_voxels::v1733,0.00045358881,0.00049003505,-0.0001781441,-0.00040389952,-0.0005330247,0.00047144928,0.00016215608,0.0004736244,-0.00027007874,0.00017021131
volume_sn_voxels::v1734,0.0005242011,0.000505006,-3.7466605e-05,-0.00041961216,-0.00050847075,0.00034978884,0.00011791333,0.0005792113,-0.00020265035,0.00021249788
volume_sn_voxels::v1735,0.0005991049,0.00051204744,0.00010834645,-0.0003630014,-0.0005471924,0.00021369164,0.00016378917,0.0005535648,-7.4361466e-05,0.00036456762
volume_sn_voxels::v1736,0.0005821145,0.00040628182,0.00014858089,-0.00017969382,-0.00042412992,8.865543e-05,0.00013450095,0.0002845322,0.00022169779,0.00048259564
volume_sn_voxels::v1737,0.0005124381,0.00040697856,0.00013222093,-6.161343e-05,-0.00023080206,-5.1562034e-05,0.00022327414,3.606379e-05,0.00045085035,0.00050484884
volume_sn_voxels::v1738,5.420878e-05,5.3767322e-05,-0.00020708864,0.0005000662,-0.00013607362,0.00074488897,0.0010704942,0.00020896523,0.00043385953,-0.00024699248
volume_sn_voxels::v1739,0.00018317474,0.00032054726,-0.0003330738,0.00032015875,-0.00022719771,0.0007832825,0.0007010938,0.0002125905,0.00012286333,-1.7544031e-05
volume_sn_voxels::v1740,0.0002772106,0.00045401993,-0.00032615112,-9.750305e-06,-0.00032683343,0.00046213355,0.00030025726,0.00027692004,-8.16147e-05,0.00018859563
volume_sn_voxels::v1741,0.0004194169,0.00056423777,-0.00016325398,-0.00022122824,-0.00045263753,0.00033282524,0.00021545701,0.00038408555,-0.0002115201,0.00036046281
volume_sn_voxels::v1742,0.00046604124,0.00058504613,-5.027215e-05,-0.0003367345,-0.00050768215,0.00013483319,0.00019175127,0.00043832668,-0.00026810318,0.00045946598
volume_sn_voxels::v1743,0.0005700431,0.00065263634,8.172598e-05,-0.00029542058,-0.00042602728,-7.160732e-05,0.00023360737,0.00042983302,-0.00012245413,0.0005839464
volume_sn_voxels::v1744,0.00054751994,0.00049015175,0.00015537183,-0.00014656536,-0.00027753186,-0.00020689904,0.0002217263,0.0002623689,5.6614805e-05,0.0005591358
volume_sn_voxels::v1745,0.0005852271,0.00046183777,0.00014999486,-6.108442e-05,-0.00022664371,-0.00034696143,0.00028621446,0.00012016003,0.0003119221,0.00064003206
volume_sn_voxels::v1746,0.000108204295,0.00012547149,-0.00020201955,0.00059169624,-0.00015181147,0.000784927,0.0009594947,0.00018031403,0.00045827965,-3.0195486e-05
volume_sn_voxels::v1747,0.0001573426,0.00037903787,-0.00027590402,0.00045216465,-0.00017920992,0.0007824825,0.0006867691,0.00020674708,0.00023260571,0.00017396406
volume_sn_voxels::v1748,0.0002337581,0.0005311043,-0.00027176106,0.00012311581,-0.0002579232,0.0004623055,0.00037001897,0.00023993537,1.2997484e-05,0.00041558724
volume_sn_voxels::v1749,0.00034755966,0.0005235441,-0.00023762105,-0.000117569056,-0.0003064961,0.00012444973,0.00024222524,0.00028083473,-0.00010786461,0.0005576148
volume_sn_voxels::v1750,0.00042388396,0.00060886185,-8.6987966e-05,-0.00019486528,-0.00033542194,-0.0001739935,0.00022846721,0.00027166115,-0.0001801954,0.0007022958
volume_sn_voxels::v1751,0.0004261308,0.000440492,7.0510746e-06,-0.000115827024,-0.00020993338,-0.00032895466,0.00024970455,0.00019494304,-5.3475625e-05,0.0006064539
volume_sn_voxels::v1752,0.0004668518,0.00048430418,3.5111338e-05,-0.00011356182,-0.00018674675,-0.00054185383,0.00024586584,0.00010848658,-6.271546e-07,0.00069762795
volume_sn_voxels::v1753,0.0005502075,0.00050777383,0.00013246438,-5.9415113e-05,-0.00013872534,-0.0006797849,0.00032223307,6.5439686e-05,0.00010943488,0.0006963847
volume_sn_voxels::v1754,0.00012903022,0.00017021742,-0.00023967479,0.00066786335,-0.00017936043,0.0008418675,0.00102447,0.00025761186,0.0005075847,0.00016266298
volume_sn_voxels::v1755,0.00018368475,0.00046840712,-0.00037405457,0.0005443695,-0.00022707794,0.0009062332,0.0007735054,0.00032018908,0.00038343816,0.0003914444
volume_sn_voxels::v1756,0.00023022742,0.00052489527,-0.00027178327,0.00024078085,-0.00020687708,0.00042564765,0.0003938367,0.00026286594,0.00016059777,0.00053446874
volume_sn_voxels::v1757,0.00034172367,0.0005086294,-0.00017145333,9.963204e-06,-0.00023389162,1.3883148e-05,0.00026922094,0.00022837672,5.8692633e-05,0.00067175424
volume_sn_voxels::v1758,0.00037728404,0.00047475804,-0.00010460729,-9.68935e-05,-0.00017937412,-0.00030331724,0.00025568856,6.783112e-05,8.974014e-06,0.00066761125
volume_sn_voxels::v1759,0.00038080435,0.00049445545,-5.830942e-05,-5.1375067e-05,-0.00012411262,-0.00062292774,0.00025346334,3.1113777e-05,3.3088185e-05,0.0006994408
volume_sn_voxels::v1760,0.00048617617,0.0006243631,7.83531e-06,-1.538156e-05,-8.566403e-05,-0.0009191855,0.00027912034,-9.839989e-05,9.0324495e-05,0.00080765097
volume_sn_voxels::v1761,0.0004648794,0.0005061272,5.8525704e-05,6.842479e-05,-8.221696e-05,-0.00084454205,0.0002450972,-6.202217e-05,1.5820853e-05,0.00054809486
volume_sn_voxels::v1762,0.00043888183,0.00044196463,0.00021092153,-8.5263244e-05,-8.049473e-05,-0.00073122187,0.00021303055,-1.8957699e-05,-7.1293834e-05,0.00035691875
volume_sn_voxels::v1763,0.0002269818,0.00012063082,-0.00032422546,0.0005004136,-0.00026865862,0.0006716069,0.0011227303,0.00027004626,0.00055136904,0.00032185065
volume_sn_voxels::v1764,0.00026033993,0.00040542526,-0.00034190205,0.00046985227,-0.00016310369,0.00076122343,0.0008478256,0.0003597293,0.0004884781,0.0005428882
volume_sn_voxels::v1765,0.000292815,0.00048303395,-0.00029843935,0.0003266467,-0.00015451228,0.00041977697,0.00056385016,0.00035183586,0.00042914177,0.0007603944
volume_sn_voxels::v1766,0.00037468912,0.00052090385,-0.000239181,0.000106718406,-0.00018689844,6.726177e-06,0.00043843494,0.00027724582,0.00028623382,0.000820481
volume_sn_voxels::v1767,0.00042839948,0.00045732726,-0.00013519988,7.282108e-05,-0.00010942267,-0.0004431403,0.00035862197,4.988199e-05,0.00018400754,0.0008893092
volume_sn_voxels::v1768,0.00044277482,0.0005632847,-0.0001363805,7.986154e-05,-8.16441e-06,-0.0009955609,0.00033810266,-6.914173e-05,0.00019912078,0.00088382186
volume_sn_voxels::v1769,0.0004817753,0.0006195987,-4.7462683e-05,0.00019342362,4.765162e-06,-0.0011886741,0.00032950417,-0.00018842019,0.00014286744,0.0008723748
volume_sn_voxels::v1770,0.00044581032,0.00057654746,4.103431e-05,0.00010508413,-6.652457e-06,-0.00128968,0.00025356235,-0.00011660732,-5.680152e-06,0.00057951914
volume_sn_voxels::v1771,0.00036224216,0.00041905956,0.00011683211,-2.1255979e-05,-7.3542484e-05,-0.0009562847,0.00017268394,-2.2880984e-05,-0.00017782098,0.00026799063
volume_sn_voxels::v1772,0.00041318612,0.00045497023,0.00034590805,-0.00027350744,-7.465327e-05,-0.00085029,0.0001835294,8.6045555e-05,-0.00036384928,-0.00010509013
volume_sn_voxels::v1773,0.0002325278,3.7258866e-05,-0.00019847335,0.0002428432,-0.00026317028,0.00036983474,0.00092342193,0.0002775529,0.00050202414,0.00036327858
volume_sn_voxels::v1774,0.0002568867,0.00025193926,-0.00025673377,0.00034158278,-0.00025417458,0.00067470473,0.0009184988,0.0004557029,0.0005191309,0.0006758684
volume_sn_voxels::v1775,0.00032402074,0.00035914083,-0.00029546197,0.0002755918,-0.00016940065,0.00048791314,0.00074362615,0.0005298878,0.00048971904,0.00079269643
volume_sn_voxels::v1776,0.00033708243,0.0005396896,-0.00024539934,0.0001496126,-0.00018545333,8.7726155e-05,0.00059877045,0.00036552106,0.00049181917,0.0010068392
volume_sn_voxels::v1777,0.00038017318,0.0005274297,-0.00019589833,0.00010998776,-4.3707983e-05,-0.000466583,0.0004955017,0.00015828683,0.00043894027,0.0010799785
volume_sn_voxels::v1778,0.00041468506,0.00067597005,-0.0001240424,0.00018003046,-4.495142e-05,-0.0010417779,0.0004451284,-8.41664e-06,0.000407387,0.001119915
volume_sn_voxels::v1779,0.00042891665,0.0007343899,-5.2445834e-05,0.00026542044,5.8257985e-05,-0.0014200428,0.00029270787,-7.973008e-05,0.0002779672,0.00086498127
volume_sn_voxels::v1780,0.00043653217,0.00060833566,4.5220342e-05,0.0002091379,-1.3066346e-05,-0.0014863813,0.00024102587,-0.00010000657,0.00010806815,0.00049612275
volume_sn_voxels::v1781,0.0003640759,0.00040909424,0.0001112417,3.1396703e-05,-7.3097155e-08,-0.001080305,0.00013783289,-3.8370425e-05,-0.000118815995,0.00018404072
volume_sn_voxels::v1782,0.00027673427,0.00034357852,0.00026179684,-0.00018041235,-5.6535053e-05,-0.00093069545,8.8366694e-05,2.4247072e-05,-0.00035438853,-0.00015518854
volume_sn_voxels::v1783,0.0003020603,6.7133085e-05,-0.00018792607,0.00011668713,-0.00020309245,0.0004031962,0.00083652284,0.00042884675,0.0004422167,0.0006516075
volume_sn_voxels::v1784,0.00029405302,0.00024323979,-0.0002436732,0.00010884732,-0.00022019628,0.00040573793,0.0007389638,0.0005176849,0.00043790406,0.0008659312
volume_sn_voxels::v1785,0.00037118123,0.0002594368,-0.00026269603,8.3404906e-05,-0.00018041597,0.0002252082,0.00074644905,0.0005066097,0.00048784193,0.0009938208
volume_sn_voxels::v1786,0.00046606731,0.000506485,-0.0002173964,7.934253e-05,-0.0001896655,-0.00028194627,0.0007752642,0.0003508119,0.0005807618,0.0011950928
volume_sn_voxels::v1787,0.0004733131,0.0005568814,-0.00018893997,0.00021180903,-8.16558e-05,-0.00090386457,0.0006273253,0.00011948959,0.00049590477,0.0011937411
volume_sn_voxels::v1788,0.00046457606,0.0006223735,-8.966085e-05,0.00027804205,-2.6846997e-06,-0.0012729751,0.00041469318,-4.511353e-06,0.00038213807,0.000799125
volume_sn_voxels::v1789,0.00038485808,0.00053032907,4.408633e-05,0.00020924745,3.5650498e-06,-0.0015073433,0.0002612918,-2.936828e-05,0.00020054991,0.0005348445
volume_sn_voxels::v1790,0.00030327312,0.00042926497,0.00013699323,2.31719e-07,3.554943e-05,-0.0011209369,0.00011648615,9.960456e-06,-7.8344856e-05,7.0401795e-05
volume_sn_voxels::v1791,0.00032014176,0.00037213866,0.00024448903,-0.00021120276,-2.4836521e-05,-0.001006594,5.942524e-05,5.916438e-05,-0.00031483086,-0.00017287773
volume_sn_voxels::v1792,0.00037762595,9.679519e-05,-0.00017063266,-8.90353e-05,-0.0002512107,0.00025042496,0.00073090655,0.00051502325,0.00034181893,0.0008138503
volume_sn_voxels::v1793,0.00043340735,0.00016769458,-0.00019940069,-3.071751e-05,-0.00023654416,-3.851092e-05,0.0006839662,0.0004775962,0.00046272788,0.0010070507
